2.
1.9900248
1.9603498
1.9117072
1.845308
1.7628074000000002
1.6660174
1.5573565999999999
1.4395292000000002
1.315042
1.1864158
1.0565042000000002
0.927754
0.803163
0.6844918
0.5738854
0.4725216
0.38210120000000003
0.3035028
0.23715599999999998
0.1832404
0.14167939999999998
0.1120032
0.09355139999999999
0.08540560000000001
0.08647079999999999
0.095499
0.11118519999999998
0.13230559999999997
0.15717019999999998
0.18493559999999998
0.21423319999999996
0.24405480000000002
0.27350620000000003
0.3017958
0.32782740000000005
0.3507508
0.3710768
0.38723599999999997
0.400028
0.409158
0.41493080000000004
0.41656960000000004
0.4145169999999999
0.4096056
0.4020502
0.39157319999999995
0.37924379999999996
0.36473959999999994
0.3489566
0.33055280000000004
0.31255
0.2945488
0.2760024
0.25750039999999996
0.2404584
0.22249179999999996
0.20649439999999997
0.19071880000000002
0.1760214
0.16131440000000002
0.14790580000000003
0.1361128
0.1257738
0.11683740000000001
0.10904100000000001
0.1017768
0.0946636
0.0889462
0.083124
0.0784126
0.07373339999999999
0.0702662
0.0678362
0.067035
0.0651562
0.061953
0.0603894
0.0609618
0.058992
0.0585768
0.052927199999999994
0.0521088
0.0535582
0.04822800000000001
0.0442368
0.043169599999999995
0.041928
0.051553400000000006
0.051594600000000004
0.0488672
0.051376
0.0538714
0.0649378
0.0686088
0.06450919999999999
0.054401
0.06968719999999999
0.0671492
0.07556399999999999
0.06281619999999999