2.
1.990019
1.9602986000000002
1.9115090000000001
1.8447378
1.7614623999999999
1.6635252
1.5530444
1.4324126000000001
1.3042226
1.1710622000000002
1.0356558
0.900695
0.7687193999999999
0.6421053999999999
0.5231250000000001
0.41368799999999994
0.3153432
0.22940139999999998
0.1568146
0.0981066
0.0534854
0.0227906
0.0055516
0.0009876
0.008056
0.025501000000000003
0.05191140000000001
0.0857208
0.1253358
0.1690678
0.2153438
0.2625592
0.30926300000000007
0.35415640000000004
0.396027
0.433894
0.4670174
0.4947488000000001
0.516639
0.5324974
0.5422908000000002
0.5461588
0.5443036
0.5371558000000001
0.5251836
0.5089278
0.4889798000000001
0.4659854
0.4406408
0.41346039999999995
0.38512960000000007
0.35619860000000003
0.32711379999999995
0.2984466
0.27047140000000003
0.2435742
0.2180178
0.1939636
0.1715878
0.15094259999999998
0.13209999999999997
0.1150258
0.09967000000000001
0.085981
0.0738584
0.0631822
0.053869999999999994
0.045789800000000005
0.0388128
0.032820199999999994
0.027708000000000003
0.0233494
0.019659799999999998
0.0165422
0.0139294
0.0117374
0.0099128
0.0083852
0.007103
0.006042199999999999
0.0051748
0.004459599999999999
0.0038618
0.003374
0.0029831999999999997
0.002669
0.0024174
0.0022256000000000003
0.0020828
0.0019846
0.0019178
0.001883
0.0018780000000000001
0.0018988000000000002
0.0019454
0.0020182000000000004
0.0021248
0.0022708
0.002472
0.0027424
0.0030862
0.0035152000000000004
0.004053
0.0047232
0.0055444
0.006511399999999999
0.0076348
0.008932600000000002
0.010383199999999999
0.011982
0.0137192
0.015540599999999998
0.0174038
0.0192612
0.0210502
0.0227032
0.0241438
0.025279000000000003
0.026052399999999996
0.026401400000000002
0.0262658
0.0256128
0.024414599999999998
0.022705200000000002
0.0205228
0.017970400000000004
0.015127400000000003
0.012190999999999999
0.0093252
0.0067646
0.004762799999999999
0.0035868000000000002
0.0035246
0.0048436
0.0078522
0.012783
0.0198668
0.0292752
0.041105600000000006
0.055408400000000003
0.07211479999999999
0.0911018
0.11213500000000001
0.1349128
0.15903499999999998
0.18399159999999998
0.20923759999999997
0.2340704
0.2579232
0.2801378
0.2999364
0.3167378
0.3299284
0.3389938
0.343533
0.3432566
0.33801500000000007
0.3278256
0.3128498
0.2934882
0.2702434
0.24377639999999995
0.2149254
0.1846204
0.1539422
0.1238764
0.09562760000000001
0.0702942
0.04899679999999999
0.03268359999999999
0.022248800000000003
0.018408
0.021679999999999998
0.032365200000000004
0.050634599999999995
0.0762534
0.1089206
0.1479692
0.192592
0.24170919999999999
0.2941632
0.34867919999999997
0.40369779999999994
0.45781320000000003
0.5095368
0.557349
0.599932
0.6360939999999999
0.6647997999999999
0.6850538
0.6964233999999999
0.6986266000000001
0.6914619999999999
0.6750360000000001
0.6497914
0.6167238
0.5765574000000001
0.5304188000000001
0.4796506
0.4256354
0.3699038
0.3139408
0.259478
0.20785599999999999
0.16046180000000002
0.11850039999999999
0.0830562
0.0550094
0.0350028
0.023375600000000003
0.0204276
0.025992599999999998
0.039766800000000005
0.0613278
0.08983759999999999
0.124499
0.16428360000000003
0.20799000000000004
0.254624
0.3027534
0.3512618
0.398988
0.44474559999999996
0.4876214
0.526724
0.5611694
0.5904454
0.6140054
0.6315565999999999
0.6430662
0.6483958000000001
0.6477299999999999
0.6412427999999999
0.629367
0.6125590000000001
0.5913312000000001
0.5662968000000002
0.5381068
0.507451
0.47473220000000005
0.4407171999999999
0.4060484000000001
0.371231
0.33683739999999995
0.303193
0.2707638
0.239857
0.21071980000000004
0.18362260000000002
0.158667
0.1359002
0.11543459999999998
0.09724340000000001
0.081276
0.0674072
0.0556476
0.0458852
0.0379034
0.0316748
0.0269656
0.023749399999999997
0.0218398
0.0211474
0.0214262
0.0227426
0.024924
0.0277404
0.0312394
0.035276999999999996
0.0398544
0.0449012
0.0501736
0.055681800000000004
0.061493200000000005
0.0674444
0.0734832
0.07948580000000001
0.085446
0.09133179999999999
0.0970402
0.1025436
0.1076654
0.11225719999999999
0.11651439999999999
0.12013320000000001
0.12324159999999999
0.125688
0.1272286
0.1280864
0.1282068
0.12758180000000002
0.1260752
0.1238764
0.12101619999999999
0.1173748
0.1132012
0.1083982
0.1032182
0.09760759999999999
0.09190259999999999
0.0859948
0.07997180000000001
0.0741238
0.06831860000000001
0.0627974
0.057531599999999995
0.052667399999999996
0.048226200000000004
0.044155
0.0406732
0.037756599999999994
0.0352764
0.03336940000000001
0.0320144
0.0312852
0.0312172
0.0319108
0.0333522
0.035710599999999995
0.039039000000000004
0.043547999999999996
0.049333
0.056326999999999995
0.06492440000000001
0.075157
0.08718160000000001
0.10116339999999999
0.1170622
0.1348634
0.1544954
0.1757974
0.1986322
0.22288419999999998
0.24828360000000002
0.27405139999999995
0.3001112
0.3257608
0.35034099999999996
0.3732206
0.39373359999999996
0.4112198
0.42511960000000004
0.43530879999999994
0.44094180000000005
0.44164519999999996
0.43706480000000003
0.42709279999999994
0.4119828
0.3917586
0.3670272
0.3378514
0.3056812
0.2710438
0.2347554
0.19829519999999998
0.16293839999999998
0.129944
0.10047100000000002
0.0761768
0.05812160000000001
0.0472386
0.0448994
0.0519648
0.0688846
0.09595100000000001
0.13336599999999998
0.1811028
0.2387128
0.3053836
0.38016459999999996
0.46216479999999993
0.5497278
0.6411946000000001
0.7349517999999999
0.8287726000000001
0.9208826
1.0092953999999998
1.0923265999999998
1.1685209999999997
1.2358426
1.2929410000000001
1.3384852
1.3710934
1.3905534000000002
1.3970616000000002
1.3898616000000001
1.3688768
1.3355618
1.2900028000000001
1.2330606
1.1671094
1.0927019999999998
1.0116836
0.9258141999999999
0.8372771999999999
0.7473686
0.658103
0.5711272
0.4878836
0.40986519999999993
0.33789959999999997
0.2732666
0.217022
0.1696024
0.131135
0.10188459999999999
0.081816
0.0705556
0.0680212
0.07307440000000001
0.08488019999999999
0.10268599999999999
0.12564879999999998
0.1524684
0.1821488
0.21410839999999998
0.2468038
0.27956380000000003
0.31175499999999995
0.342675
0.3710508
0.396772
0.41926240000000004
0.4382726
0.4528846000000001
0.463993
0.47077
0.47368000000000005
0.472511
0.4676094
0.45902180000000004
0.447453
0.4330878
0.4162564000000001
0.3977558
0.37745740000000005
0.35540199999999994
0.3323924
0.30907039999999997
0.2855936
0.2618686
0.2386596
0.21616300000000002
0.19461520000000002
0.1740478
0.15457060000000003
0.13628900000000002
0.11977760000000001
0.104606
0.09083
0.0786896
0.0681416
0.0595246
0.0520288
0.046087199999999995
0.042204399999999996
0.0397974
0.0389324
0.0394158
0.041328
0.04490700000000001
0.0496418
0.0552892
0.062011599999999986
0.0695706
0.077447
0.08587499999999999
0.0944768
0.10347279999999999
0.1127902
0.1216418
0.129677
0.13744640000000002
0.1445044
0.15057179999999998
0.15554479999999998
0.1590318
0.1609696
0.1618104
0.1607396
0.1585316
0.154358
0.14963900000000002
0.14346520000000001
0.1362432
0.12788660000000002
0.11905980000000001
0.10983720000000001
0.10010400000000001
0.0903516
0.08136020000000001
0.07321899999999999
0.06561140000000001
0.058961
0.054493400000000004
0.051196399999999996
0.0492008
0.049543199999999996
0.0512618
0.05439000000000001
0.058990600000000004
0.064943
0.0714986
0.07994799999999999
0.0880054
0.09619280000000001
0.10415320000000002
0.11188440000000002
0.119146
0.12498020000000001
0.1299482
0.1332972
0.1355102
0.1354974
0.13364199999999998
0.1308444
0.12693759999999998
0.12155779999999998
0.1158358
0.10880100000000001
0.10264980000000001
0.09613280000000002
0.09034119999999998
0.0847458
0.07955119999999999
0.0761078
0.0746066
0.07330060000000001
0.0734318
0.07498859999999999
0.078141
0.0825978
0.0873834
0.0929558
0.09966919999999999
0.1051882
0.11050039999999998
0.11560979999999998
0.11873740000000002
0.1216094
0.1236138
0.12435719999999999
0.12246160000000002
0.11984299999999999
0.11632499999999998
0.11132039999999999
0.10539000000000001
0.0991052
0.0923534
0.0871948
0.0823712
0.0787358
0.0784456
0.0798246
0.08433779999999999
0.09087379999999999
0.1009764
0.11510799999999999
0.13246339999999998
0.15263939999999998
0.17580179999999998
0.20221460000000002
0.2304854
0.2604356
0.29109299999999994
0.32326940000000004
0.3541254
0.3834086
0.41079220000000005
0.43499940000000004
0.45628899999999994
0.4752598
0.4892392
0.49711419999999995
0.5001782
0.49867059999999996
0.4916694
0.4802054
0.46465860000000003
0.44445439999999997
0.4201058
0.3928824
0.3625442
0.33070200000000005
0.2983888
0.2666312
0.2354804
0.2053522
0.1780194
0.154202
0.1331656
0.11636360000000001
0.104801
0.0995402
0.09829639999999999
0.1025566
0.11170460000000001
0.1254526
0.143622
0.16557919999999998
0.19092800000000001
0.22033680000000003
0.2514906
0.28386680000000003
0.317642
0.35001299999999996
0.38341440000000004
0.41767940000000003
0.44806280000000004
0.478921
0.5063446
0.5308358
0.5526976
0.5717742
0.5898514
0.5999657999999999
0.6097322000000001
0.6160124
0.6174516000000001
0.6155292
0.6114828
0.6052544
0.5925967999999999
0.5795756
0.5630668
0.542624
0.5218518
0.49956659999999997
0.4764506
0.45122
0.42379740000000005
0.3982582
0.3717536
0.34438500000000005
0.31741080000000005
0.29101299999999997
0.2641248
0.2381018
0.2148336
0.1934274
0.1723188
0.1530868
0.1356884
0.11986999999999999
0.1074898
0.096347
0.084621
0.07644880000000001
0.07156839999999999
0.0665084
0.0642688
0.06476420000000001
0.0678296
0.07193240000000001
0.07894219999999999
0.0871626
0.09825320000000001
0.11000020000000002
0.1241198
0.1372598
0.15297280000000002
0.16793760000000002
0.184582
0.20183979999999999
0.2175112
0.233336
0.24710240000000003
0.2593338
0.2693324
0.27423080000000005
0.2804544
0.28495599999999993
0.2883474
0.2887276
0.2863794
0.28179180000000004
0.2738618
0.2653146
0.2555698
0.2436718
0.23277200000000003
0.2173296
0.20316779999999998
0.18781219999999998
0.17276539999999999
0.16404939999999998
0.1538248
0.14086839999999998
0.1293908
0.11872279999999999
0.10774999999999998
0.09753959999999999
0.0908634
0.0850208
0.0780552
0.0732072
0.070895
0.06501359999999999
0.0651154