0.
0.
0.
0.
0.
0.
0.
0.
0.
4.4721359549996883e-7
5.477225575051794e-7
8.366600265340052e-7
8.366600265341866e-7
1.0954451150103588e-6
2.1679483388677876e-6
2.880972058177969e-6
6.4575537163853755e-6
6.819090848492879e-6
5.683308895352769e-6
0.000010310189135026156
0.000022038602496529133
0.000032480763537821626
0.00005859351499952883
0.00007082231286819113
0.0000766159252375125
0.00008527426340930099
0.0000902535317868518
0.00014470072563743831
0.0001753981185759976
0.00017078436696606466
0.00016537442365734592
0.00019162854693390797
0.00018853699902141027
0.00029032275143363876
0.0003752865571799721
0.00048132546161614516
0.0005767269717986207
0.0006166147906108002
0.0008411184815470286
0.0008734961362249983
0.0008634790095885369
0.000933361826946014
0.0010110374869410131
0.0009842884231768697
0.001224653297876586
0.00137123404275127
0.0014679508506758659
0.0014380066759233064
0.001201779305862766
0.0011892776378962125
0.0012854367740188556
0.0010982406384759296
0.001159092015329243
0.0008805161554452103
0.0009048183243060437
0.0006320817194002711
0.0008449847927625687
0.0008602679815034395
0.0013046916493945997
0.001019713194971997
0.0009318658701766039
0.0014918562263167333
0.0012635116540815935
0.001422799810233328
0.0014709043136791721
0.0017662804986751113
0.0012942541481486573
0.0025457846138273407
0.0022102165730986624
0.0021175408378588537
0.003320792179586068
0.0034293777423900053
0.0033111363608284063
0.004013516575274108
0.006105313611928547
0.008739776066925284
0.012316637434787149
0.01260627438222729
0.013904133701888808
0.019278380850061033
0.026200047906444743
0.025643959624051818
0.03133821376211477
0.029317451406969206
0.03390661724796504
0.02784452447609764
0.021544787891738453
0.027138095975952313
0.03514693860494822
0.045650031383340804
0.04537897465016148
0.04131691406070884
0.04558658976278003
0.04429118269475315
0.03815317312753947
0.046551093950625906
0.050139904769554565
0.05510369677526184
0.05376731286292815
0.051520968680722604
0.0568958286739898