0.
0.
0.
0.
4.e-6
0.000012
0.000038
0.000094
0.000202
0.00039620000000000004
0.0007204000000000002
0.0012272
0.0019802
0.0030527999999999996
0.0045232
0.006475400000000001
0.0089832
0.012126000000000001
0.015964600000000002
0.0205506
0.025886199999999998
0.031976
0.038814799999999997
0.0463064
0.054359000000000005
0.06287419999999999
0.0716788
0.0805674
0.089398
0.09791239999999998
0.10598479999999999
0.113493
0.12004719999999999
0.1256266
0.130098
0.1333812
0.135317
0.13602039999999999
0.1354584
0.13389
0.131263
0.1279486
0.12362759999999999
0.11859519999999998
0.1133788
0.1080314
0.10236020000000001
0.0970512
0.091886
0.08686540000000001
0.08247679999999999
0.07837400000000001
0.0747696
0.07134979999999999
0.0683612
0.06642459999999999
0.06466559999999999
0.06337299999999998
0.0619374
0.06093799999999999
0.060236
0.05964499999999999
0.05963620000000001
0.059566600000000004
0.06072799999999999
0.06074040000000001
0.06249640000000001
0.0646774
0.0690044
0.0724612
0.0766428
0.0810022
0.088172
0.0959606
0.10206839999999999
0.11338580000000001
0.1254818
0.13923139999999998
0.15109
0.1634152
0.17576039999999998
0.1942922
0.21031339999999998
0.21965099999999999
0.2312868
0.23819239999999997
0.25630739999999996
0.2672902
0.2705324
0.2740074
0.2847456
0.289031
0.2849288
0.282008
0.2812412
0.28385099999999996
0.2953114
0.2899656
0.250949
0.23805939999999998
0.20847500000000002