0.
0.
0.
0.
0.
0.
0.
0.
0.
0.
0.
4.472135955000173e-7
5.477225575052388e-7
4.472135955000173e-7
7.071067811866414e-7
1.2247448713917516e-6
2.073644135332629e-6
2.774887385102221e-6
3.4351128074639897e-6
4.549725266430371e-6
4.301162633520775e-6
6.465291950098837e-6
7.98122797569269e-6
9.444575162493309e-6
9.813256340278721e-6
0.00001219426094521428
0.000010237187113655311
0.000011335784048754953
0.000017739785793520402
0.000019183326093253426
0.000013183322798145307
0.000024855582873875957
0.000030512292604779072
0.000026082561223928657
0.00003223817612707327
0.000037527323379112376
0.0000526241389478287
0.00007143388551660113
0.00008417422408314779
0.00009574549597762073
0.00010084740948582062
0.00009333166665178619
0.00008957287535855664
0.00009396967595985704
0.00009991846676165567
0.00009633431372050299
0.00008809824061807273
0.00009611087347433877
0.00009793620372467104
0.00010208476869739311
0.00010269225871505609
0.00009782024330372571
0.00008816178310356459
0.00009080583681680378
0.00008917286582812008
0.00009727281223445762
0.00010058479010267901
0.00010338907098915254
0.00010447152722153535
0.00011194328921378005
0.0001178078944723146
0.00012126499907227971
0.00012537822777500084
0.00012746293578919324
0.0001331333917542853
0.00014073805455526233
0.00014869532608659895
0.00015350146579104707
0.00015785024548603012
0.0001566853534954688
0.00016283519275635746
0.00016786095436402057
0.00017734345209225998
0.0001791136510710453
0.00018243985310232997
0.00018997026083047923
0.00020018541405407206
0.00021064614878986028
0.00020642916460616596
0.00022194368655134025
0.00023687063980156522
0.00025841342844364887
0.00027310217868042425
0.0002818054293302432
0.0002625648491325502
0.00024197272573576697
0.0002632512108234275
0.0002819054806136226
0.00029441008814237225
0.0002939324752387763
0.00032948778429556165
0.00028120579652631797
0.00026961602326271123
0.0003002578891553143
0.00030804983363085203
0.0003715518806304176
0.0003647385364888094
0.00037218436291708046
0.00034951294682742913
0.00034698659916487204
0.0003766552800638731
0.0003734096945715322
0.00039228713973312634
0.00037338277946365054
0.0003529485798243133
0.000351996022704803
0.00034301384811695316
0.0003373095017932344
0.00030509621433246273
0.0002850303492612675
0.0002639910983347736
0.000263615818948712
0.00022578596059099834
0.0002216686716701321
0.0002231461404550851
0.00022404084449046598
0.00018820866079965356
0.00018999473676920036
0.00017858667363496606
0.00018841098694077972
0.0002322800034441249
0.0002918016449576523
0.0002945890357769656
0.00036231160621762594
0.000339764918730577
0.0002921511595047951
0.00027933438742840767
0.0002905947349832678
0.00022599513269094996
0.00028824763659049136
0.00033531134785449545
0.0004741687463340466
0.0004603663758355864
0.0004700370198186721
0.000403741625300138
0.0004960080644505944
0.00056394831323448
0.0005583630539353321
0.0005832883506465738
0.0005867821571929404
0.0005606855625036117
0.0005952026545639774
0.0006074542781148251
0.0006104336982834476
0.0005975253132713341
0.000560854704892452
0.0005002794219233879
0.0004530025386242348
0.000425906914712592
0.00042987579601554734
0.00038942175080495915
0.00035823218727523606
0.0003472139110116417
0.0003210898628110211
0.00032202282527796076
0.0003393975544991449
0.0003553613653733338
0.0003783334508076176
0.0003983695520493504
0.00041475209463003303
0.00043155706459285326
0.00042354893459906154
0.00043621932556914527
0.0004553265860895889
0.00046750860954639117
0.00048814465069280447
0.00048689495787079145
0.0005167973490644087
0.0005088666819511767
0.0005025766608190238
0.0004983969301671102
0.00048123040219836497
0.000493999696356182
0.00047813512734372517
0.0004961972390088442
0.0005085039822852914
0.000504333024895257
0.0004982223399246564
0.00047944582592822723
0.0004751181958207872
0.00045668183673100036
0.0004358889766901659
0.0004099898779238335
0.0004039756180761408
0.00039802424549265834
0.00039370839462729264
0.0003739478573277295
0.00036892234955339853
0.00035716060813029203
0.0003521126240281652
0.00032853888658726537
0.00033412527590710636
0.000335464901293712
0.0003117678623591598
0.00030251330549250225
0.0002882819800126259
0.0002486115443819936
0.00024079306468418048
0.0002191613560826817
0.00021928907861542052
0.00024774644296134726
0.00026105018674576737
0.00025250049504901926
0.00022635547265308182
0.0001908069705225681
0.0002012105862026155
0.00023703438569119083
0.00022741328017510302
0.0002127059002472667
0.00025248306873927373
0.0003083236935430036
0.00033932653889727054
0.00038392798803942393
0.0004632199261689878
0.0005118707844759279
0.0005682738776329589
0.0006120901077455861
0.0006343881304059819
0.000665305944660049
0.0006625433570718246
0.0006381943277717232
0.0006640163401603899
0.0006733561464782199
0.0007340645067022396
0.0006926930777768743
0.0006342777782643846
0.000606622864719096
0.0005654593707774194
0.0004977519462543554
0.0004227573772271761
0.00036876388109466373
0.000357433630202868
0.000303998684207678
0.0003143568036483379
0.00031353947119940105
0.00032457926612770616
0.00034785442357400034
0.00038860738541617886
0.0003870443127085056
0.00045522653701206576
0.000589212185888921
0.0006368987360640584
0.0006157448335146701
0.0006464104733062396
0.0007680408192277267
0.0007199480536816494
0.0007630941619485747
0.0007452944384603951
0.0007059657923724216
0.0008483284741183617
0.0008732555754187756
0.0009002903975940097
0.000862781432345404
0.0009023906027879576
0.0009410242823647241
0.000992361980327722
0.0009827514945295256
0.0011636748686811237
0.0012862055434493956
0.0014004790965951594
0.0013771540581939093
0.0013096244881644502
0.0013817833404698625
0.00139268984343248
0.0014901196260703362
0.0014216734153806084
0.001320881788806257
0.0013117138788623299
0.001378551594972056
0.001322567503003146
0.001349387824163229
0.0012443589916097517
0.0011742027082237516
0.0010287111839578755
0.000990561608381829
0.0008911489774442874
0.0008428420967180048
0.0007359209876066852
0.0007154624378679855
0.0006093667204565748
0.0005179080034137351
0.0004888938535101447
0.0005452864384889829
0.0007359818611895278
0.0009036637649037378
0.0010362471712868505
0.0012135688278791603
0.001453339086380051
0.0016235157837237002
0.0017034799675957407
0.0018385718642468193
0.001734805032273074
0.0017815555843138904
0.0018842643657406481
0.001893744359727574
0.0018917362924044067
0.00178434147516668
0.0017447494089410038
0.0016402863164703858
0.0015326207293391203
0.0014016782084344517
0.0013472079275301167
0.001345788170552852
0.0012945955739148806
0.0011467252504414455
0.0010786242626605448
0.000990206291638262
0.0009595828260238904
0.0009027604887233392
0.0008342180170674803
0.0008531236721601378
0.0009165218491667292
0.0009710663211130321
0.0009771508583632307
0.0009339169127925678
0.0009634836791560103
0.000953285476654292
0.0009121999232624402
0.0009346120585569178
0.0010248774073029418
0.0009831178464456834
0.0010900723829177568
0.0011061695168463105
0.0011580769836241455
0.0011662029411727626
0.0012249790610455358
0.0011871458208661644
0.0011085567193427678
0.0010963105399475106
0.001146767631213926
0.0012235729238586485
0.0012560550545258752
0.0011553113433183278
0.0012464191510081991
0.0012204639691527177
0.0011590710935917613
0.0009501547242423188
0.0009161421832881614
0.0009201084175248055
0.0008367977652933799
0.0008275174922622514
0.0008798162876419092
0.0006659371591974708
0.0006188139461906155
0.00043734540125625935
0.0004644903658850216
0.0005292217871554373
0.0006991997568649472
0.0006930579340863177
0.0005921304754866129
0.0004954808775321193
0.00041303026523488234
0.0005084356399781591
0.0006183837805117475
0.0007655754698264577
0.0008632347305339367
0.0010395569729456833
0.0012374573528004863
0.001251655503722966
0.0013570942119101414
0.001314409563264057
0.0014042997543259764
0.0014141255955536663
0.0014169875440525179
0.001594925233357351
0.0017244784718865038
0.0016830479196980682
0.001518287950291384
0.0015530630058049797
0.0013704180748953928
0.001379027628439694
0.0012355725393516969
0.001143106862896029
0.001311242044780443
0.0012701455428414472
0.0011092825158632923
0.0010866929189057965
0.0011356023511775567
0.0013072942667968794
0.0015193962616776462
0.0017096087856582867
0.001886651610658419
0.002220113735825264
0.0027091692453591705
0.0029098156642646624
0.0029817473903736382
0.0031006817476161587
0.0032272990564867076
0.00300008663208248
0.0028716782201353972
0.0029824893461670578
0.0030020793960187004
0.0026798645488158514
0.002728277790108626
0.002552932079002492
0.002592621973986954
0.0026273088322464116
0.002569398120183016
0.0024870635898585304
0.002320951787521663
0.0021610668661566196
0.002194486454731494
0.0021009827938372094
0.002019159107153271
0.0017230018862438893
0.0015280745073457647
0.0012650028458466005
0.001183103418979084
0.0010564808091016139
0.0010170932602273984
0.0008328629539125864
0.0008669813723489093
0.0010639476960828491
0.0013187887245499161
0.001378545138905507
0.00171351057773216
0.001820909168519948
0.0018374622989329567
0.0020280958557228005
0.0021524758302940337
0.0023517765199950443
0.0021937100993522345
0.0021801502700502114
0.0023705703533116224
0.0023562037899978023
0.0025114247948126982
0.00262243308780224
0.002669594295019376
0.002372913652032031
0.002180264823364357
0.001981142927706131
0.001607908019757351
0.0016290172804485548
0.0017040457740330791
0.001800194433943179
0.0018975380892092813
0.0017486799306905751
0.0017273834258785719
0.0019877798419342123
0.001960195219869694
0.0019142290092880733
0.002082068754868581
0.00217966678646072
0.002079066930139578
0.001998276707565797
0.002547188705219931
0.0025109114878864194
0.0026917562111008477
0.0029338684871684346
0.002963308573199893
0.003014916632346576
0.002831098143830411
0.002917155429523771
0.0031463990052121487
0.0031598164820128426
0.003343426341345057
0.003460534756363534
0.003574695889163158
0.00336731802774849
0.0031014758906043396
0.002547922820652151
0.0026199420413436586
0.0026329167666297366
0.002126439441884014
0.001977859120362215
0.001784159522015896
0.0016431966711261375
0.0017079605674605155
0.0016473351814369867
0.0022822623205933064
0.002617875990187473
0.003373144897569625
0.0037725475875063537
0.004181243953657825
0.004972804058074264
0.004788618986722588
0.004859864020731447
0.005126811553002512
0.0055649070342639155
0.0060001100573239515
0.006012459746227
0.0061681528272247
0.005424744832708712
0.005258410624894164
0.00491903300456502
0.004822497174701107
0.004956401991364295
0.004597935297500392
0.004738238987218773
0.00470504794874611
0.004015962313070176
0.003954430515257539
0.003989659296230699
0.004841993318871886
0.004777314130345629
0.005111330501933919
0.004955251083446734
0.005203744834251578
0.004876472772404249
0.0054818374018206694
0.0054223709574318145
0.005057685211635852
0.00537883209442347
0.005544277076409518
0.0058776221637665705
0.005895802617116691
0.006629048476214366
0.0067760284311682165
0.006713404367383209
0.007142188656147354
0.008010514090868327
0.008300215840567034
0.009128455110258258
0.009221452906131439
0.008777393593772581
0.009609011124980544
0.009577724651502572
0.009297054415243573
0.00981045764987547
0.009997078908361174
0.008945578751539777
0.008475305616908454
0.007702390732753047
0.007618207059407083
0.007544656274476651
0.006749507663526288
0.005933974705035396
0.005551258758155665
0.004907790826838485
0.00434315987502187
0.004178832576210732
0.003544898757369526
0.0030708061319464647
0.0025395724049532453
0.0016571363251102786
0.0015129050532006283
0.001660469421579334
0.0024026134728665797
0.002790170102341434
0.002180669438498187
0.0024140438686983305
0.0026059645623070175
0.003089375794557859
0.0017604863816570694
0.0013074721794363333
0.0014718453383423134
0.0015213695474801643
0.0019490103129537304
0.001392845755997412
0.0015089525174769405
0.0019800279543481193
0.00240274711528284
0.0024344149194416307
0.002050518056492067
0.0015923267566677391
0.0009797319531382033
0.0018955960803926576
0.002148826772915861
0.0017839154408211184
0.002001235293512482
0.002161863501704028
0.002515341189580452
0.0032697189940421503
0.003911947635130102
0.003599846427279919
0.004662241767647834
0.004975407420503372
0.005939165909452268
0.0070681014989882555
0.006657745151325635
0.006752203233019573
0.007100560942629813
0.007534993112140183
0.007907194015578472
0.00781538956162775
0.007218403473067989
0.007996058078828593
0.0080025303998173
0.00802842234190504
0.007846628976828203
0.008296868397172514
0.007872013859235768
0.007141450622947694
0.0068638485195988965
0.006731872733496973
0.006473847889779307
0.005192702937777205
0.005111004079434884
0.005636621168749948
0.004466559828324256
0.0058027229384143425
0.00625664548300445
0.005688308597465508
0.005535425475968402
0.006549032050616335
0.007291087621198917
0.007059250548039787
0.008290041061418212
0.009910350488252163
0.012227417564637282
0.012883418905709779
0.014052323693966074
0.014201474789612532
0.014426400573254573
0.015119382437784957
0.01539893523916507
0.013981177124977706
0.01439508286533982
0.01436591477073425
0.013009819376148157
0.012762617494072292
0.012630692134637755
0.013563684923353242
0.013760646768956756
0.010744456161202391
0.010739338969415205
0.01030027260318871
0.011281338674997749
0.009667894719120605
0.010152454299330775
0.008082447834659988
0.005905818038172193
0.005792064252060745
0.0037149960565254995
0.002761798634947884
0.0026917697338368265
0.00275250516802421
0.0032584062515285048
0.0023790764384525325
0.002263153706666869
0.004367918291360309
0.004809348261459135
0.008772794953719156
0.010653252343768082
0.012980256538296937
0.015165026815010904
0.01581742930124866
0.01906885016984505
0.019961770169501503
0.021097705616962212
0.02172746258309973
0.02275951041872383
0.02073847223881258
0.01760432175063841
0.017538960778791867
0.017085226416410193
0.017310137743530515
0.019038776528443206
0.01753960830520456
0.017869583523406483
0.017714172721298594
0.015667098126328317
0.015659640752584334
0.014033354898241548
0.014674644435215463
0.01597337012029711
0.016466182672374322
0.014028281886959643
0.013673506327932128
0.011561596005742454
0.01121856157000531
0.012360303596595028
0.012466278506434872
0.010965513827450132
0.008020556632802983
0.008078453428720126
0.006534980221852245
0.00858517051082854
0.00831526313474204
0.008848859276765566
0.010795970646495852
0.012666190875713189
0.013764632207218611
0.01565746835219538
0.01613959897890899
0.01963233538578638
0.021932965091386977
0.02505122102413374
0.027534664339700966
0.029306561975093563
0.030717123245837977
0.0325949183769495
0.03330511024902935
0.03365444077384142
0.034292932474491
0.03439194858829607
0.03471194575070662
0.03522713819912143
0.03651615600251483
0.0348263455920945
0.03609888559637264
0.03438674657044484
0.030588157814749155
0.02881837793492201
0.027782073119189645
0.0256755515169587
0.02407610451671948
0.02474335654675816
0.02621937291393522
0.027897027596143646