0.
0.
0.
1.e-6
3.e-6
0.000013
0.000038
0.000094
0.000203
0.0004
0.000728
0.0012418
0.0020085999999999997
0.0031042
0.004612
0.006619
0.009214400000000001
0.012478199999999998
0.016483599999999998
0.0212872
0.026924000000000003
0.0334026
0.0406962
0.0487518
0.0574774
0.06674820000000001
0.0763924
0.086229
0.0960322
0.105572
0.1145784
0.1228194
0.13003800000000001
0.13602039999999999
0.1405744
0.1435314
0.14476640000000002
0.1442554
0.14196360000000002
0.13793919999999998
0.1322912
0.1251754
0.1167954
0.1073904
0.0972328
0.0865986
0.07578960000000001
0.0651116
0.0548
0.0451076
0.03623420000000001
0.0283206
0.021478
0.0157458
0.0111206
0.007533
0.0048944
0.0030716
0.0019124000000000003
0.0012556
0.0009471999999999999
0.0008392
0.0008291999999999999
0.0008525999999999999
0.0008920000000000001
0.0009882
0.0012444
0.0018172000000000002
0.0029192
0.0048064
0.007777400000000001
0.0121344
0.0181932
0.026241200000000003
0.0365566
0.049284800000000004
0.0645868
0.0824916
0.10290599999999998
0.125645
0.1503692
0.176727
0.20413959999999998
0.2320104
0.2596184
0.28620959999999995
0.31100679999999997
0.3332078
0.3520675999999999
0.3669546
0.37715979999999993
0.3823052
0.3819826
0.37607660000000004
0.3646228
0.3477624
0.3259648
0.2997868
0.2699606
0.2374888
0.20331079999999999
0.1686534
0.13460679999999997
0.10241319999999998
0.0732672
0.0482362
0.028399999999999998
0.014591799999999999
0.0074768000000000005
0.0075774
0.0151596
0.030259400000000002
0.052694399999999995
0.08203799999999999
0.1176858
0.1587774
0.20431
0.25313800000000003
0.30398519999999996
0.3555828
0.40656400000000004
0.45565819999999996
0.5016108
0.5432618
0.5796062
0.6099306
0.6334568
0.6497886000000002
0.6586196
0.6599208
0.6538198
0.6407579999999999
0.6211321999999999
0.5957343999999999
0.5651803999999999
0.530334
0.4921462
0.45165160000000004
0.40973560000000003
0.3673524
0.3252376
0.28419819999999996
0.2450102
0.20820660000000002
0.174143
0.14325300000000002
0.1157
0.0916294
0.07100619999999999
0.053732199999999994
0.0396664
0.028512400000000004
0.020016
0.013836200000000002
0.009650800000000001
0.0070948
0.0058612
0.0056002000000000005
0.0060754
0.007019599999999999
0.008221000000000001
0.009484799999999998
0.0106966
0.011742399999999998
0.012585599999999999
0.0131598
0.0134682
0.013521
0.013330400000000001
0.0129586
0.012428
0.0117498
0.0110028
0.0102238
0.009409200000000001
0.0086264
0.0078426
0.007103999999999999
0.0064304
0.0058214
0.0052864
0.0048098
0.0043672
0.0039814
0.0036475999999999995
0.0033805999999999997
0.0031670000000000005
0.0029781999999999994
0.0028528
0.0027834
0.0027726
0.0028968
0.0030928
0.0034298
0.0039204
0.004582
0.005497800000000001
0.0066724
0.008222799999999999
0.0101692
0.0125294
0.015409200000000001
0.018859
0.022900399999999998
0.027590399999999998
0.0329218
0.0388994
0.0455104
0.0526966
0.0603282
0.068325
0.0765
0.0847572
0.09280819999999998
0.1004072
0.10736679999999998
0.1133594
0.1181956
0.121658
0.12353220000000001
0.123627
0.1217668
0.117893
0.1120752
0.1044302
0.0952324
0.0846966
0.0732264
0.061316999999999997
0.04957840000000001
0.0385314
0.028888599999999997
0.021475799999999996
0.0169112
0.015893
0.0191608
0.0271878
0.0405758
0.0596454
0.0846772
0.11563599999999999
0.15242
0.1947588
0.242242
0.2940252
0.3493378
0.4073402
0.46668840000000006
0.5261542
0.5845788000000001
0.6403926
0.6925614
0.7397776
0.7810356
0.8148752
0.8406186
0.8578619999999999
0.8657352000000001
0.8643778
0.8536168
0.8338194
0.8051193999999999
0.7687421999999999
0.725284
0.6758280000000001
0.6216674
0.5640411999999999
0.5044403999999999
0.44417399999999996
0.38466259999999997
0.327064
0.27268459999999994
0.222451
0.1772522
0.1377394
0.104451
0.0775936
0.05731580000000001
0.043429
0.0355496
0.0332338
0.0358202
0.0426944
0.0529316
0.0657338
0.0800332
0.09517439999999999
0.110295
0.124793
0.13786199999999998
0.14913099999999999
0.15811
0.16461540000000002
0.16849320000000004
0.1697762
0.16840919999999998
0.164626
0.158673
0.15102880000000002
0.1418536
0.1317374
0.12095619999999999
0.10996360000000001
0.0989892
0.0885176
0.0787756
0.069975
0.0621018
0.05538800000000001
0.0498792
0.045313
0.0417756
0.0391346
0.0372946
0.036021399999999995
0.035308400000000004
0.0347838
0.0345258
0.0343202
0.0340858
0.0337248
0.0335016
0.033026
0.032589400000000004
0.0321446
0.031759800000000005
0.0316412
0.031627
0.032033400000000004
0.032867
0.0342118
0.0358656
0.038103399999999996
0.0410208
0.0443886
0.04800140000000001
0.052115999999999996
0.056398000000000004
0.060793
0.065227
0.06968579999999999
0.0738772
0.0777816
0.0812552
0.084333
0.0868004
0.0888918
0.0902474
0.0910884
0.09128299999999999
0.0908444
0.08991299999999999
0.0886354
0.087085
0.08500060000000001
0.0827652
0.0803072
0.07815520000000001
0.07583300000000001
0.0736862
0.071618
0.06980439999999999
0.06841280000000001
0.06706979999999998
0.066298
0.065877
0.0657836
0.0660296
0.0668078
0.0681988
0.0700682
0.072329
0.0749686
0.07798420000000002
0.0813898
0.0852938
0.089284
0.09351920000000001
0.0978016
0.102078
0.1062502
0.10993359999999999
0.113434
0.11644099999999999
0.1185508
0.11995199999999999
0.12052239999999999
0.12026980000000001
0.11869339999999999
0.1162404
0.1125138
0.10793680000000001
0.102474
0.09595719999999999
0.08870420000000001
0.0811468
0.0734038
0.06556719999999999
0.05814640000000001
0.050891200000000004
0.044585
0.039019399999999996
0.0344302
0.031196
0.029396
0.029286200000000002
0.030401199999999996
0.0331368
0.0369558
0.0420792
0.048276799999999995
0.0555208
0.06334920000000001
0.07138979999999999
0.07969680000000001
0.08738299999999999
0.0948538
0.10147979999999998
0.1071464
0.1117272
0.11511960000000002
0.11721600000000001
0.1179962
0.1173334
0.1155164
0.11242300000000001
0.1082994
0.1034438
0.0982618
0.09277120000000001
0.08743139999999999
0.0818638
0.0770876
0.072409
0.068411
0.06556359999999999
0.06284300000000001
0.060844999999999996
0.059239799999999995
0.058323400000000004
0.0581928
0.058158600000000005
0.0586576
0.0589466
0.0589804
0.05918559999999999
0.058741
0.058423
0.05846559999999999
0.0582158
0.05812759999999999
0.05883580000000001
0.05977140000000001
0.0615468
0.0649888
0.06991319999999998
0.0765884
0.0856992
0.09665779999999999
0.11041079999999999
0.1270008
0.14586559999999998
0.16713479999999997
0.19090479999999999
0.21650819999999998
0.2438082
0.2720194
0.30108440000000003
0.3303982
0.35833940000000003
0.38491420000000004
0.40995
0.4326334
0.451169
0.4659508
0.4771336
0.48298240000000003
0.4846902
0.48117340000000003
0.4730811999999999
0.4603358
0.44289639999999997
0.42175799999999997
0.3970136
0.3693042
0.339757
0.3087918
0.277265
0.2467218
0.2177292
0.1897286
0.16406179999999998
0.1416216
0.1227926
0.1075056
0.096437
0.0893826
0.0866834
0.0876058
0.09195060000000001
0.0994356
0.11012219999999999
0.12274320000000001
0.1384786
0.1546034
0.17100200000000002
0.1880272
0.20452459999999997
0.2203938
0.2340686
0.24618600000000002
0.256209
0.2638308
0.2689562
0.2716136
0.27145640000000004
0.26967
0.26578660000000004
0.2585864
0.25135820000000003
0.24193019999999996
0.23066240000000002
0.218829
0.2061424
0.1933164
0.18004780000000004
0.1673444
0.15369139999999998
0.1413654
0.1294368
0.1186142
0.1083682
0.0996276
0.09078
0.0836706
0.0773488
0.0722132
0.06731699999999999
0.06351419999999999
0.0604132
0.0587806
0.055655600000000006
0.0534934
0.05207160000000001
0.051324
0.0508872
0.0493434
0.0490472
0.0484484
0.0484892
0.04824579999999999
0.0477258
0.046897999999999995
0.0461344
0.046081
0.0462462
0.046023
0.045964
0.0450264
0.0448982
0.043891599999999996
0.0432466
0.0429334
0.0421086
0.042209399999999994
0.0422824
0.042428
0.0425142
0.041900400000000004
0.041861999999999996
0.042297
0.0417992
0.042181800000000005
0.0422008
0.04095
0.0396918
0.0399134
0.039246600000000006
0.0387016
0.0394996
0.0398472
0.0409148
0.043148
0.04667399999999999
0.05089699999999999
0.056275
0.0632026
0.07175519999999999
0.0821348
0.09323220000000002
0.10579399999999999
0.12217280000000001
0.13783620000000002
0.15572919999999998
0.17365460000000002
0.19464679999999998
0.21426659999999997
0.2334316
0.2518164
0.2686416
0.2847518
0.2992258
0.3109938
0.32062500000000005
0.3254936
0.327528
0.3268584
0.32445219999999997
0.31694619999999996
0.30717679999999997
0.29415040000000003
0.2775134
0.2589582
0.23849
0.2186842
0.197749
0.17489520000000003
0.1544826
0.1358304
0.11882759999999999
0.10673000000000002
0.09768780000000002
0.0938586
0.0943022
0.09991180000000001
0.11071139999999999
0.12618919999999997
0.1454346
0.1694418
0.19930920000000002
0.22975819999999997
0.2649308
0.3017956
0.339973
0.3772866
0.4129225999999999
0.44906180000000007
0.4827996
0.5144415999999999
0.5391964
0.5616823999999999
0.579445
0.5875374
0.5917733999999999
0.5930428
0.5872582
0.5742618
0.5561288000000001
0.536509
0.5127096
0.48523180000000005
0.45663580000000004
0.42517699999999997
0.39038379999999995
0.3564594
0.323732
0.2914354
0.2620188
0.2332456
0.2061732
0.1837528
0.16314599999999999
0.1450816
0.12900799999999998
0.1181562
0.1093994
0.107318
0.1032362
0.10042199999999998
0.09888
0.1008408
0.1011654
0.1041234
0.1061032
0.11043479999999999
0.11440220000000001
0.11504319999999998
0.11628560000000002
0.11772360000000001
0.11816039999999998
0.118754
0.117995
0.1168042
0.11562140000000001
0.1115922
0.11099819999999998
0.1096714
0.1091652
0.10564720000000001
0.1010956
0.0986766
0.0983178
0.099774
0.0978364
0.0943686
0.0948252
0.0958112
0.0972372
0.097475
0.0965368