0.
0.
0.
2.e-6
0.000014
0.000052
0.000153
0.000377
0.00082
0.001616
0.0029476000000000003
0.0050436
0.008182799999999999
0.0126886
0.018917800000000002
0.027255
0.03809559999999999
0.0518214
0.06878039999999999
0.08926980000000001
0.1135088
0.1416116
0.17357119999999998
0.2092514
0.24835859999999998
0.2904304
0.33484220000000003
0.3808676
0.4276160000000001
0.47403779999999995
0.5190006
0.5614214000000001
0.6000978
0.6338736
0.6617034
0.6826364
0.6957865999999999
0.7006658
0.6969150000000001
0.6843078
0.663006
0.6334618000000001
0.596322
0.5524751999999999
0.5030870000000001
0.4494696
0.3931106
0.3355768
0.278436
0.2233202
0.171749
0.125154
0.0847706
0.051635600000000004
0.026522
0.009947000000000001
0.0021272
0.0030020000000000003
0.012209000000000001
0.0291238
0.052888599999999994
0.08244159999999999
0.11654959999999999
0.15388459999999998
0.19304280000000001
0.2326034
0.27122159999999995
0.30762159999999994
0.3406488
0.369326
0.3928566
0.41068720000000003
0.422482
0.4280964
0.427705
0.4214868
0.41000520000000007
0.39378539999999995
0.37354879999999996
0.35005220000000004
0.3241186
0.29668759999999994
0.2684452
0.24024520000000002
0.21263939999999998
0.18624179999999999
0.1615404
0.1388242
0.1183544
0.10024059999999999
0.084479
0.07105579999999999
0.059828000000000006
0.050619000000000004
0.043248600000000005
0.0374926
0.033161399999999994
0.030047199999999996
0.0280182
0.026917800000000002
0.0266656
0.027171800000000003
0.0283888
0.0303038
0.0328662
0.036009599999999996
0.039716
0.0439238
0.0484902
0.053317199999999995
0.058204
0.06300259999999999
0.06743220000000001
0.0712902
0.07429179999999999
0.0762088
0.07684919999999999
0.07607159999999999
0.0737712
0.0699226
0.06458080000000001
0.057897
0.050141599999999995
0.0416468
0.0328706
0.024322
0.0165906
0.0102598
0.00592
0.004201600000000001
0.0056224
0.0106576
0.0196542
0.0328534
0.0503676
0.07205700000000001
0.09775339999999999
0.12703040000000002
0.1593012
0.1938414
0.22980739999999997
0.26625820000000006
0.3022274
0.33667820000000004
0.36853300000000005
0.3968872
0.42087899999999995
0.439763
0.4528728
0.45993759999999995
0.4605758
0.45488280000000003
0.44296060000000004
0.4253124
0.4024024
0.3750049999999999
0.3439718
0.31019240000000003
0.2747704
0.2387086
0.2030154
0.16858040000000002
0.136286
0.10688039999999999
0.080918
0.058795799999999995
0.0408142
0.027018599999999997
0.0173144
0.0114758
0.0091278
0.009782800000000001
0.012882400000000002
0.0178296
0.0239804
0.0307642
0.03755579999999999
0.043916
0.04938139999999999
0.053685800000000006
0.056605800000000005
0.0579982
0.057955999999999994
0.05653280000000001
0.053911
0.05032940000000001
0.0460984
0.0415576
0.0369472
0.032546399999999996
0.028635
0.025375599999999998
0.022936199999999997
0.0213304
0.0205614
0.0205094
0.021106
0.022106400000000002
0.0233074
0.024487600000000005
0.0254764
0.026112599999999996
0.0262434
0.025858399999999997
0.0249636
0.023600799999999998
0.0219774
0.020304800000000005
0.018935
0.0182004
0.0185016
0.020261400000000002
0.0238252
0.0295348
0.03763
0.048422400000000004
0.0619904
0.078352
0.09733240000000001
0.11868920000000001
0.1418716
0.16653800000000002
0.192062
0.2177588
0.24289139999999998
0.2666316
0.2882714
0.30717340000000004
0.32247479999999995
0.33374479999999995
0.34063720000000003
0.3427478
0.3400284
0.3324096
0.32012720000000006
0.3035524
0.2832396
0.2597914
0.2340192
0.2067778
0.1788466
0.151095
0.12445900000000001
0.0996222
0.0772718
0.05801919999999999
0.0423712
0.0304466
0.022571
0.018592200000000003
0.0184718
0.0217236
0.0281268
0.0371336
0.048127
0.060419999999999995
0.0735186
0.086771
0.09952259999999999
0.11121460000000001
0.1214492
0.1298058
0.1361938
0.1403984
0.14220380000000002
0.141941
0.1395342
0.1353568
0.1294982
0.12246700000000002
0.11446360000000003
0.105926
0.0971102
0.08810839999999999
0.07943039999999998
0.07127259999999999
0.063804
0.057046
0.0510654
0.045892
0.041601
0.0381218
0.035467399999999996
0.033611
0.0325228
0.0323306
0.0330124
0.0346352
0.03724620000000001
0.041060799999999995
0.0461592
0.052815999999999995
0.0609004
0.070661
0.0821546
0.09538880000000001
0.1101726
0.126453
0.1441614
0.16258060000000002
0.1816816
0.20085899999999998
0.2195858
0.2373928
0.2535672
0.2675802
0.27898999999999996
0.2869846
0.2914016
0.29187700000000005
0.2880374
0.2801752
0.26823060000000004
0.25239160000000005
0.2332636
0.21140980000000004
0.187729
0.16294599999999998
0.1380938
0.1141034
0.09202819999999999
0.0727868
0.0573696
0.046566
0.041091199999999994
0.0414116
0.048094399999999995
0.0611286
0.0804888
0.10578240000000001
0.1367904
0.17242619999999997
0.2119802
0.25465039999999994
0.2988696
0.3437158
0.38798799999999994
0.4302334
0.46952160000000004
0.5045382
0.5348414
0.5590368
0.5770182
0.5881886
0.5923052
0.5892814
0.5796412
0.5633402000000001
0.5413386000000001
0.5142806
0.483099
0.4483274
0.4115812
0.3732724
0.33415880000000003
0.2954806
0.2579652
0.2223338
0.1891408
0.1590546
0.1318276
0.107962
0.0877674
0.07089480000000001
0.05740340000000001
0.0470734
0.03934
0.0340828
0.030873400000000002
0.029442599999999996
0.029220599999999996
0.0301036
0.031734200000000004
0.0338438
0.036241
0.038722
0.0409944
0.04306839999999999
0.0449384
0.046610399999999996
0.047820600000000005
0.0485642
0.04907299999999999
0.049020400000000006
0.048889
0.048835
0.048470400000000004
0.047669399999999994
0.0469624
0.0462116
0.04569839999999999
0.045640400000000005
0.0460924
0.0474878
0.04961
0.052994999999999994
0.0581514
0.0651804
0.07422859999999999
0.0857472
0.09978200000000001
0.1168204
0.1366336
0.1590366
0.1847782
0.212822
0.24338740000000003
0.2756058
0.3094678
0.3439194
0.3784396
0.41215159999999995
0.444062
0.473832
0.5004596
0.5229158
0.5406364
0.5526338
0.5583452
0.5580809999999999
0.5514648
0.5387986
0.5194706
0.494543
0.46448480000000003
0.43008739999999995
0.39238920000000005
0.3524864
0.31088839999999995
0.2697418
0.23001480000000002
0.19214380000000003
0.1575828
0.12776700000000002
0.10294700000000001
0.0843348
0.0721688
0.0667838
0.06801579999999999
0.07570020000000001
0.0893216
0.108843
0.13320880000000002
0.16163560000000002
0.19287320000000002
0.2263508
0.2607716
0.2951566
0.3281784
0.3586226
0.385934
0.4100074
0.4296658
0.4442442
0.4540558
0.45845839999999993
0.4582018
0.45282140000000004
0.4428476
0.42931659999999994
0.4118896
0.39163439999999994
0.36881400000000003
0.3437302
0.3185156
0.2919796
0.26648700000000003
0.2414486
0.2175172
0.1951088
0.1742902
0.15517620000000001
0.13791159999999997
0.1227928
0.1096814
0.098843
0.0896718
0.0821374
0.0760014
0.0716088
0.068462
0.06652099999999998
0.0656408
0.06512880000000001
0.065915
0.06706140000000001
0.06928999999999999
0.0714666
0.0739368
0.07675799999999999
0.0795124
0.0822634
0.08466080000000001
0.08628419999999999
0.08698580000000002
0.0877802
0.0876724
0.085981
0.0843102
0.08150900000000001
0.07781419999999999
0.0735858
0.06975519999999999
0.064652
0.059855599999999995
0.0554776
0.0523736
0.050204000000000006
0.04943499999999999
0.05048699999999999
0.0538334
0.05948180000000001
0.067943
0.0795692
0.0944568
0.11226099999999999
0.132918
0.1570948
0.1828246
0.2107252
0.240069
0.27003520000000003
0.2996512
0.32825899999999997
0.35542100000000004
0.3794098
0.40179459999999995
0.42015100000000005
0.4342174
0.4438604
0.44814820000000005
0.4478238
0.44285379999999996
0.43278059999999996
0.41895
0.4004695999999999
0.3799158
0.3553676
0.32901339999999996
0.3026014
0.27393379999999995
0.24512240000000002
0.21744780000000002
0.1924396
0.1690748
0.14877899999999997
0.13091760000000002
0.11649620000000001
0.1047766
0.095973
0.09216959999999999
0.090521
0.0918646
0.09545220000000001
0.101841
0.10862000000000001
0.1164026
0.1243658
0.13121639999999998
0.13850800000000002
0.1440054
0.1496712
0.15351140000000002
0.1553382
0.1569648
0.1568174
0.1553426
0.15330439999999998
0.149042
0.1450528
0.1390916
0.1337692
0.12902059999999999
0.124445
0.1188558
0.1139262
0.1098104
0.1051096
0.10160499999999999
0.09865340000000002
0.0948352
0.0920406
0.0902728
0.08744860000000002
0.08691180000000001
0.0867318
0.0852832
0.084563
0.0841686
0.0843932
0.08514440000000001
0.0862204
0.0873402
0.0905496
0.093101
0.0989322
0.1057754
0.11298079999999999
0.12206460000000001
0.1308378
0.14145639999999998
0.15210240000000003
0.1622594
0.17208600000000002
0.18292199999999997
0.1926898
0.20060340000000002
0.20777359999999997
0.21259419999999998
0.217385
0.2196574
0.21909840000000003
0.2157518
0.2102546
0.20327479999999998
0.195744
0.183646
0.170989
0.1578156
0.14366359999999997
0.1303054
0.1188952
0.1068088
0.0966848
0.08954320000000002
0.0838242
0.0802494
0.0793008
0.08016900000000002
0.0815494
0.0870332
0.09371660000000001
0.1010016
0.11229599999999999
0.1246322
0.1366498
0.147734
0.160557
0.1719714
0.1822206
0.19247340000000002
0.20170680000000002
0.2091364
0.21464080000000002
0.2184418
0.2203342
0.21875560000000002
0.2145164
0.2093732
0.2046984
0.19488640000000002
0.185243
0.1771228
0.1685308
0.15777999999999998
0.1461248
0.1367246
0.1291468
0.12082680000000001
0.11132500000000001
0.10374699999999999
0.09770039999999999
0.0917728
0.088003
0.0843386
0.0813904
0.07871059999999999
0.0750302
0.0723468
0.0738334
0.0726912
0.0725356
0.0729038
0.07411680000000001
0.07718260000000002
0.07984519999999999
0.0833556
0.08902840000000001
0.0951276
0.10190979999999998
0.10949360000000001
0.1180696
0.1245884
0.1315208
0.1369896
0.1453376
0.1525762
0.15739440000000002
0.161248
0.1640792
0.166284
0.1680322
0.1696608
0.16660400000000003
0.1656272
0.1614574
0.15504959999999998
0.147343
0.13454660000000002
0.1275294