0.
4.472135955376432e-7
4.494441010881749e-6
0.000012657013865897855
0.00005537147279966484
0.00008819467104080628
0.00016319712007266222
0.0002840427784682875
0.00023658338910405806
0.00012856710310187632
0.00013238466678593794
0.00006506688866086266
0.0002711650788726426
0.00021978625980715197
0.0002785690219675871
0.000366573730646417
0.00041016435730083277
0.00037884257944429664
0.000337222033681081
0.0004218246081015199
0.0004104452460438629
0.00044435380047885733
0.0005262297026964524
0.0004683858452173847
0.0006435396646672166
0.0007726044913149258
0.0008461551276214089
0.0010039973605543001
0.0009582621248906712
0.0010839823338043935
0.0012093210078386969
0.001519313726654242
0.001343982775187234
0.001715850139143859
0.0020578002089610323
0.0019760420795114733
0.002245537062709051
0.001799105805671243
0.002167156547183424
0.002115041016150761
0.0022282833078403797
0.0020286518183266437
0.0030504477212369915
0.0029295256441956566
0.002920111949908758
0.0031993687971223358
0.0031850281317439035
0.0031638015424485812
0.0027505292763393657
0.0023560060059346234
0.002899802010482791
0.0026308479621597247
0.003054016486530477
0.002364836632835344
0.003087324780453148
0.0035192929403503903
0.003517380516805083
0.0037785679562500948
0.005234464127300902
0.006711400919331222
0.006946288598957006
0.006250767048930874
0.0051449292220593305
0.006555493398669547
0.005050579649901584
0.00386022279149792
0.0054054568447079515
0.0062778111073844844
0.00800081384610341
0.008363681814846858
0.009753144944068043
0.010237942044180558
0.008515834204586181
0.007365875284037875
0.0076429611081046366
0.004958917896073698
0.006074464050432764
0.008391409285692125
0.00877816385698057
0.011731353907371476
0.009784667275896507
0.011684809955664663
0.013600222652589184
0.01589733251838182
0.021896236982641565
0.017864707573873134
0.027521617145436786
0.02805784964141051
0.04158038482626153
0.04580889549312448
0.040355490589261835
0.04484403623114226
0.04393931934839228
0.05607629210905443
0.060357199145586606
0.05966680431948739
0.050435313972453856
0.04223255108562588
0.06044434233822054
0.04531375135099719
0.03732252618325828