0.
0.
0.
2.e-6
0.000014
0.000052
0.000152
0.0003754
0.0008144000000000001
0.0016032000000000002
0.0029176000000000002
0.0049808
0.008059
0.0124642
0.0185274
0.026605800000000002
0.037048399999999995
0.0501864
0.06630640000000002
0.0856652
0.108351
0.13443560000000002
0.1638266
0.1962654
0.2313326
0.26866700000000004
0.3073652
0.34667339999999996
0.3858714
0.423833
0.459605
0.4922942
0.5209052
0.5446177999999999
0.5628024
0.5747386
0.5803474000000001
0.579686
0.5719158
0.558025
0.5385278
0.513771
0.48454939999999996
0.451385
0.41587060000000003
0.37913600000000003
0.3416906
0.304896
0.269163
0.23642080000000001
0.20605020000000002
0.18017660000000002
0.159346
0.14238679999999998
0.1295528
0.12174639999999999
0.11771400000000001
0.1188488
0.1237854
0.1313486
0.1409772
0.15263220000000002
0.16744240000000002
0.181509
0.196512
0.21097660000000001
0.22498899999999997
0.23806059999999998
0.2499516
0.2583616000000001
0.2663468
0.26984620000000004
0.27617640000000004
0.2786308
0.2778618
0.27736500000000003
0.2732118
0.27097999999999994
0.268473
0.256483
0.2449522
0.2409942
0.2280246
0.21556520000000004
0.1922428
0.1801892
0.17248000000000002
0.1586202
0.1446294
0.1320074
0.1236744
0.1127834
0.114281
0.1089758
0.10008620000000001
0.10218419999999999
0.11056379999999999
0.13043180000000001
0.1323898
0.13292759999999998
0.1409154