0.
0.
8.944271910256357e-7
4.183300132657975e-6
8.197560612756917e-6
0.000011760102040366273
0.000014889593681501344
0.000010922453936764057
0.000030835044997507374
0.00006501384467934574
0.00004651021393200538
0.000049650780457107525
0.00012602579101119978
0.00010981712070528084
0.00008577179023431458
0.00006360424514135316
0.00007006425622241636
0.00008258752932495716
0.0000851663078922638
0.00006091223194072072
0.000054907194428420746
0.00004434861891874296
0.000043580959145021205
0.00004447246339028234
0.000042524110807869893
0.00004109744517606895
0.00003696620077854854
0.00003544432253549299
0.000038186385008271795
0.00004830838436544978
0.000041817460468084957
0.000044228949795357066
0.00003730549557371083
0.00004996999099459954
0.000044286566812080564
0.000034197953155121675
0.000030846393630376865
0.00006592268198429315
0.00009879625498974912
0.0001322648857406991
0.00015048355391871022
0.00013808946375447437
0.00018753852937466054
0.00019498410191603774
0.0002188428660020663
0.0002545138503107469
0.00026102337060115473
0.00023165103064738606
0.0002336007277385908
0.0002117385179885573
0.00019030843386462013
0.0001925014285661299
0.00017293004365927703
0.00017311903419323373
0.00018595241326748582
0.0001757848116305799
0.00018028505207031805
0.00020580743426805505
0.00022432743924897264
0.00020450721258674116
0.0002126083253308845
0.00021012496281974907
0.000194860719489591
0.00020542638584173853
0.00019745252593978327
0.00018807525089708087
0.0001779780885390105
0.00016073736342244783
0.00014214499639452456
0.00013887296353142244
0.0001352745356672869
0.00011838074167701512
0.00011881624468059909
0.00013284464610965638
0.00013563259195340904
0.00012696574341136262
0.0001170354647104885
0.00011216371962448475
0.00010219197620165662
0.00009901767518983649
0.00008159166624110575
0.00007380176149659318
0.00006591130403807847
0.00005878945483673074
0.00004560701700396558
0.00004986682263790221
0.00004374357095619886
0.000052514759829975454
0.0000691107806351513
0.00008221435397787905
0.00009033437883773814
0.00009995849138517454
0.00010671691524777129
0.00011481942344394524
0.00011978605928905075
0.0001254204927434109
0.0001289620099098955
0.0001296290862422473
0.00013964669706083277
0.00014410065926289163
0.00014597534038323043
0.00015003566242730425
0.0001502021970545038
0.0001559567247668404
0.00016767438683352925
0.00018088200573854784
0.00019926439722138016
0.00020799326912186367
0.00020270742462968623
0.00021800848607336366
0.0002388074538200182
0.00025988978433174323
0.00026073799109450793
0.00025615073687186574
0.0002627331345681393
0.0002588980494325906
0.00024169753825804705
0.0002517075684201803
0.00023403098085509957
0.0002455561035690217
0.0002220029279086202
0.00020536358002333366
0.00021393737401398518
0.00021283279822433368
0.00020347653427361134
0.0001948055440689514
0.00019719102413649547
0.0001848439882711907
0.00017537958832201649
0.0001665764088939366
0.00015635312596811086
0.00015909965430509264
0.00014454307316506045
0.00014264746755550907
0.00014539016472925545
0.00015166641025619336
0.00013954389990250402
0.000134683703542782
0.0001549812891932445
0.00017101549637386614
0.00019205936582213245
0.00021604675419917602
0.00020775634767678883
0.00024363805121532063
0.00025819604954375916
0.00027692598289072646
0.00028219284186526826
0.00030364831631345904
0.00031530112590982
0.0003432596684727151
0.00036153658182815854
0.00033973857596685756
0.0003176014798454127
0.0003659266319906278
0.0004238899621363893
0.00043793093062721017
0.00044832499372665153
0.00046117079265711665
0.0004255670334976565
0.0004692533430887783
0.0004348479044447597
0.0004788771241143111
0.0004648653568507701
0.00046551831328101126
0.0004522751374992932
0.00040433364935409593
0.0004211268217532589
0.00045293078941489764
0.00046149832069033525
0.00046191849930480336
0.0004887660994790862
0.00046706498477192557
0.0004691923912426539
0.00046210604843477214
0.0004855946869561076
0.00046139061542255086
0.0004959665311288651
0.0004938039084494967
0.0004836705490310543
0.0004789237935204262
0.0004928642815217938
0.0005154276864895805
0.00044266601405573784
0.0004607685970202243
0.0004249914116779232
0.0004712840969097175
0.0004476600272528041
0.0003993488449964234
0.0004114814698136455
0.0003194224475518061
0.00024115285608924798
0.00025453153046334275
0.0003500389978273747
0.0005924069547194653
0.0006080263152199628
0.0007378230140080713
0.0008358715212279754
0.0008395857907325361
0.0007533947836294203
0.000653392148713154
0.0006751150272361109
0.000684725273376119
0.0007128703949526929
0.0006769940915547166
0.0006481712736615251
0.0006621073931017512
0.0006564962299967927
0.0006064739895494234
0.0005920766842225748
0.000550491325998873
0.0005323352327246426
0.000537064521263507
0.0005232239482286715
0.0005484393311935255
0.0005673122596947831
0.0005717388389815776
0.0006393922896000566
0.0007262143622925598
0.0008467505535870609
0.0009372705052438208
0.001046688492341433
0.0010550003317535005
0.0011863850555363618
0.0011634937902713694
0.0011162187509623817
0.001124292444162084
0.0010523121209982946
0.0010173683207177538
0.001083521711826764
0.0010123037093678967
0.0009687098120696074
0.0010179021072775352
0.001108880065651807
0.0009559574781338677
0.0007945769314547514
0.000774982257861427
0.0007992982547209715
0.0008105792373358873
0.0007674612042312131
0.0007715756605803606
0.0006402411264515807
0.0005250263802896044
0.00036589452031971946
0.0003662273883805017
0.00026446890176352064
0.0003210264786587043
0.000368802386109411
0.0004663019408065993
0.0005916563191583369
0.0007823479404970709
0.0008324704198949
0.0009388901426684591
0.0010137012873623103
0.0010440042145508795
0.001094760932806791
0.0011613820215587989
0.001187183347255175
0.001174632368019885
0.0011863249133352986
0.0011207145934625825
0.0010773255311186114
0.0010386232714512033
0.0009888678880416737
0.0009273372094335482
0.0008740141303205582
0.0008360569956647684
0.000757136381373923
0.0006720273803945789
0.0006323917298636986
0.0005939124514606513
0.0004993483753853601
0.000418901778463641
0.0004850090720801005
0.0005190589561889868
0.0004973908925583572
0.0004521833698843871
0.0004318358484424365
0.0004599811952678063
0.0006172361784600775
0.0006487601251618363
0.0006577132353845408
0.0006472455484590073
0.0005683839371410852
0.0005941495602960618
0.0005747288926093773
0.0006209619150962509
0.0006981169672769773
0.00062408853538581
0.0007308798122810604
0.0008204323860014281
0.000875106107852068
0.001003749321294913
0.0010206947143979969
0.0010090189790088239
0.0010235544440819928
0.0010459941204423707
0.0010519677751718434
0.0011006764738105358
0.0010868452971789524
0.0010993042345047144
0.0011524861387452753
0.0011807375661001026
0.0012366495865846515
0.0012294245401812988
0.001121111635832936
0.0011051263728642077
0.0010883052421081134
0.0011169009803917258
0.0010743834045628228
0.0010964878020297338
0.001043151570961766
0.0010247364539236442
0.0010106707178898573
0.0009977418503801473
0.0009989185652494407
0.0009994554517335932
0.0009384866541405894
0.0009201807974523267
0.0008443445386807443
0.0007882127250939307
0.0007463755756989906
0.0007527104356922404
0.0006816278310045725
0.0007090909673659664
0.0006579094162572828
0.0006073331046468693
0.0005343082443683582
0.00048588609776366304
0.000433048149747808
0.0005525109048697598
0.0005279425158101914
0.0006739505174714291
0.000868640144133339
0.0010987457394684218
0.0011348170777706818
0.0012638412875040927
0.0013510979609191833
0.0016503907719082904
0.001757850249594653
0.0017447493516261766
0.0019498126320239067
0.0020609139234815093
0.0019830233987525245
0.0020621062533244913
0.002186024290807412
0.002438486559323223
0.0023719542997284013
0.002550025921436866
0.002431038193858742
0.0024134020178992127
0.0023389984395035548
0.0023294040654210178
0.0020528803423482955
0.00200890285977197
0.0016872771852899512
0.001465000068259388
0.001409560498878997
0.0010603501780072537
0.0008945755976998272
0.0007037529396030993
0.0006018540520757497
0.0006124135040967007
0.0005955558747926168
0.00056071267151724
0.0007310179888347464
0.0008579892190464881
0.0009548206637898006
0.0010036681224388864
0.001208688628224819
0.0011656113417430438
0.0011708790714672476
0.0012914320346034543
0.0014674061128399534
0.00126708811848269
0.0013857148696611562
0.0013937793225615282
0.0017393341542095717
0.0017616463322699413
0.001653248106002245
0.00172110139155135
0.0023117875767465802
0.0024535584362309765
0.0022408819022875794
0.001967293140332686
0.0015975355395108164
0.0020927363187941217
0.0026587452491730387
0.002664598600164728
0.0027452449253208386
0.0027165234583931192
0.002541865515718697
0.0023292081916393135
0.0022600810826162686
0.00260076494516514
0.002809449981757979
0.0025903403637359936
0.002631836678063428
0.0029181966177761302
0.002846700757016771
0.002833779860892503
0.002846872441821022
0.002755294866252959
0.0030272817510102953
0.003229126429856837
0.0033483741278417553
0.0035570300111188225
0.003784092004695446
0.003747394895123813
0.0035295539803210227
0.0032787355337080782
0.002987151034012176
0.002654697854747314
0.002286185578644044
0.0021456405104303897
0.0018088891066065948
0.0014360247908723595
0.0010418852144070292
0.000944513737327305
0.0012532721970904895
0.0015879563910888804
0.00193844576916663
0.0023444613880377607
0.0024781166235671817
0.0026319288174264806
0.0028992590087813814
0.003043079410728538
0.003499965642688505
0.003537546678137268
0.0036866351189126277
0.0034128246365730435
0.003115337349309064
0.0031876914373885077
0.00319696504516394
0.003049922490818414
0.0031647061158976623
0.0034021929251587214
0.0033916727141633154
0.003201577345622001
0.0031696252617620176
0.00303489255164001
0.003068998175300853
0.002891650791503008
0.0026154814661931702
0.0027015559405646305
0.002180563505151822
0.001436137249708403
0.0009523850586816209
0.0005860034129593456
0.0007550286749521481
0.0005556514195068709
0.0009643057087874144
0.0015653050181993306
0.002048845235736461
0.0023057162227819806
0.00315889548734997
0.0036311545959928503
0.003955470995975068
0.004026600091888938
0.004187379646031632
0.004142821586793234
0.004209969180409757
0.004327361667344202
0.004534075672063712
0.00412265832928221
0.003650161201919717
0.0037042501670378606
0.0036074484750305154
0.0035643763830437475
0.003470206074572518
0.0031745832324889542
0.0028955549899803324
0.0027451405610642264
0.0029336792599055526
0.0028683750277814055
0.0022846110828760265
0.002188814450792935
0.002129719512048477
0.002392420468897556
0.002236539134466467
0.002409964169858136
0.002260403238362578
0.002499869656602119
0.0027947270886438977
0.003050815874483422
0.0031974254017881278
0.003491130576188756
0.003819229935471284
0.004157191864708676
0.004641979556180743
0.0050811580864995745
0.005364093707235175
0.005934397922283271
0.0056206951082584085
0.005916385535105028
0.005509403642863717
0.0058252161590794235
0.006057107791677476
0.006240822437788149
0.006588390524247936
0.006753456130012246
0.006790169475057307
0.006710035268163647
0.0073870551304291735
0.007997451644117642
0.008006715556331444
0.008479802079058215
0.008905097399804223
0.008554313689595444
0.009050203826433966
0.009022102997638629
0.008595625905075208
0.008803752023995222
0.008381046605287436
0.007921951287403877
0.00792057051606764
0.00755551139897228
0.007050084843461104
0.007034403300920417
0.006901479095092589
0.007249493927164851
0.007852273715300553
0.0077775461875838415
0.009048605207433905
0.009119187611843502
0.009261504397234825
0.009359911308340484
0.009427234493742052
0.00974528238687828
0.010045280001075131
0.010304631250073922
0.010161082092966282
0.009836106114718364
0.009448181237677442
0.008827217840293736
0.008564900332169664
0.007923853683656711
0.0076593714298237294
0.00659605839119091
0.006565084401589973
0.006060526115775759
0.006363360928000236
0.007158942463800081
0.0071084411582287114
0.007522264938168555
0.007767030578026587
0.00787672628697989
0.008275446471339175
0.007593015474763633
0.007104250185628317
0.006920807922489973
0.0071000046971815434
0.005870501826930981
0.004941003865612736
0.004838916386961028
0.004706346651065985
0.005034605813765364
0.004936762268937
0.0051240508682096455
0.0045637009104453775
0.005108397821235144
0.005489114710042045
0.005727214130796929
0.005550946297704564
0.005566659527939539
0.0048486481930534045
0.003948692125248547
0.004140092184963995
0.005596467216021192
0.007294963899842143
0.008716941734346968
0.010619307430336494
0.010940731579743661
0.011331124842662351
0.011572400796723205
0.012117877854641043
0.011959249775801145
0.012194707122354358
0.012330362780551106
0.011785772791802837
0.01297033828780114
0.012174404309862566
0.011933917575549107
0.01136070760560274
0.009776290538849599
0.009585557678090498
0.009764889692157303
0.00982248536267679
0.009646570131399034
0.009846498854922996
0.010044146145890153
0.010410801025857718
0.009927053757283677
0.010123568703772397
0.009760257219971202
0.009763581269186014
0.00945019641594819
0.009621895930636537
0.009830104745118437
0.010491604515039632
0.010455726564902127
0.010714419148978624
0.01098543437921324
0.011498007357798996
0.012545220217277983
0.01323736949699599
0.013405281142146928
0.013872940603923883
0.014537823024786064
0.015613679684814847
0.01727013005741417
0.01719581411274267
0.01705731538959164
0.015954938473714014
0.015438031215151745
0.015103604278449569
0.015139743947636635
0.013499820987702018
0.011325680054636893
0.010339210187436951
0.009920223198093865
0.010418813953612972
0.011939621128829835
0.012846173430247633
0.013333027326905179
0.011983293654083594
0.013193138906264851
0.013227473908498143
0.015293057401971661
0.01594161495269537
0.015882645097715944
0.017153397724649185
0.01722381773301146
0.018262120651775366
0.019849981972283996
0.019893293945448046
0.021318153430820403
0.021483288481980594
0.02122623824892202
0.02206924595902633
0.022360887444374828
0.021941322471537576
0.023353572236383877
0.024272982876029067
0.020971617112182837
0.02219356648896251
0.020557216572289157
0.021682796648495324
0.02027976924178379
0.019509542554862737
0.016880001415876717
0.015382015108561038
0.014061309707847275
0.01653986738761832
0.015355315587769596
0.016478873878393512
0.016433178913405646
0.016337479358823993
0.016788877857081455
0.018174809302988575
0.015677381946613406
0.01668379333964551
0.013980518863761815
0.01368404327309732
0.012680922876510209
0.014274700178988
0.014559134510677479
0.014230043587424456
0.015849217750412804
0.01498287488100999
0.0155939741021973
0.01385463722729685
0.01287139410864262
0.01191937208916643
0.01175568153277384
0.009799940168184706
0.007648774071705871
0.005952523641280217
0.008354786873403774
0.007111746712306354
0.00801984574041171
0.008165339349959678
0.008854914906423442
0.013978704868477628
0.01524034073437992
0.015105594980006574
0.01576862854848195
0.020812095276545317
0.02058986465958433
0.020684269779230786
0.018914005305592996
0.020434677577588545
0.02027237375099423
0.018811674162604455
0.017144795618496012
0.01637288553371091
0.01372277177541039
0.011491441933021285
0.0084187166183451
0.006728131783786641
0.004901846468423915