0.
0.
0.
0.
0.
0.
0.
5.477225575051497e-7
5.4772255750512e-7
1.6431676725155316e-6
2.302172886644121e-6
2.6832815729995864e-6
4.472135954999494e-6
8.983317872590422e-6
0.00001375863365309177
0.000017880156598867356
0.00002579341001108584
0.00002514557615168178
0.00004177080320031895
0.00006885274141237679
0.00008743283136213992
0.00010347125204616263
0.00016573110752057764
0.0001993158297777695
0.00027660224149488727
0.00023269293070482704
0.00027566047957587364
0.0003277373948758404
0.000401356823786502
0.0004459697299144796
0.0004995883305282532
0.0006290136723474264
0.0008244563056948412
0.0013159810788913322
0.0017654350172124486
0.0022631372693674313
0.0023908693607137695
0.0023981919230954044
0.0028706159966111772
0.0025912258681944226
0.002858845256392894
0.0030669638895819617
0.0033362115190736998
0.003346876902427111
0.0032527698658220507
0.0035491884283593476
0.003242410800623507
0.0031300566288807066
0.003178581130001252
0.0030995688732467362
0.0031184352967473955
0.0027290247891875188
0.0024715327228260705
0.0022306052317700624
0.0015949572721549645
0.0016676758677872591
0.0019991992146857185
0.0025460157501476692
0.0030095966174888
0.002123251351112251
0.0019790726868915195
0.0022080418247850194
0.0023604539393938563
0.003019527115294713
0.002631670857079213
0.002365657054604501
0.003818238991996181
0.005941020812957994
0.006699374022996469
0.006337421147438444
0.0055124325574105485
0.00627328508040244
0.008928575603084745
0.011650150544091693
0.011059190779618549
0.00861219173613779
0.01279403260117778
0.01566271204166123
0.016496238556107247
0.016178187939321267
0.013092737689268807
0.012853932868970469
0.014285414950221079
0.014033611302868558
0.02105583847060002
0.01994901127123848
0.025572360831569697
0.02960707252836728
0.02914664140685853
0.03372642971469113
0.03213120735048716
0.019796118591784602
0.025408364341295175
0.014483350292663639
0.025080020817375735
0.03352076052538187
0.03329875769004002
0.024076282846403018
0.07093923907612767
0.08089131361771794
0.059159417950990695