0.
0.
0.
0.
0.
0.
0.
0.
0.
0.
5.477225575052388e-7
5.477225575052388e-7
1.0954451150100026e-6
1.1401754250991372e-6
2.1679483388676474e-6
2.5495097567958803e-6
5.366563146001565e-6
6.308724118235647e-6
7.056911505751704e-6
0.00001581771159175511
0.000013255187663703243
0.00001887591057406795
0.000023530830839564326
0.00003818769435302239
0.00004112541793100729
0.00005363114766626047
0.000049560064568163424
0.00005932790237315755
0.000075838644502656
0.00009300913933587665
0.00008783108789032866
0.00010429669218148068
0.00010116669412412072
0.00010497285363371937
0.00010156180384377678
0.00010876028686977855
0.0001424036516386123
0.0002037024791208939
0.00022179495034827933
0.00018906533262337866
0.00016036364924759274
0.00016851023707773074
0.00022701651922270457
0.00018863509747657557
0.00020138892720305567
0.00021964357491172356
0.0002329942059365431
0.00020748542117460703
0.00021307862398655018
0.0002092216527991349
0.00019428072472584774
0.00018148278155240925
0.00017007145557088526
0.00016052974802197985
0.00015312413265060524
0.00014347125147568782
0.00013956253078817394
0.00013615983254983838
0.0001346328340339016
0.00013888376434990424
0.000132615232910855
0.00015481214422647912
0.0001586704131210378
0.00018588921431863286
0.0002071103570563251
0.00021332205699364413
0.00023958255362191463
0.0002352303126725
0.00026499471692848403
0.0002906896970998332
0.0002911405159025315
0.00028338083915465187
0.0002910609901721758
0.0002791725273016637
0.00025128668886353667
0.00023416383153681224
0.00021659801476468015
0.0002181565951329579
0.00018038625224778
0.00021191436949863132
0.00024002458207440628
0.00025287210205950924
0.00025407026587145957
0.00027473751109013164
0.00026870206549261925
0.00025020331732412857
0.00022763303802391657
0.00017903128218275293
0.00019938731153210082
0.00020984113038200985
0.00020535700621113513
0.00018766246294877646
0.00018454674204655954
0.00020434284915308535
0.00020403504600925582
0.0002241055554866962
0.00024108152148184184
0.00024598516215414346
0.00023801407521405137
0.00022734269286695856
0.00020977916960461098
0.0002017082050884398
0.00018107098055735016
0.0001558723836989739
0.00014839710239758627
0.0001267272662058159
0.0001270216516976538
0.00014329061378890001
0.00015705317570810284
0.00016975776859985068
0.00017639160977778867
0.00018851339474955148
0.00020103780738955598
0.0002280201745460273
0.00022328166068891737
0.00022026847255111266
0.00021299577460598025
0.0002266700244849346
0.00018875036423806062
0.00016211816677966492
0.00015916720767796753
0.00015909902576697268
0.0001416767447395664
0.0001370244503729169
0.00013277537422278147
0.00012684833463628926
0.00014190595477287052
0.0001739531546135338
0.00017643837451076244
0.0001924195935969098
0.000217400091996301
0.000249232421646944
0.00027210420797922234
0.0002923709971936343
0.0002901892485947754
0.0002995888849740559
0.00030633853822201353
0.0003120437469330277
0.0003225037984272441
0.0003281094329640652
0.000317097461358487
0.0003635480710992619
0.00036931869706257323
0.00035206561888374914
0.0002765863337187943
0.0002688767375582987
0.0002813778598255303
0.00022342224598281919
0.0002604288770470782
0.00027028188988535603
0.00030779652369706547
0.0003348890861165864
0.0002389179775571629
0.0002133419789914887
0.00016869736216076735
0.00016327124670313816
0.00015560591248407318
0.00013234915942308848
0.0001098285026757727
0.00016992145244200426
0.000197398834849652
0.00020021063907794956
0.00026626115000127556
0.0002765687979508895
0.00030130134417224075
0.00033543359998664256
0.0003465684636547313
0.000322332592208731
0.0003359104047212586
0.0003252094709567974
0.00032842152791800973
0.00031864902322147493
0.0003094217186947289
0.00026544735824641515
0.0002535208078245264
0.0002737420318475052
0.00025994557122597763
0.00027403923076815145
0.00031084449488450133
0.00036358382802319374
0.0003865044631048904
0.0004117677743583163
0.0004749142027777231
0.0004863832850746417
0.0005262048080358052
0.0005424949769352714
0.0005353711796501576
0.000538028623773865
0.0005440176467726043
0.0005163291585800668
0.0005074480268953652
0.0004872204839700392
0.0005010451077497912
0.0005205029298668731
0.0006067007499583294
0.0005834717645267846
0.0006369293524402844
0.0006608288734612013
0.0006977928059245096
0.000708487685143504
0.0006988617889110826
0.0006456832040559822
0.0006292791908207368
0.0006254061080609939
0.0006063747191300119
0.0006077036284242516
0.0005956112826332292
0.0005553284613631839
0.0005293321263630225
0.0005106508591983369
0.0005121531021091255
0.0005442029033366141
0.0005015682406213542
0.0004198555704048716
0.00039114127882390436
0.000350968374643642
0.00035049008545178515
0.0003181234037288042
0.0003196494955416013
0.00040467110101908747
0.0004891444571903031
0.0005538032141474162
0.0006127560689213906
0.0007011887762935192
0.0007654268743648874
0.0007793390148067834
0.0008072182480593452
0.0007843139039950647
0.0007129345692278033
0.0007012415418384784
0.0007215931679277469
0.0008237543323103093
0.0007922611943039906
0.0007574320431563352
0.0007826034755864424
0.0008063924602822127
0.0009081535112523612
0.0009670128230794145
0.0008469493491348811
0.0009123846228427975
0.000925261746750617
0.000979793855869693
0.0008764978608074321
0.000867753536437625
0.0007779014719101618
0.0006859181438043468
0.0005791197630887757
0.0005288239782763256
0.00048331045922884796
0.0004915131737807237
0.0005197121318576278
0.0006057894023503548
0.0006489650992156668
0.0007056892375543233
0.0007825717219526904
0.0008126644448971548
0.0007988293309587515
0.0007354869135477522
0.0007629363014039917
0.0007195236618763856
0.0006522451226341222
0.0006150383727866154
0.0004741267762951116
0.00045713324097029355
0.00040045686409400294
0.0004788230362043998
0.00047664368242955445
0.0005909303681483988
0.0006969251753237219
0.0009123960214731328
0.001079653092432934
0.001226422235610559
0.0013285265146017965
0.0014110254427188783
0.0015369654517912875
0.001618154906058133
0.0016040698239166516
0.0014988106951846854
0.0014769709882052533
0.0014622227942417002
0.0014083509860826613
0.0013662280922305775
0.001365745693751221
0.0012739448575193506
0.0013365910743379954
0.0013862969739561579
0.0012990305231209923
0.001302646997463241
0.0012867244071672825
0.0013073341959881574
0.001294694056524553
0.001340649655950426
0.0014397337601098346
0.0014824098623525159
0.001412648328495102
0.0013761859249389237
0.0013718207973346958
0.0012963541182871292
0.0012970461826781713
0.0013371534317347415
0.0012274238469249339
0.0011926914940587165
0.0008981195354739872
0.0007809620349287106
0.0006293633290874212
0.0006469607406945319
0.0008129800120544104
0.0010772777264939672
0.0013103384295669587
0.001484820022763699
0.0015887979103712175
0.0016253052636351125
0.001862448469085801
0.0018516558265509423
0.0018312375050768207
0.0017277947505418625
0.0016527764519135746
0.0014518607026846636
0.001451781905108338
0.001341520145208411
0.0012428769850632878
0.0011030907487600443
0.0010339063303800788
0.0012052147111614603
0.0015650941505225792
0.0017765301292125607
0.0019508482257725756
0.002164926511454834
0.002326798487192222
0.002554061530190688
0.00256554571192953
0.0026735840551589188
0.002654168928308816
0.002576546778150932
0.0025491585474426777
0.0023302110848590547
0.0019640166750819546
0.0017875207131667012
0.0015147726892177618
0.0012865124173516754
0.001090111599791524
0.0011204176453447868
0.0010310216777546578
0.0010713308545916038
0.0012310242483395699
0.0013680039473627152
0.0013990976377651616
0.0016546125528352613
0.001817994169407606
0.0020047907122689936
0.001974589957434203
0.0020108466624782807
0.0017915414312820038
0.001621658502891408
0.0014515099724080442
0.0013341333516556858
0.001009623048469079
0.0009589419690471359
0.0009259239709609044
0.0006908677876410193
0.000600126486667601
0.0008147468932128548
0.0008900965116210725
0.000934973101217357
0.0009073702662088946
0.0008847521121760613
0.0006315698694523034
0.000546956305384625
0.00047520185184824447
0.0006001602286056617
0.0006629606323153731
0.0009489888302820007
0.001365856398015546
0.0015342153369067842
0.0019069251427363376
0.0018022101708735304
0.0019311863711200942
0.0017971558919581783
0.0018890737942176834
0.001918914484806449
0.0019302163868333514
0.0018680584037979115
0.0016979101860817036
0.001339124452767553
0.0011600122844177133
0.0011515159573362418
0.001150378763712196
0.001093422745327717
0.0010020542899464096
0.0010141769076448149
0.0010308449446934304
0.0010368354739301703
0.0010511143134787943
0.0012514186749445601
0.0013008616375310635
0.0015050242522962865
0.001713835552204469
0.0020089138358824646
0.0019945885039275653
0.0020436371253233785
0.0023698479909057438
0.0026427735052402808
0.0025590178389374254
0.002576878984352968
0.0026638887364152453
0.0026630220614932976
0.002604407379808308
0.002141435196311118
0.0020399940441089524
0.0023150297622277
0.0022115453420628833
0.0024266760805678267
0.0025965610911357273
0.0027350779696381665
0.0028200251417318844
0.0030377008904762365
0.0033736651878928203
0.0034609657178307643
0.003664047174914644
0.0038365875462446917
0.0037149591787797765
0.0036220283405848566
0.004043706381526743
0.004064113864054502
0.0037193130682963618
0.0031307640121861573
0.003054318532831835
0.002833093680060715
0.0030806608544271703
0.002910853088013892
0.0028001372644925813
0.003038012458828961
0.003788343331853647
0.0036118956933997998
0.003659201483930609
0.003805913779895704
0.003934754210875185
0.003920698432677524
0.0037583613051435046
0.003400808609727987
0.0030142935822510763
0.002208542619013725
0.001778156686009424
0.0019324767268973774
0.00184529013978832
0.0021913456368177035
0.00243325621338978
0.0029529076009926214
0.003109862424609809
0.0032291490829628794
0.003937188019386418
0.0044097281435480674
0.005090688627288062
0.005117186990916002
0.005226605753259003
0.005115711710016521
0.004988890628185788
0.00550967919211274
0.0053468846817562804
0.004726259176134971
0.004408146753455459
0.003969072599487182
0.0035647554614587668
0.0034573769970889785
0.0038049231004055935
0.004329249392215696
0.004727726250535239
0.004536368845232938
0.004315030903713213
0.004651279200392076
0.004597519080982695
0.004373622034424094
0.003787553669586745
0.0036966088107886134
0.003484543772145792
0.0035199971590897604
0.0038248194336465108
0.0037254610855570565
0.00399242229730273
0.004023220501041427
0.004087786259089387
0.004071911897376957
0.004464621338926739
0.004689245696271415
0.004770144809122676
0.004701836960167801
0.004792363821748093
0.004724892623118538
0.005028530172923297
0.005109353873045003
0.005205152524182171
0.0058680802908617396
0.006277565706545808
0.00635003536998023
0.006718073064502947
0.006997915739704215
0.007731217193948181
0.007593416062616355
0.007057674276983888
0.006841949795197269
0.006728735520140469
0.007249327775732036
0.006859541653784166
0.006157202977001811
0.005432846058927128
0.004877329217922447
0.004540300959187617
0.0048883786678202415
0.005570244922801869
0.004966666588366891
0.00488412062709348
0.005065827444751743
0.005077563392021808
0.005512700399985478
0.005337035103875558
0.00513653224461796
0.004823328985254896
0.004694626577268954
0.004361898474288462
0.003942941249879331
0.0034748905018719698
0.0030689344567781086
0.0028597208255352544
0.002881449895451959
0.0035973313025074553
0.004211641152804918
0.005005092986149198
0.005990207467191779
0.0075289900584341474
0.008236340498061007
0.009536952589795122
0.011121313982619131
0.011834262068249123
0.013232894044765872
0.013989320373056016
0.013715684044188237
0.014204709560564755
0.013516655033698241
0.013517483541695182
0.012942491097157439
0.012160941563053406
0.011847690631511277
0.011370941790370761
0.011215367706856518
0.010518937170646092
0.01026487747126092
0.010177829989737501
0.009910579231306308
0.00924343336104069
0.008786569182564945
0.008832382991016637
0.007732486598759805
0.007904108887154834
0.007248342134584986
0.006571661243551742
0.005670467044256585
0.0043079163524841054
0.004286282970126918
0.004718247640809035
0.0046154859982454706
0.003933646183885886
0.002944884072421188
0.002696370486413175
0.0027273279414107916
0.0034286448780823002
0.0030255939582171333
0.0038686081217926428
0.005042235942515977
0.006273442157221183
0.005742344529893687
0.006837885879422092
0.007473835273806884
0.008170946658741568
0.0094509025759448
0.01083948097004649
0.011369080842354844
0.012202195101701984
0.012541846048329567
0.012262882674966766
0.01176840374902221
0.011909749271080395
0.012061156963575258
0.012923542943016827
0.012804990152280473
0.01215152719620048
0.012248648852016295
0.011957148706945147
0.01335992138824177
0.013208917113071756
0.013210030817526504
0.013645495073466553
0.013712997950849407
0.014086918353564772
0.014361054741905275
0.013519870469054063
0.01301574526102904
0.012503014648475787
0.010327054042659016
0.008735223425877561
0.00740144169739923
0.00759911042820145
0.008781264618493165
0.010510234573975978
0.01197834452251228
0.013393703819332425
0.014223433330247658
0.01722206941107834
0.017348866542226896
0.01855592345317257
0.01764611910591107
0.017072123221790542
0.016817696417761853
0.01752109912933546
0.01644789481362281
0.017354775515690195
0.016965297860633038
0.01670954662760184
0.0165800881481372
0.017551130100366755
0.018853162063696367
0.01869670556007127
0.017579509996015246
0.016618645393051742
0.01707348903124373
0.01616877786661688
0.015625549612733623
0.01586169848408423
0.01596971216709932
0.015143594041706216
0.017749968473211437
0.016686861169794637
0.013587413653819479
0.010763994881083884
0.010762059026970633
0.008764482283626345
0.007773859768480526
0.007501015764548165
0.004395860495966624
0.00521038998540416
0.005764936278919315
0.007072811590873885
0.007980792015834026
0.008575164359940863
0.008495967202149506
0.008860052212035775
0.010036650223057489
0.010216262467262677
0.009185839825514056
0.010313738056592288
0.01320636188736323
0.01549280238691503
0.017555789458181596
0.01670395058661274
0.019131202463514938
0.01756125472453492
0.01671173416195938
0.017032611758036404
0.015042880814524857
0.016782877128192295
0.01868972753948007
0.018545990995360695
0.02060755536932996
0.02236097551986496
0.021943555352312436
0.021080233805629386
0.020429333721391895
0.0204752888941768
0.017373512042762107
0.01406996313783373
0.011700929527178602
0.009176652014760067
0.008995557586942569
0.007811347815838189
0.008095580010104277
0.00802865784549323
0.010916150704346287
0.014869159821590459
0.018178936143240065
0.02053563504739992
0.023968560734845972
0.025487281559632834
0.02595042626432175
0.028026700881480862
0.029359480976338802
0.0289490188054794
0.02708023371944932
0.025192631446516258
0.025084738852537414
0.02404739427671946
0.023610707765757473
0.02199109715316632
0.021313142909951132
0.021213649879264062
0.02243482151700788
0.02763833098615038
0.031808831121246814
0.03396015793985652
0.04002823401050813
0.040620044673781434
0.043128755289249886