2.
1.990019
1.960299
1.911508
1.844734
1.761459
1.663519
1.553047
1.432419
1.304189
1.171018
1.035609
0.900628
0.768646
0.642071
0.523092
0.41363
0.315299
0.229377
0.156786
0.098083
0.053464
0.022776
0.005537
0.000971
0.00804
0.025489
0.051891
0.085698
0.125291
0.169022
0.215268
0.262469
0.309166
0.354031
0.395899
0.433778
0.466869
0.494567
0.516462
0.532334
0.542137
0.54599
0.544152
0.537004
0.525023
0.508764
0.488828
0.46585
0.440468
0.413312
0.384985
0.356047
0.32701
0.298327
0.270387
0.243514
0.217967
0.193942
0.171576
0.150952
0.132104
0.115026
0.099676
0.085985
0.073863
0.063204
0.053894
0.045811
0.038834
0.032844
0.027726
0.023375
0.019689
0.016578
0.013962
0.011768
0.009932
0.0084
0.007124
0.006064
0.005187
0.004463
0.003868
0.003384
0.002992
0.00268
0.002435
0.002247
0.002107
0.00201
0.001948
0.001917
0.001914
0.001936
0.001986
0.002063
0.002174
0.002325
0.002525
0.002787
0.003125
0.003554
0.004093
0.004756
0.005561
0.006519
0.00764
0.008927
0.010375
0.011971
0.013694
0.015509
0.017374
0.019234
0.021026
0.022679
0.02412
0.02527
0.026058
0.026417
0.026293
0.025651
0.024477
0.022787
0.020627
0.018076
0.015255
0.012316
0.009453
0.006889
0.004877
0.003688
0.00361
0.004928
0.007919
0.012839
0.019906
0.02929
0.041099
0.05537
0.072058
0.091028
0.112055
0.134818
0.15891
0.183836
0.209035
0.233883
0.257719
0.279863
0.29964
0.316403
0.32956
0.338601
0.343115
0.34282
0.337574
0.327394
0.312461
0.293127
0.269909
0.243481
0.214662
0.184389
0.153699
0.123688
0.095485
0.070211
0.048941
0.032666
0.022255
0.018423
0.021702
0.032412
0.05065
0.076275
0.108907
0.147931
0.192514
0.241624
0.294058
0.34848
0.403456
0.457506
0.509143
0.556923
0.599492
0.635628
0.664284
0.684618
0.696026
0.698157
0.690929
0.674532
0.64942
0.616299
0.576105
0.529975
0.479211
0.425238
0.369564
0.313733
0.259273
0.20766
0.160267
0.11833
0.082914
0.054879
0.03487
0.023293
0.020316
0.025867
0.039643
0.061127
0.089611
0.124218
0.163935
0.207648
0.254175
0.3023
0.350814
0.39854
0.444369
0.487284
0.526385
0.560903
0.590217
0.613859
0.631518
0.643037
0.64841
0.647767
0.641365
0.629571
0.612842
0.591712
0.566766
0.538624
0.507926
0.475308
0.441392
0.406773
0.372002
0.337584
0.303966
0.271539
0.240627
0.211495
0.184347
0.159329
0.136533
0.116003
0.097739
0.081708
0.067842
0.05605
0.046225
0.038242
0.031972
0.027278
0.024026
0.022081
0.021315
0.021606
0.02284
0.024909
0.027716
0.03117
0.035189
0.039695
0.044617
0.049886
0.05544
0.061213
0.067142
0.073164
0.079213
0.085222
0.091119
0.096834
0.102293
0.107419
0.112139
0.11638
0.12007
0.123147
0.125553
0.127238
0.128167
0.128314
0.127669
0.126238
0.124042
0.121117
0.117515
0.113303
0.10856
0.103375
0.097845
0.092073
0.086162
0.080216
0.074332
0.068603
0.063112
0.057931
0.05312
0.048731
0.044801
0.041362
0.038437
0.036047
0.034211
0.032955
0.03231
0.032318
0.033037
0.034539
0.036914
0.040268
0.044723
0.050413
0.057477
0.066055
0.076281
0.08827
0.102113
0.117864
0.135529
0.155062
0.17635
0.19921
0.223387
0.248549
0.274288
0.300128
0.325534
0.349918
0.372661
0.393128
0.410689
0.424741
0.434733
0.44019
0.440736
0.436118
0.42622
0.411086
0.390929
0.366134
0.337266
0.305059
0.27041
0.234359
0.198065
0.162782
0.12982
0.100515
0.076182
0.05808
0.047369
0.045069
0.052023
0.068866
0.095995
0.133548
0.181387
0.239097
0.305982
0.38108
0.463178
0.550841
0.642443
0.736213
0.830271
0.922686
1.011521
1.094888
1.170997
1.238206
1.295061
1.340341
1.373085
1.392618
1.398568
1.390874
1.369783
1.335841
1.289876
1.232972
1.166436
1.09176
1.01058
0.924634
0.835709
0.745601
0.656067
0.568783
0.485306
0.407039
0.335203
0.270816
0.214674
0.167347
0.129171
0.100257
0.080498
0.069583
0.06702
0.072157
0.084211
0.102291
0.125431
0.15262
0.182824
0.215021
0.248218
0.281475
0.313927
0.344793
0.373391
0.399146
0.421593
0.440377
0.455256
0.466092
0.472843
0.475561
0.474376
0.469489
0.461156
0.449682
0.435406
0.418691
0.399914
0.379457
0.357698
0.335004
0.311728
0.288198
0.26472
0.241572
0.219003
0.197235
0.176459
0.156837
0.138508
0.121582
0.106148
0.092274
0.080008
0.06938
0.060405
0.053085
0.047407
0.043346
0.040865
0.039917
0.040441
0.042365
0.045604
0.050059
0.05562
0.062159
0.069539
0.077606
0.086193
0.095123
0.104209
0.113256
0.122066
0.130437
0.138176
0.145094
0.151017
0.155789
0.159278
0.161379
0.16202
0.161165
0.15882
0.155027
0.149874
0.143487
0.136033
0.127712
0.118755
0.109418
0.099972
0.090697
0.081871
0.073763
0.066621
0.060665
0.056078
0.052998
0.051514
0.051659
0.05341
0.056689
0.06136
0.06724
0.074099
0.081673
0.08967
0.097783
0.105701
0.113124
0.119769
0.125387
0.12977
0.132763
0.134267
0.134246
0.132727
0.129802
0.12562
0.120387
0.114352
0.107799
0.101034
0.094371
0.088122
0.082578
0.077997
0.074594
0.072529
0.071902
0.072741
0.075009
0.078597
0.083333
0.088988
0.095285
0.101914
0.108543
0.114837
0.120473
0.125158
0.12864
0.130729
0.131303
0.13032
0.127824
0.123948
0.118908
0.113003
0.106606
0.100145
0.094097
0.08896
0.085243
0.083436
0.083997
0.087326
0.09375
0.103503
0.116714
0.133399
0.153451
0.176643
0.202626
0.230941
0.261028
0.292241
0.323872
0.355165
0.385346
0.413645
0.43932
0.461684
0.480126
0.494132
0.503301
0.507363
0.506181
0.499766
0.488268
0.47198
0.451326
0.426849
0.399196
0.369101
0.337359
0.304808
0.272304
0.240695
0.210802
0.183392
0.159165
0.13873
0.122595
0.111153
0.104678
0.103318
0.107097
0.115916
0.129562
0.147714
0.169958
0.1958
0.224678
0.255983
0.289072
0.323287
0.357969
0.392473
0.426184
0.458527
0.488979
0.517073
0.542413
0.564667
0.583578
0.59896
0.610698
0.618745
0.623115
0.623883
0.621171
0.61515
0.606026
0.594035
0.579438
0.562509
0.543534
0.522804
0.500605
0.477221
0.452925
0.42798
0.402635
0.377122
0.351659
0.326449
0.30168
0.277526
0.254148
0.231696
0.210309
0.190118
0.171247
0.153812
0.137921
0.123676
0.111173
0.100496
0.091722
0.084913
0.080118
0.077369
0.076676
0.078027
0.081386
0.086688
0.093838
0.102712
0.113151
0.124969
0.137948
0.151844
0.166388
0.181293
0.196255
0.210964
0.225111
0.238389
0.250507
0.261197
0.270218
0.277365
0.282477
0.285439
0.286186
0.284707
0.281047
0.2753
0.267613
0.258179
0.247231
0.235034
0.221879
0.20807
0.193919
0.179733
0.165804
0.152401
0.139763
0.12809
0.117538
0.108218
0.100192
0.093472
0.088029
0.08379
0.080646
0.078465
0.077092
0.076365