0.
0.
0.
2.e-6
0.000014
0.000052
0.000153
0.000377
0.00082
0.001616
0.002947
0.005043
0.008182
0.012686
0.018915
0.027253
0.038092
0.051814
0.068771
0.089259
0.113495
0.141596
0.173556
0.209233
0.24833
0.290394
0.334814
0.380827
0.427533
0.473918
0.51888
0.561265
0.599905
0.63366
0.661462
0.682361
0.69556
0.700457
0.696676
0.684087
0.662825
0.633293
0.596156
0.552328
0.502947
0.449337
0.392969
0.335412
0.278277
0.223165
0.171611
0.125026
0.084654
0.051525
0.026421
0.009853
0.002041
0.002915
0.012119
0.029031
0.052789
0.082327
0.11642
0.15373
0.192859
0.232401
0.270991
0.307355
0.34035
0.369001
0.392527
0.410361
0.422158
0.427797
0.427368
0.421159
0.409632
0.393389
0.373145
0.349687
0.32384
0.296432
0.268264
0.240077
0.212532
0.186192
0.161512
0.138831
0.118376
0.100267
0.084527
0.071099
0.059861
0.050646
0.043259
0.037491
0.033141
0.030023
0.027973
0.026862
0.026587
0.027075
0.028276
0.030156
0.032684
0.035825
0.039531
0.043729
0.048316
0.053154
0.058073
0.062869
0.067314
0.071165
0.074176
0.076114
0.076774
0.075997
0.073687
0.069821
0.064465
0.057778
0.050017
0.041533
0.032765
0.024226
0.016485
0.010146
0.005821
0.004102
0.005533
0.010579
0.019601
0.032832
0.050357
0.0721
0.097816
0.127093
0.159358
0.193893
0.229856
0.26631
0.302256
0.336668
0.368532
0.396889
0.420866
0.439717
0.452849
0.459848
0.460495
0.454775
0.44288
0.425197
0.402295
0.374901
0.343873
0.310161
0.274773
0.238735
0.203048
0.168656
0.136409
0.107031
0.081103
0.059041
0.041092
0.027328
0.017658
0.01184
0.0095
0.010156
0.013249
0.018174
0.02431
0.031048
0.037824
0.044141
0.049586
0.053848
0.056722
0.058114
0.058032
0.056583
0.053951
0.050383
0.046167
0.041609
0.037014
0.032663
0.028796
0.025598
0.023189
0.021619
0.020869
0.020855
0.021436
0.022434
0.023641
0.024845
0.025848
0.026479
0.026619
0.026209
0.025263
0.023873
0.022209
0.020516
0.019104
0.018331
0.01859
0.020281
0.023792
0.029474
0.037615
0.048421
0.061994
0.078324
0.097271
0.11857
0.141829
0.166541
0.192097
0.217809
0.242937
0.266714
0.28838
0.307212
0.322559
0.333867
0.340707
0.342793
0.339999
0.332365
0.320098
0.303568
0.283292
0.259913
0.234182
0.206918
0.178984
0.151251
0.12456
0.099694
0.077349
0.058102
0.0424
0.03054
0.022663
0.018755
0.018654
0.02206
0.028552
0.037616
0.048665
0.061072
0.074193
0.087399
0.1001
0.11177
0.121961
0.130322
0.136603
0.140662
0.142463
0.142065
0.139616
0.135335
0.129496
0.122414
0.114417
0.105838
0.096995
0.088175
0.079629
0.071561
0.064127
0.057435
0.051549
0.046499
0.042286
0.038893
0.0363
0.03449
0.033463
0.033239
0.033865
0.035417
0.037998
0.041729
0.046748
0.053191
0.061185
0.070829
0.082181
0.095245
0.109957
0.126176
0.143676
0.16215
0.181205
0.200376
0.219137
0.236918
0.253125
0.267168
0.278486
0.286574
0.291011
0.291482
0.287805
0.279944
0.268023
0.252331
0.233321
0.211599
0.18791
0.163117
0.13817
0.114074
0.091851
0.072502
0.05697
0.046095
0.040586
0.040986
0.047649
0.060718
0.080121
0.105563
0.136537
0.172336
0.212077
0.254733
0.299163
0.344156
0.388471
0.430882
0.47022
0.505408
0.535507
0.559734
0.577496
0.588399
0.59226
0.589106
0.579168
0.562863
0.540775
0.513627
0.482252
0.447559
0.410495
0.372018
0.333055
0.294482
0.257092
0.221573
0.188501
0.158321
0.131349
0.10777
0.087649
0.070937
0.057489
0.04708
0.039422
0.034186
0.031017
0.029555
0.029447
0.03036
0.031993
0.034083
0.036407
0.038784
0.041074
0.043175
0.045016
0.046554
0.047771
0.048661
0.049234
0.04951
0.049517
0.049293
0.048887
0.048362
0.047796
0.047293
0.04698
0.047013
0.047578
0.048893
0.051202
0.054774
0.059893
0.066848
0.075923
0.087379
0.101441
0.118281
0.138002
0.160622
0.186063
0.214138
0.244549
0.276882
0.310612
0.34511
0.379658
0.413468
0.445703
0.475507
0.502033
0.524473
0.542096
0.55427
0.560498
0.560439
0.553928
0.54099
0.521849
0.496925
0.466826
0.432336
0.394389
0.354042
0.312442
0.270788
0.230289
0.192125
0.157403
0.127124
0.102145
0.083149
0.070625
0.064847
0.065874
0.073543
0.087482
0.107121
0.131721
0.160396
0.192153
0.225923
0.260604
0.295096
0.328342
0.359358
0.387268
0.411329
0.430946
0.445691
0.455304
0.459696
0.458942
0.453265
0.443024
0.428685
0.410806
0.390004
0.366931
0.34225
0.31661
0.290623
0.264852
0.239791
0.21586
0.193396
0.172654
0.153809
0.136961
0.122142
0.109327
0.098447
0.089395
0.08204
0.076239
0.071841
0.068696
0.06666
0.065599
0.065384
0.0659
0.067033
0.068676
0.070721
0.073058
0.075572
0.078141
0.080639
0.082934
0.084893
0.086388
0.087301
0.087533
0.087009
0.08569
0.083578
0.080723
0.077229
0.073254
0.069015
0.064778
0.060856
0.057602
0.055393
0.054616
0.055654
0.058867
0.06457
0.073024
0.08441
0.09882
0.116243
0.13656
0.159536
0.184826
0.211977
0.240441
0.26959
0.298735
0.327147
0.354084
0.378821
0.400668
0.419003
0.433297
0.443129
0.448207
0.448381
0.443646
0.434149
0.420178
0.402156
0.380625
0.356224
0.329669
0.30172
0.273163
0.244772
0.217286
0.191385
0.167664
0.146617
0.128619
0.113922
0.10265
0.094796
0.090238
0.088739
0.089974
0.093538
0.098977
0.105802
0.113515
0.12163
0.129692
0.137296
0.144096
0.149821
0.154277
0.157349
0.159001
0.159265
0.15824
0.156073
0.152949
0.149078
0.144679
0.139968
0.135144
0.130381
0.12582
0.121567
0.117686
0.114206
0.111121
0.108399
0.105988
0.103826
0.101851
0.100009
0.098263
0.096599
0.095034
0.093615
0.092418
0.091552
0.091144
0.091341
0.092294
0.094152
0.097045
0.101081
0.106327
0.112808
0.120491
0.12929
0.139056
0.149585
0.160618
0.171851
0.182946
0.193543
0.203274
0.211783
0.218737
0.223844
0.22687
0.227648
0.226089
0.22219
0.216037
0.2078
0.197736
0.186172
0.1735
0.160158
0.146616
0.133354
0.120844
0.109534
0.099823
0.092053
0.086489
0.083311
0.082609
0.084376
0.088515
0.09484
0.103085
0.11292
0.123961
0.135792
0.147976
0.16008
0.171687
0.182416
0.191933
0.199965
0.206304
0.210818
0.213446
0.214199
0.213157
0.210456
0.206279
0.20085
0.194412
0.18722
0.17953
0.171581
0.163593
0.155752
0.148213
0.14109
0.13446
0.128366
0.122819
0.117805
0.113295
0.109249
0.105626
0.102393
0.09953
0.097033
0.094921
0.093236
0.09204
0.09141
0.09144
0.092224
0.093855
0.096412
0.099952
0.104504
0.110055
0.116551
0.123889
0.131918
0.140439
0.149215
0.15797
0.166407
0.174217
0.181094
0.186748
0.190924
0.193413
0.194069
0.192816
0.189662
0.184697
0.178101
0.170137
0.161148
0.151541
0.141778