2.
1.99002
1.960332
1.91167
1.845236
1.762652
1.66591
1.557298
1.439338
1.31469
1.186084
1.056224
0.927724
0.803026
0.684342
0.573602
0.47242
0.382058
0.30342
0.237052
0.183146
0.14157
0.11189
0.093414
0.085232
0.08626
0.095286
0.111018
0.132132
0.157302
0.185248
0.21476
0.244722
0.27414
0.302144
0.32801
0.351144
0.371102
0.387564
0.400344
0.409364
0.414648
0.416308
0.414532
0.409566
0.4017
0.391264
0.378604
0.36408
0.348058
0.330892
0.312926
0.294484
0.27587
0.257358
0.239188
0.22157
0.204684
0.188668
0.173632
0.159652
0.146774
0.135012
0.124362
0.114794
0.10626
0.098702
0.09205
0.086226
0.081154
0.076756
0.072958
0.069692
0.066894
0.06451
0.062494
0.060806
0.059414
0.058286
0.057402
0.05674
0.056278
0.055996
0.055868
0.055874
0.055982
0.05616
0.056374
0.05659
0.05677
0.056876
0.056874
0.056736
0.056438
0.055962
0.055302
0.054456
0.05344
0.052276
0.050998
0.049646