0.
0.
0.
1.e-6
3.e-6
0.000013
0.000038
0.000094
0.000203
0.0004
0.000728
0.001242
0.002008
0.003104
0.004612
0.006619
0.009213
0.012477
0.016483
0.021286
0.026922
0.033399
0.040693
0.048749
0.057474
0.066741
0.076386
0.086217
0.096015
0.105541
0.114546
0.12278
0.130001
0.135985
0.140535
0.143494
0.144746
0.14423
0.141936
0.137913
0.132266
0.125151
0.11677
0.107366
0.097208
0.086585
0.075788
0.065106
0.054804
0.04512
0.036251
0.028348
0.02151
0.015781
0.011156
0.007576
0.004943
0.003127
0.001973
0.001321
0.001013
0.000909
0.000902
0.000924
0.000961
0.001053
0.0013
0.001864
0.002955
0.004834
0.007791
0.012136
0.01818
0.026215
0.036493
0.049213
0.064493
0.082362
0.102745
0.125452
0.15018
0.176509
0.20391
0.231761
0.259361
0.285953
0.310754
0.332976
0.351866
0.366732
0.376974
0.382115
0.381826
0.375943
0.364486
0.347665
0.325881
0.299723
0.269949
0.237472
0.20333
0.168652
0.134625
0.102453
0.073314
0.048321
0.028483
0.014665
0.007559
0.00766
0.01524
0.030342
0.052774
0.082116
0.117727
0.158772
0.204245
0.253
0.303794
0.355321
0.406257
0.455301
0.501217
0.542867
0.57925
0.609525
0.633036
0.649323
0.658134
0.659422
0.653343
0.640236
0.620612
0.595125
0.56455
0.529747
0.491636
0.451162
0.409266
0.366858
0.324789
0.283833
0.244666
0.207857
0.173858
0.142999
0.115495
0.091444
0.070842
0.053591
0.039514
0.02837
0.01987
0.013693
0.009502
0.006954
0.005718
0.005482
0.005963
0.00691
0.00811
0.00939
0.010614
0.011684
0.012536
0.013134
0.013467
0.013544
0.013387
0.01303
0.012509
0.011866
0.011139
0.010363
0.00957
0.008784
0.008026
0.007311
0.006646
0.006038
0.005489
0.004999
0.004565
0.004186
0.00386
0.003584
0.003358
0.003184
0.003066
0.00301
0.003026
0.003127
0.003332
0.003663
0.004151
0.00483
0.005741
0.006931
0.008452
0.01036
0.012712
0.015564
0.01897
0.022976
0.027615
0.032905
0.038844
0.045406
0.052536
0.060149
0.068127
0.076321
0.084548
0.092599
0.10024
0.107223
0.11329
0.118188
0.121678
0.123547
0.123626
0.121798
0.118009
0.112287
0.104742
0.095577
0.08509
0.073673
0.061809
0.050058
0.039054
0.029479
0.022047
0.017481
0.016486
0.019723
0.027781
0.041153
0.060205
0.085162
0.116081
0.152845
0.195151
0.242509
0.294245
0.349518
0.407329
0.466555
0.52597
0.584284
0.64018
0.692351
0.739542
0.780593
0.814471
0.840307
0.857428
0.865373
0.863918
0.853079
0.833114
0.804516
0.768
0.724479
0.675033
0.620879
0.563328
0.50375
0.443523
0.383998
0.326454
0.272064
0.221859
0.176702
0.137267
0.104028
0.077247
0.05698
0.043083
0.035229
0.032927
0.035547
0.042351
0.052526
0.065214
0.079548
0.09468
0.109813
0.124225
0.137291
0.148496
0.157448
0.163883
0.167663
0.168772
0.167304
0.163453
0.15749
0.149752
0.140614
0.130476
0.119736
0.108782
0.097966
0.087599
0.077936
0.069175
0.061451
0.054835
0.049341
0.044934
0.04153
0.039013
0.037247
0.036078
0.035353
0.034927
0.034672
0.034479
0.03427
0.033997
0.03364
0.03321
0.032746
0.032304
0.031959
0.031795
0.031897
0.032346
0.033214
0.034556
0.036409
0.038785
0.041674
0.045039
0.048823
0.052946
0.057313
0.061816
0.06634
0.070767
0.074983
0.078882
0.082369
0.085368
0.087817
0.08968
0.090937
0.09159
0.091663
0.091195
0.090239
0.088862
0.087139
0.085149
0.082975
0.080698
0.078397
0.076147
0.074014
0.072061
0.070341
0.068901
0.067782
0.067019
0.066639
0.066667
0.067122
0.068018
0.069362
0.071159
0.073401
0.076077
0.079162
0.08262
0.086402
0.090446
0.094674
0.098994
0.103299
0.107471
0.111382
0.114898
0.117885
0.120209
0.121749
0.122394
0.122058
0.120677
0.118219
0.114688
0.110123
0.104602
0.098243
0.091198
0.083653
0.075821
0.067937
0.060245
0.052997
0.046435
0.040787
0.036255
0.033006
0.031165
0.030811
0.031967
0.034603
0.038635
0.043926
0.05029
0.057504
0.06531
0.073429
0.081572
0.089451
0.09679
0.10334
0.108884
0.11325
0.116314
0.118007
0.118318
0.117289
0.115016
0.111641
0.107346
0.10234
0.096853
0.091121
0.085375
0.079832
0.074683
0.070083
0.066149
0.062951
0.060515
0.058822
0.057812
0.05739
0.057436
0.057814
0.058385
0.059017
0.059598
0.060045
0.060319
0.060424
0.06042
0.06042
0.06059
0.061148
0.062351
0.064488
0.067868
0.072802
0.079588
0.088496
0.099749
0.113508
0.129859
0.148801
0.170236
0.193968
0.219701
0.247041
0.275509
0.304544
0.33353
0.361805
0.388688
0.413499
0.435584
0.454338
0.469229
0.479812
0.485754
0.486845
0.483004
0.474289
0.460895
0.44315
0.421502
0.396513
0.368834
0.339188
0.308345
0.277101
0.246249
0.216553
0.188732
0.163427
0.141194
0.12248
0.107614
0.096802
0.090124
0.087533
0.088862
0.093836
0.102081
0.113146
0.126512
0.141622
0.15789
0.17473
0.191569
0.207866
0.223127
0.236918
0.248875
0.258711
0.266218
0.27127
0.273819
0.273892
0.271584
0.267049
0.260488
0.252145
0.242287
0.231201
0.21918
0.206512
0.193476
0.180331
0.167311
0.154622
0.142438
0.130903
0.120124
0.110179
0.101116
0.092956
0.085696
0.079314
0.073768
0.069009
0.064973
0.061594
0.058799
0.056517
0.054677
0.053209
0.052049
0.051138
0.05042
0.049848
0.049378
0.048976
0.04861
0.048257
0.0479
0.047528
0.047133
0.046715
0.046276
0.045824
0.045367
0.044918
0.044487
0.044088
0.043731
0.043424
0.043172
0.042978
0.042839
0.042752
0.042707
0.042697
0.042711
0.042743
0.042789
0.042854
0.042951
0.043105
0.043355
0.043758
0.044386
0.045327
0.046689
0.048592
0.051168
0.054556
0.058898
0.064332
0.070982
0.078955
0.088331
0.099154
0.111427
0.125106
0.140091
0.156229
0.173309
0.191065
0.209178
0.227283
0.244979
0.261839
0.277421
0.291289
0.30302
0.312228
0.318578
0.321799
0.321703
0.318194
0.311278
0.301073
0.287805
0.271815
0.253547
0.233544
0.212433
0.190904
0.169699
0.14958
0.131313
0.115637
0.10324
0.094737
0.090644
0.091361
0.097153
0.108139
0.124282
0.145392
0.171123
0.200983
0.234348
0.270479
0.308542
0.347638
0.386823
0.425144
0.461664
0.495493
0.52581
0.551897
0.573148
0.589095
0.599416
0.60394
0.602656
0.5957
0.583353
0.566028
0.54425
0.51864
0.489889
0.458738
0.42595
0.392286
0.358488
0.325249
0.293199
0.262891
0.234787
0.209249
0.186535
0.166802
0.150105
0.136404
0.125577
0.117428
0.111702
0.108098
0.106288
0.105927
0.106671
0.108187
0.110168
0.112337
0.11446
0.116345
0.117848
0.118873
0.119367
0.119319
0.118755
0.117728
0.116315
0.114609
0.11271
0.110718
0.108731
0.106835
0.105102
0.103588
0.102331
0.101351
0.100649
0.10021
0.100007
0.1
0.100142
0.100384
0.100674
0.100962