0.
0.
0.
2.e-6
0.000014
0.000052
0.000152
0.000376
0.000814
0.001604
0.002918
0.004984
0.008064
0.01247
0.018536
0.026618
0.037068
0.05022
0.066364
0.085724
0.10844
0.134536
0.163914
0.196336
0.231418
0.268634
0.307316
0.346678
0.385836
0.42384
0.459704
0.492454
0.521162
0.544988
0.563224
0.575318
0.580904
0.579828
0.57214
0.558112
0.538212
0.513094
0.483564
0.45055
0.415062
0.378152
0.340876
0.30425
0.26922
0.236632
0.207204
0.181514
0.159986
0.142892
0.130344
0.122314
0.118636
0.119026
0.1231
0.130398
0.140392
0.15252
0.166202
0.180854
0.19591
0.210842
0.225162
0.238442
0.250322
0.260508
0.268784
0.275006
0.279104
0.281072
0.280968
0.278906
0.275044
0.269576
0.26273
0.254746
0.24588
0.236392
0.226538
0.216562
0.206694
0.197148
0.188106
0.179728
0.172142
0.165442
0.159686
0.154902
0.151082
0.148182
0.146136
0.14485
0.144208
0.144082
0.144336
0.144834
0.145442