0.
0.
0.
0.
4.e-6
0.000012
0.000038
0.000094
0.000202
0.000396
0.00072
0.001228
0.00198
0.003054
0.004526
0.006476
0.008988
0.012132
0.015972
0.02055
0.025892
0.031994
0.038824
0.04632
0.054384
0.062892
0.071692
0.080608
0.089452
0.098018
0.10611
0.11353
0.120104
0.125676
0.130126
0.133366
0.135348
0.136072
0.135572
0.133924
0.131242
0.127662
0.123346
0.11847
0.113216
0.10776
0.10227
0.096896
0.091764
0.086974
0.082602
0.078688
0.075248
0.072278
0.069748
0.067618
0.065838
0.064362
0.063142
0.062146
0.061358
0.06078
0.060436
0.060376
0.060668
0.0614
0.062674
0.064602
0.0673
0.07088
0.075438
0.081054
0.087782
0.095648
0.104636
0.114698
0.125742
0.137642
0.150228
0.163308
0.176656
0.190028
0.203168
0.215814
0.227712
0.238614
0.248294
0.25655
0.263216
0.268156
0.271276
0.27253
0.27191
0.269458
0.265264
0.259462
0.252234
0.243806
0.234444
0.224452
0.214162