0.
0.
0.
2.e-6
0.000014
0.000052
0.000153
0.000377
0.00082
0.001616
0.002947
0.005043
0.008182
0.012687
0.018916
0.027255
0.038095
0.051819
0.06878
0.089273
0.113517
0.141629
0.173606
0.209303
0.248428
0.290528
0.334993
0.38106
0.427833
0.474295
0.519346
0.561831
0.60058
0.634452
0.662375
0.683395
0.69671
0.701714
0.698023
0.685504
0.664284
0.634761
0.597598
0.553705
0.504218
0.450463
0.393914
0.336142
0.278767
0.223397
0.171576
0.124727
0.084104
0.050749
0.025454
0.008741
0.000837
0.001678
0.010913
0.027921
0.051838
0.081595
0.11596
0.153585
0.193063
0.232974
0.27194
0.308673
0.342017
0.370983
0.394779
0.412828
0.424777
0.430499
0.430084
0.423818
0.412166
0.395736
0.375249
0.351502
0.32533
0.297573
0.269041
0.240487
0.212581
0.185895
0.160888
0.137906
0.117175
0.098816
0.082852
0.06922
0.057794
0.048401
0.040839
0.034896
0.030365
0.027056
0.024806
0.023481
0.022985
0.023246
0.024222
0.025883
0.028208
0.031172
0.034731
0.038822
0.043346
0.048172
0.053128
0.058012
0.062592
0.066616
0.069832
0.071993
0.072884
0.072333
0.070228
0.066537
0.061314
0.05471
0.046976
0.038464
0.029615
0.02095
0.013048
0.00653
0.002026
0.000148
0.001464
0.006461
0.015524
0.028903
0.046701
0.068853
0.095121
0.125093
0.15819
0.19368
0.2307
0.268286
0.305406
0.340997
0.374006
0.40343
0.428356
0.447998
0.461727
0.469099
0.469871
0.464015
0.451717
0.433368
0.409554
0.381026
0.348674
0.313491
0.27653
0.238869
0.201561
0.1656
0.131884
0.101181
0.074106
0.051101
0.032428
0.018166
0.008216
0.002319
0.000074
0.000964
0.004391
0.009702
0.016228
0.023316
0.030355
0.036811
0.042239
0.046307
0.048796
0.049611
0.048769
0.046396
0.042703
0.037974
0.032537
0.026745
0.020947
0.015468
0.010589
0.006528
0.003433
0.001369
0.000325
0.000212
0.000876
0.002115
0.003691
0.005355
0.006869
0.008021
0.008653
0.008673
0.008066
0.006906
0.005356
0.003664
0.002153
0.001211
0.001263
0.002756
0.006127
0.01178
0.020055
0.031207
0.045382
0.0626
0.082744
0.105552
0.130624
0.157425
0.185306
0.213523
0.241263
0.267683
0.291934
0.313207
0.33076
0.343958
0.352297
0.35543
0.353186
0.345577
0.332804
0.315248
0.293461
0.268138
0.240097
0.210242
0.17953
0.14893
0.119386
0.09178
0.066899
0.045404
0.027807
0.014454
0.005518
0.000995
0.00071
0.004334
0.011399
0.021329
0.033463
0.04709
0.061483
0.075929
0.08976
0.102377
0.113277
0.122065
0.128466
0.132329
0.133628
0.132447
0.128973
0.123479
0.116301
0.107815
0.098419
0.08851
0.078461
0.068609
0.059241
0.050581
0.042793
0.035978
0.03018
0.025394
0.021578
0.018669
0.016595
0.015288
0.014702
0.014822
0.015667
0.0173
0.019825
0.023381
0.028133
0.034262
0.041948
0.051349
0.062586
0.075726
0.09076
0.107592
0.12603
0.145779
0.166441
0.187525
0.208453
0.228585
0.24724
0.26372
0.27735
0.287502
0.293633
0.295316
0.292267
0.284372
0.2717
0.254515
0.233282
0.208655
0.181463
0.15269
0.123437
0.094891
0.068274
0.044803
0.025639
0.011837
0.004306
0.003766
0.010712
0.025395
0.047797
0.077633
0.114352
0.157151
0.205001
0.256685
0.310832
0.365972
0.420583
0.473149
0.522208
0.566408
0.604549
0.635625
0.658857
0.67371
0.679914
0.677461
0.666599
0.647814
0.621807
0.589459
0.551795
0.509939
0.465072
0.418387
0.371048
0.32415
0.278685
0.235517
0.195357
0.158755
0.126092
0.097582
0.073282
0.053105
0.03684
0.024176
0.014728
0.008059
0.003708
0.001215
0.000138
0.000072
0.000663
0.001614
0.002692
0.003724
0.004598
0.005252
0.005667
0.005861
0.005871
0.00575
0.005559
0.005354
0.005193
0.005125
0.005198
0.005462
0.005973
0.006801
0.008038
0.009807
0.012262
0.015601
0.02006
0.025911
0.033461
0.043039
0.054979
0.069612
0.087236
0.108103
0.132392
0.16019
0.191471
0.226078
0.263716
0.30394
0.346154
0.389622
0.433479
0.476748
0.518374
0.55725
0.592261
0.622322
0.646417
0.663652
0.673282
0.674761
0.667764
0.652212
0.628293
0.596459
0.557429
0.512166
0.461861
0.407889
0.351772
0.295129
0.239619
0.186885
0.138498
0.095898
0.060348
0.03288
0.014269
0.004995
0.005234
0.014849
0.033399
0.060154
0.094126
0.134109
0.17872
0.226453
0.275735
0.324981
0.37265
0.4173
0.45763
0.492526
0.521087
0.542654
0.556816
0.563417
0.562545
0.554519
0.539859
0.51926
0.493551
0.463661
0.430573
0.395286
0.358779
0.321974
0.28571
0.250719
0.217607
0.186851
0.15879
0.133632
0.111463
0.09226
0.07591
0.062229
0.050981
0.0419
0.034708
0.029134
0.024921
0.021843
0.019706
0.018352
0.017654
0.017518
0.017868
0.018646
0.019794
0.021253
0.022953
0.024806
0.026708
0.028534
0.030144
0.031393
0.032135
0.032237
0.031593
0.030138
0.027856
0.024801
0.021097
0.016948
0.01264
0.008537
0.005072
0.002734
0.002051
0.003568
0.007822
0.015314
0.026478
0.041662
0.061093
0.084859
0.112892
0.144957
0.180644
0.219376
0.260413
0.302877
0.345774
0.388022
0.428497
0.466061
0.499617
0.52814
0.550727
0.56663
0.575286
0.576347
0.569696
0.555455
0.533982
0.505865
0.4719
0.433062
0.390472
0.345356
0.298998
0.252693
0.207699
0.165194
0.126232
0.091704
0.062315
0.038556
0.020697
0.008782
0.002636
0.00188
0.005959
0.014164
0.025677
0.039602
0.055013
0.07099
0.086657
0.10122
0.113997
0.124435
0.132132
0.136843
0.138479
0.1371
0.132904
0.126204
0.117403
0.106972
0.095415
0.083245
0.070954
0.058991
0.047741
0.037511
0.028521
0.020898
0.014684
0.009838
0.006253
0.003769
0.002196
0.001329
0.000971
0.000953
0.001145
0.001475
0.001932
0.00257
0.003507
0.004918
0.007022
0.010068
0.014312
0.020001
0.02735
0.036519
0.047597
0.060587
0.075393
0.091814
0.109545
0.128183
0.147238
0.166151
0.184314
0.201099
0.215885
0.228085
0.23718
0.242745
0.244469
0.242179
0.235852
0.225622
0.21178
0.194765
0.175152
0.153631
0.130976
0.108019
0.085615
0.064601
0.045769
0.029824
0.01736
0.008831
0.004532
0.004589
0.008952
0.017398
0.029543
0.044857
0.062693
0.082309
0.102905
0.123658
0.143754
0.162426
0.17898
0.192827
0.203502
0.210679
0.214183
0.213987
0.210209
0.203101
0.193031
0.180459
0.165913
0.14996
0.133183
0.116146
0.099375
0.083335
0.068411
0.054903
0.043009
0.032837
0.024401
0.017635
0.012407
0.008536
0.005811
0.004012
0.00293
0.002381
0.002224
0.002372
0.002794
0.003521
0.004641
0.006287
0.008629
0.011857
0.01616
0.021708
0.028634
0.037012
0.046846
0.058055
0.07047
0.083829
0.097782
0.111902
0.125704
0.138661
0.15023
0.159882
0.167129
0.171555
0.172841
0.170791
0.165353
0.15663
0.144887
0.130553
0.114212
0.096583