2.
1.990024
1.960348
1.9117
1.845268
1.762642
1.665752
1.5568
1.438184
1.312426
1.182098
1.049766
0.917922
0.788946
0.665048
0.548242
0.440302
0.342738
0.256766
0.1833
0.122924
0.075908
0.042194
0.021428
0.012964
0.015908
0.02915
0.051406
0.081258
0.117206
0.15771
0.201236
0.246292
0.29146
0.33544
0.377062
0.415312
0.449346
0.478498
0.502284
0.520396
0.5327
0.539218
0.540118
0.535698
0.526354
0.51257
0.494894
0.473908
0.450222
0.42444
0.397154
0.368928
0.340284
0.311692
0.283568
0.25627
0.230088
0.20526
0.18196
0.160308
0.140376
0.12219
0.105736
0.090972
0.077826
0.066212
0.056024
0.047148
0.039468
0.032864
0.027224
0.022434
0.01839
0.014994
0.01216
0.009806
0.007864
0.006272
0.004974
0.003926
0.003086
0.002422
0.001904
0.001508
0.001212
0.000996
0.000846
0.000748
0.00069
0.000656
0.000642
0.000634
0.000628
0.000618
0.000598
0.000566
0.000528
0.000484
0.000446
0.000422