0.
0.
0.
1.e-6
3.e-6
0.000013
0.000038
0.000094
0.000203
0.0004
0.000728
0.001242
0.002008
0.003104
0.004612
0.006619
0.009214
0.012478
0.016485
0.021289
0.026926
0.033404
0.0407
0.048759
0.057488
0.066758
0.076409
0.086245
0.096049
0.105581
0.114593
0.122833
0.130059
0.136046
0.140598
0.143554
0.144801
0.144274
0.141964
0.137919
0.132243
0.125092
0.11667
0.107217
0.097005
0.086322
0.075464
0.064717
0.05435
0.044602
0.035672
0.027712
0.020823
0.015051
0.010388
0.006778
0.004123
0.00229
0.001125
0.000464
0.000147
0.000034
0.000012
0.000014
0.000021
0.000074
0.000273
0.000776
0.001798
0.003599
0.006474
0.010737
0.016703
0.024671
0.034898
0.047589
0.062869
0.080773
0.101229
0.124052
0.14894
0.175471
0.203116
0.231247
0.259157
0.286078
0.311214
0.333767
0.352966
0.368104
0.378567
0.383861
0.383643
0.377737
0.366155
0.349099
0.326971
0.300359
0.270032
0.236913
0.202056
0.166611
0.131789
0.098822
0.068917
0.043217
0.022761
0.008445
0.000987
0.000905
0.00849
0.023798
0.046645
0.076611
0.11305
0.155113
0.201773
0.25186
0.3041
0.357149
0.409648
0.460253
0.507687
0.550773
0.588469
0.6199
0.644378
0.661418
0.670748
0.67231
0.666251
0.652916
0.632822
0.606641
0.575169
0.539296
0.499972
0.458179
0.414894
0.371065
0.327581
0.285247
0.244774
0.206755
0.171664
0.139848
0.111532
0.08682
0.065705
0.048085
0.033772
0.022511
0.013999
0.007894
0.003841
0.00148
0.00046
0.000454
0.001162
0.002323
0.003713
0.005154
0.006507
0.00767
0.008582
0.009209
0.009544
0.009603
0.009414
0.009016
0.008453
0.007772
0.007015
0.006224
0.00543
0.004662
0.00394
0.003277
0.002682
0.002159
0.001705
0.001318
0.000992
0.000721
0.0005
0.000324
0.000187
0.00009
0.000032
0.000017
0.000054
0.000153
0.000333
0.000616
0.001032
0.001616
0.002412
0.00347
0.004845
0.006599
0.008795
0.011497
0.014766
0.018657
0.023212
0.028458
0.0344
0.04102
0.048266
0.056058
0.064276
0.072766
0.081339
0.089773
0.097818
0.105205
0.111653
0.116884
0.120629
0.122648
0.122741
0.120767
0.116651
0.110402
0.102122
0.092014
0.080385
0.067648
0.054316
0.040996
0.028373
0.017195
0.00825
0.002341
0.000256
0.002744
0.010476
0.024023
0.043822
0.070154
0.103119
0.142622
0.188364
0.239835
0.296319
0.356907
0.420513
0.485901
0.551718
0.616529
0.678859
0.737239
0.790249
0.836564
0.875
0.904548
0.924413
0.934039
0.933132
0.921667
0.899898
0.868344
0.827781
0.779211
0.723838
0.663024
0.59825
0.531066
0.463045
0.395733
0.330601
0.269003
0.212135
0.161003
0.116398
0.078879
0.048763
0.026125
0.010809
0.002439
0.00045
0.004111
0.012563
0.024854
0.03998
0.056921
0.074683
0.092328
0.109007
0.123986
0.136662
0.146581
0.153438
0.157085
0.157518
0.154866
0.149379
0.141404
0.131361
0.119722
0.106984
0.093646
0.080185
0.06704
0.054591
0.043151
0.032958
0.024167
0.016856
0.011027
0.006614
0.003495
0.001504
0.000445
0.000105
0.000269
0.000734
0.001318
0.001873
0.002285
0.002485
0.002446
0.002183
0.001749
0.001227
0.000726
0.000368
0.000282
0.000594
0.001417
0.002844
0.004943
0.007749
0.011264
0.015457
0.020262
0.025584
0.031302
0.037276
0.043352
0.04937
0.055174
0.060614
0.065555
0.069886
0.073515
0.076382
0.078453
0.079722
0.080214
0.079975
0.079073
0.077595
0.075638
0.073309
0.070718
0.067973
0.065178
0.062431
0.059819
0.057419
0.055296
0.053506
0.052093
0.051091
0.050528
0.050423
0.050791
0.051642
0.052979
0.054801
0.057103
0.059868
0.063073
0.066685
0.070654
0.074919
0.079401
0.084005
0.088617
0.093112
0.097347
0.101172
0.104432
0.106972
0.108643
0.10931
0.108861
0.107209
0.104305
0.100138
0.094742
0.088198
0.080636
0.072229
0.063198
0.053795
0.044305
0.035032
0.026285
0.018372
0.011582
0.006175
0.00237
0.000332
0.000167
0.001912
0.005532
0.010921
0.017903
0.026235
0.03562
0.045717
0.05615
0.066528
0.076461
0.085572
0.093516
0.099994
0.104765
0.107659
0.108579
0.107508
0.104509
0.09972
0.093346
0.085654
0.076951
0.067578
0.057886
0.048225
0.038923
0.030273
0.022519
0.015846
0.010372
0.006144
0.00314
0.001272
0.000395
0.000318
0.00082
0.001666
0.002623
0.003482
0.004073
0.00428
0.004058
0.00344
0.002544
0.001572
0.00081
0.000617
0.001409
0.003649
0.007818
0.014396
0.023834
0.03653
0.052803
0.072869
0.096825
0.124625
0.156079
0.190841
0.228414
0.268158
0.309303
0.35097
0.392196
0.431969
0.469254
0.503035
0.53235
0.556326
0.57421
0.585404
0.589486
0.586232
0.575624
0.557857
0.533339
0.502674
0.466651
0.426215
0.382439
0.336488
0.289584
0.242963
0.197836
0.155353
0.116561
0.082378
0.053561
0.030688
0.01414
0.004097
0.000536
0.003239
0.011802
0.025661
0.044112
0.066339
0.091447
0.118493
0.146521
0.17459
0.201809
0.227358
0.250514
0.27067
0.287345
0.300192
0.309005
0.313709
0.314361
0.311132
0.304296
0.294215
0.281313
0.266062
0.248963
0.230523
0.211238
0.19158
0.171984
0.152833
0.134455
0.117117
0.101026
0.086322
0.073093
0.061368
0.051133
0.042333
0.034882
0.028671
0.023573
0.019455
0.016181
0.013619
0.011641
0.010133
0.008993
0.00813
0.007471
0.006951
0.006524
0.006149
0.005801
0.005458
0.005109
0.004746
0.004368
0.003977
0.003577
0.003174
0.002776
0.002392
0.00203
0.0017
0.001408
0.00116
0.000959
0.000804
0.000693
0.000619
0.000572
0.00054
0.000511
0.000471
0.000412
0.000331
0.000236
0.000143
0.000091
0.000132
0.000345
0.000832
0.001721
0.003163
0.005334
0.008432
0.012665
0.018252
0.025411
0.034346
0.04524
0.058242
0.073453
0.090914
0.110599
0.1324
0.156124
0.181488
0.208117
0.235548
0.263239
0.290573
0.316883
0.341464
0.363598
0.382576
0.397731
0.408457
0.414245
0.414701
0.409577
0.398785
0.382414
0.360742
0.334236
0.30355
0.269514
0.233118
0.195483
0.157837
0.121471
0.087707
0.057849
0.033142
0.014727
0.003598
0.000563
0.006214
0.020897
0.044692
0.077405
0.118567
0.167439
0.223031
0.284129
0.349329
0.41708
0.485725
0.55356
0.618879
0.680032
0.735475
0.783814
0.823853
0.854625
0.875423
0.885813
0.885653
0.875081
0.854513
0.824623
0.786312
0.740677
0.68897
0.632553
0.572855
0.51132
0.449365
0.388336
0.329468
0.273853
0.222411
0.175874
0.134771
0.099426
0.069961
0.046307
0.028221
0.015308
0.007052
0.002837
0.001987
0.003794
0.007544
0.012552
0.018183
0.023872
0.029142
0.033612
0.037006
0.039149
0.039969
0.039482
0.037787
0.035046
0.03147
0.027305
0.022809
0.01824
0.013842
0.00983
0.006379
0.003624
0.001646
0.00048
0.000112
0.000484
0.001502
0.003042
0.00496
0.007101
0.009311
0.011442