0.
0.
0.
0.
4.e-6
0.000012
0.000038
0.000094
0.000202
0.000398
0.000722
0.001228
0.001984
0.003062
0.00454
0.006506
0.00904
0.012218
0.016112
0.02077
0.026222
0.032476
0.039504
0.047256
0.055638
0.06453
0.073782
0.08321
0.092612
0.10177
0.11045
0.118424
0.125468
0.13137
0.135948
0.139052
0.140566
0.140426
0.138608
0.135144
0.130118
0.123658
0.115938
0.10717
0.097596
0.087478
0.077086
0.066696
0.05656
0.046922
0.03798
0.029904
0.022814
0.01678
0.011826
0.007924
0.00501
0.002974
0.001686
0.000996
0.000752
0.000804
0.001026
0.00132
0.00163
0.001946
0.002316
0.002834
0.003658
0.00499
0.00707
0.010172
0.014586
0.020598
0.028478
0.038458
0.050716
0.065362
0.082416
0.101804
0.12335
0.146764
0.171658
0.197538
0.223828
0.249874
0.274972
0.298388
0.319384
0.337248
0.351324
0.361032
0.365906
0.365616
0.359982
0.348998
0.332838
0.31186
0.286598
0.257766
0.22622