2.
1.990019
1.960299
1.911508
1.844734
1.761459
1.663517
1.553042
1.432407
1.304165
1.170978
1.035542
0.900527
0.768501
0.641871
0.522828
0.413294
0.314888
0.228888
0.156222
0.09745
0.052773
0.022043
0.004781
0.000213
0.007304
0.0248
0.051276
0.085182
0.124896
0.168769
0.215175
0.262548
0.309424
0.354474
0.396523
0.434578
0.467834
0.495682
0.517708
0.533689
0.543578
0.547492
0.545689
0.538551
0.526556
0.51026
0.490269
0.467216
0.441745
0.414488
0.386048
0.356992
0.327831
0.299021
0.270952
0.24395
0.218275
0.194123
0.171632
0.150884
0.131914
0.114715
0.099247
0.085439
0.073202
0.06243
0.053008
0.044816
0.037733
0.031641
0.026428
0.021985
0.018215
0.015029
0.012344
0.010091
0.008206
0.006634
0.005329
0.004249
0.00336
0.002633
0.002043
0.001567
0.001189
0.000892
0.000662
0.000489
0.00036
0.000268
0.000205
0.000164
0.000142
0.000134
0.000141
0.000165
0.000209
0.000282
0.000394
0.000558
0.00079
0.001108
0.001531
0.002078
0.002768
0.003616
0.004635
0.005829
0.007197
0.00873
0.010404
0.01219
0.014043
0.01591
0.017725
0.019418
0.020909
0.02212
0.022974
0.023399
0.023337
0.022748
0.021615
0.019947
0.017788
0.015216
0.012349
0.009341
0.006388
0.003717
0.001586
0.000275
0.00008
0.001299
0.004219
0.009108
0.016196
0.025665
0.037634
0.052149
0.06917
0.088566
0.110111
0.133481
0.158258
0.183936
0.209935
0.235609
0.260273
0.283215
0.303731
0.321139
0.334814
0.344212
0.348893
0.348546
0.343008
0.33228
0.316533
0.296119
0.271564
0.243563
0.212962
0.180739
0.147976
0.115829
0.085489
0.058145
0.034944
0.016949
0.0051
0.000177
0.002768
0.013246
0.031741
0.058134
0.092054
0.132875
0.179738
0.231566
0.287098
0.344921
0.403517
0.461306
0.516696
0.568136
0.61416
0.653441
0.684831
0.7074
0.720469
0.723627
0.716755
0.700021
0.673884
0.639075
0.596578
0.547596
0.493516
0.435867
0.37627
0.316389
0.257882
0.202351
0.151296
0.106068
0.067837
0.037557
0.015942
0.003454
0.000292
0.006394
0.021446
0.044896
0.075982
0.113755
0.157116
0.204852
0.255671
0.308248
0.361255
0.413405
0.463481
0.510366
0.553072
0.590755
0.622732
0.64849
0.667688
0.680156
0.685889
0.685035
0.677879
0.664827
0.646389
0.623152
0.595763
0.564908
0.531288
0.495605
0.458539
0.420739
0.382808
0.345292
0.308677
0.273381
0.239753
0.208072
0.178555
0.151353
0.126559
0.104217
0.084324
0.066839
0.051691
0.038782
0.027999
0.019213
0.01229
0.007093
0.003482
0.001324
0.00049
0.000857
0.002311
0.004744
0.008055
0.012153
0.016948
0.022359
0.028305
0.034709
0.041494
0.048582
0.055893
0.063346
0.070854
0.078331
0.085685
0.09282
0.099642
0.106053
0.111958
0.117264
0.121885
0.125741
0.128762
0.130891
0.132086
0.132321
0.13159
0.129903
0.127293
0.123811
0.119528
0.114533
0.108927
0.102826
0.096354
0.089641
0.082815
0.076005
0.069331
0.062902
0.056816
0.051154
0.045983
0.04135
0.03729
0.033823
0.030958
0.028699
0.027048
0.026008
0.025593
0.02583
0.026763
0.028457
0.031002
0.034509
0.039115
0.044974
0.052256
0.061138
0.071794
0.084387
0.099052
0.115892
0.134955
0.15623
0.179631
0.204989
0.232048
0.260455
0.289766
0.319447
0.348882
0.377387
0.404227
0.428637
0.449843
0.467094
0.47969
0.487009
0.488542
0.483918
0.47293
0.45556
0.431995
0.402636
0.368107
0.329249
0.287112
0.242934
0.198117
0.154192
0.112782
0.075553
0.044169
0.02024
0.005264
0.000583
0.00733
0.026383
0.058331
0.103439
0.161629
0.232467
0.315161
0.408571
0.51123
0.621376
0.736987
0.855837
0.975548
1.093654
1.207662
1.315125
1.413702
1.501228
1.575766
1.635668
1.679611
1.706641
1.71619
1.708096
1.6826
1.640338
1.582323
1.509911
1.424759
1.328782
1.224097
1.112962
0.997717
0.880723
0.764299
0.65067
0.541905
0.439881
0.346235
0.262339
0.189271
0.127808
0.078417
0.041262
0.016212
0.002865
0.000575
0.008476
0.025527
0.050543
0.082235
0.119254
0.160224
0.203779
0.2486
0.29344
0.337152
0.378704
0.4172
0.451889
0.482167
0.507581
0.527825
0.542732
0.552269
0.556515
0.555659
0.549975
0.539811
0.525573
0.507708
0.48669
0.463009
0.437156
0.409614
0.380849
0.351305
0.321397
0.291506
0.26198
0.233132
0.205238
0.178542
0.153252
0.129547
0.107577
0.087466
0.069314
0.053198
0.039176
0.027288
0.017556
0.009983
0.004559
0.001255
0.000024
0.000803
0.003507
0.008034
0.01426
0.022037
0.031198
0.041551
0.052884
0.064965
0.077542
0.090349
0.103107
0.115531
0.127333
0.138231
0.147952
0.156243
0.162874
0.16765
0.170415
0.17106
0.169528
0.165816
0.159982
0.152144
0.14248
0.131224
0.118664
0.105132
0.090997
0.076655
0.062517
0.048993
0.036484
0.025363
0.015963
0.008564
0.003385
0.000568
0.000179
0.002195
0.006512
0.012939
0.02121
0.030986
0.041871
0.053428
0.065189
0.076676
0.087421
0.096983
0.104966
0.111038
0.11494
0.116504
0.115657
0.112427
0.106943
0.099428
0.090198
0.07964
0.068204
0.056382
0.044683
0.033619
0.023675
0.015288
0.008833
0.004598
0.00277
0.003432
0.006548
0.011968
0.019432
0.028579
0.038963
0.05007
0.061343
0.072207
0.082093
0.090472
0.096875
0.100924
0.10235
0.101012
0.096911
0.090195
0.081162
0.070255
0.058047
0.045224
0.032566
0.020911
0.011129
0.004084
0.000599
0.001424
0.007195
0.018411
0.035401
0.058307
0.087071
0.121422
0.160883
0.204775
0.252236
0.302241
0.353632
0.405157
0.455504
0.503345
0.54738
0.586381
0.619229
0.64496
0.66279
0.67215
0.672702
0.664358
0.647279
0.621878
0.588804
0.54893
0.503323
0.453213
0.399959
0.345008
0.28985
0.23598
0.184851
0.137836
0.096191
0.061019
0.033244
0.01359
0.002565
0.000452
0.007308
0.022968
0.047057
0.079005
0.118073
0.163372
0.213895
0.268547
0.326174
0.385598
0.445644
0.505167
0.56308
0.618375
0.670144
0.717589
0.760037
0.796946
0.827905
0.852637
0.870991
0.88294
0.888565
0.888049
0.88166
0.869743
0.8527
0.830978
0.80506
0.775445
0.742644
0.707164
0.669506
0.63015
0.589559
0.548167
0.506383
0.464584
0.423122
0.382317
0.342466
0.30384
0.266688
0.231241
0.197711
0.166295
0.137176
0.110524
0.086496
0.065237
0.046878
0.031532
0.019297
0.010248
0.004436
0.001885
0.002588
0.006502
0.013543
0.02359
0.036476
0.051986
0.069863
0.089803
0.11146
0.134446
0.15834
0.182693
0.207036
0.230887
0.253764
0.275193
0.294722
0.311932
0.326447
0.337944
0.346166
0.350926
0.352119
0.349719
0.343786
0.334464
0.321977
0.306624
0.288768
0.26883
0.247271
0.22458
0.201261
0.17781
0.154707
0.132398
0.111279
0.091687
0.073889
0.058077
0.044364
0.032782
0.02329
0.015775
0.010067
0.005945
0.003159
0.001439