0.
0.
0.
2.e-6
0.000014
0.000052
0.000152
0.000376
0.000816
0.001604
0.002922
0.004992
0.008084
0.012514
0.018626
0.026788
0.037376
0.050748
0.067238
0.087118
0.110588
0.137756
0.16861
0.203014
0.240692
0.281226
0.32406
0.3685
0.41373
0.458832
0.502814
0.544624
0.5832
0.617488
0.646494
0.669306
0.685138
0.693368
0.693552
0.685468
0.669114
0.64474
0.612828
0.5741
0.529502
0.480162
0.42738
0.372568
0.317216
0.26284
0.210926
0.162886
0.120002
0.083388
0.053952
0.032358
0.019012
0.014048
0.017322
0.028434
0.046728
0.071336
0.101208
0.13515
0.171872
0.210038
0.248308
0.285394
0.320096
0.351338
0.378208
0.399978
0.416122
0.426324
0.43048
0.428684
0.421224
0.408554
0.391266
0.370066
0.345736
0.319098
0.290986
0.26221
0.233526
0.205616
0.179056
0.15432
0.131752
0.11158
0.093912
0.07875
0.066002
0.055498
0.047016
0.040302
0.035088
0.03111
0.028132
0.025956
0.024422