0.
0.
8.873656876691187e-8
2.9454000011231523e-7
1.0017380685059407e-6
5.843373295449116e-7
2.323991581005344e-6
3.649077803859244e-6
7.134222020191393e-6
9.947872836152538e-6
0.000014052670214334208
0.000017429262738326828
0.000021532579735222003
0.00002685707934289487
0.00002997949567912863
0.000034520282140071134
0.0000389771873369537
0.00004750950587532388
0.00005963531277351901
0.00007615541238497666
0.000101395361174176
0.000132343587533773
0.00016690383851990326
0.00019693432266200476
0.000216908304439934
0.00023075956332466716
0.00024276527648009211
0.000253997145559746
0.00026068821359859565
0.00026610390225025043
0.0002629027630962376
0.0002470502479426535
0.00023186997724719506
0.0002207593470363654
0.00020701346639927755
0.00018886913696789732
0.00017417915565760077
0.00016142650928965637
0.00014492406148971113
0.00012883244894242406
0.0001263840240109677
0.00014199517993743747
0.0001756166979126612
0.00022388250874987318
0.00027722537710490457
0.00033428888045369186
0.000393829059019447
0.0004512852341341784
0.0004946153224281196
0.000528944820026195
0.0005717252382211192
0.0006283635449916155
0.0006935963796503583
0.0007537670638947578
0.0007790419419282501
0.0007738093045395829
0.0008218586102488272
0.0008796439207987718
0.0009439567244457084
0.0010410172344023584
0.0011815680764938523
0.0013318005521680075
0.001494236857149297
0.001712888718181142
0.0019036051935066075
0.002073666129668308
0.0022732375671609475
0.00247022031704034
0.0026251282115344744
0.002722132956962137
0.002784113004906107
0.0028387115893655735
0.0029628082236784346
0.0031043596175385803
0.0031658851779730016
0.0032137033778515196
0.0032614905894199522
0.0033533340971219085
0.003540321463301667
0.003790242363050631
0.004037480284624154
0.004337387126077275
0.004848076814149748
0.0056039181384754284
0.006545762165684085
0.007585360008834291
0.0086275961374751
0.009534917286969383
0.010220089539241048
0.0109236268426114
0.011769724097793411
0.012622526195473827
0.013448130756725213
0.014244908698064699
0.014877303181402223
0.015342154963955515
0.01543727704566944
0.015337865689391371
0.015471920413164536
0.015610879967399727
0.015517306080855529
0.015218875074394034
0.014468308947951087
0.01329095009457105
0.012217320251361208
0.011171176762218153
0.010037454204853209
0.008955455351182683
0.007908023185090962
0.006813645805163841
0.005844068817288841
0.005052445859631421
0.004448475266684445
0.0038594688844358913
0.003243633626837796
0.0027923319791004634
0.0025331343355906584
0.0023727357548748475
0.0023033351277928775
0.0023959339444969206
0.002684238384394566
0.003125391599281041
0.003564794803913382
0.003919346303627076
0.004170491164417837
0.004256230692937403
0.004084752475690277
0.003719996297319897
0.0034648388104393515
0.0038560088488580105
0.005105119941442852
0.0068922821312745386
0.009535783380839009
0.01304460837924635
0.01687610920012375
0.021110843832903573
0.025850731140144773
0.031627249057527056
0.03790911065887182
0.04273659701769064
0.04639494883387618
0.04993610693571823
0.05359604553133479
0.058230082335078946
0.06361619612620517
0.06951571208925515
0.07694681050913355
0.0851530404939526
0.09262534589929847
0.09939553215157927
0.10510278023756726
0.11014389646175986
0.11297417158236865
0.11056596717096276
0.10507905802155497
0.10126462048163015
0.09992076858836635
0.10023341447859432
0.10480722453339092
0.11272837467895987
0.12113548783392827
0.13067959981690094
0.14026022932560522
0.14882541203448113
0.15638265077067232
0.16524751262648343
0.17573990848136234
0.18632927696063475
0.1969359466766616
0.2019419098915147
0.20045315933223717
0.19710285365230945
0.19409414183572635
0.19062710599150007
0.1880383469879542
0.18908123613405386
0.19064957090822965
0.19103460389429514
0.18773076413996262
0.1869003304326779
0.19395609993525245
0.20316751914296435
0.21306388365828022
0.22146425027027328
0.23378948973729388
0.24552816369282182
0.2517947186418007
0.26094354512571866
0.2696976066680906
0.26911552213953077
0.2606877136584889
0.2507538689480645
0.2449243670313442
0.24432067760138448
0.2371536598250212
0.22367843156157563
0.22052365978585955
0.2277636038145465
0.2451026263450706
0.2645215214996561
0.2848077591461811
0.30303779925940616
0.3126068165586443
0.318644006259327
0.3190835448951506
0.3136991491716318
0.3074845873562333
0.3168416858995423
0.34524855964899737
0.3870271385580339
0.42188978742457056
0.448022731222038
0.4681341516323771
0.45868547966541534
0.42588958506644803
0.3784197786019829
0.3111495174825689
0.22813004813118393
0.16268359381231395
0.1286997142924812
0.13815285463523708
0.25887710409794057
0.4643456955939495
0.669256610851089
0.893287454820823
1.1894748938267279
1.607518902190153
2.0746937249370814
2.527547211340684
3.025289857848186
3.7547974711737435
4.527381486914857
5.180964996033139
5.83869286023921
6.323745906294415
6.62159310129665
6.887259137046186
7.230178891779041
7.756687569213538
8.725316447559253
9.849125320077839
11.019822289586399
11.999432864356004
13.048956016442459
13.877303616556587
14.426379259632371
14.71268258940681
14.399612452193029
13.794227416867187
12.565663744453843
10.915103781919052
9.302996054020852
7.620096561079362
6.270222894089094
5.711459246576256
6.691962173419797
8.528032375265283
10.017977041205741
10.983600360154249
11.036067633099092
10.350813065661884
9.573235977256472
8.380996791245419
6.6704854557956015
4.812924478158586
7.917187727573273
15.114454066818617
23.35984884541123
29.73563993375783
33.23991788056933
36.85372518247974
41.66365175399365
47.618298250216384
54.084309524638876
59.635415162347016
69.4404000848588
86.25015247700648
103.89435226844301
115.45128979763794
123.26554319737932
124.79325741083701
118.0863208404618
116.44916441785676
116.59244077241654
106.84609600981267
87.48864124384858
71.16070991784217
67.74063060416309
86.82890802788853
125.463759209428
176.61757383324462
223.7842436470873
285.41318934638275
382.11825483100665
510.681077768379
654.5177674607818
791.8594522859124
882.5558121143827
924.563586494159
982.564840423272
1058.6306930346498