0.
0.
8.81066684896587e-7
6.548057540473916e-6
0.000014646312533939594
0.000046963690317079714
0.000039287558599501275
0.000024601730780749906
0.00006445117502273059
0.0000485047056900733
0.00009652056787671056
0.0001133563951649409
0.00008947014604236254
0.00006284407733830291
0.00004986310930220015
0.00005939051525313054
0.00005813184881611415
0.00003323640165104721
0.000058136229330585535
0.00005816903724760892
0.00004315258807622429
0.00007090009423603059
0.00008400570085716025
0.00005882891134893716
0.0000533066311120929
0.00007191733269396967
0.00008285279246171979
0.00009708355202185873
0.00007298703049611213
0.00008144568702961258
0.00006800673291616485
0.00005719404793193393
0.00006282981207761108
0.0000858681322652739
0.00011695287725035371
0.00011960618373119018
0.00011540871694593028
0.00015891088008490042
0.00014752867919285882
0.00014229972740387913
0.00012775201319684324
0.00013918498015096968
0.00014496008616450497
0.00017199267136447217
0.0001719094997698079
0.00020754857171109627
0.0002195947461270569
0.0003035733716948862
0.00024484827097986315
0.0002435560336894529
0.0003190839002142308
0.0003998149540360494
0.0004512277852523082
0.0006903178228146301
0.000778201438158277
0.0007665325307344214
0.0008182548695135478
0.0009960799206050173
0.0011915971954293333
0.0013221117859962867
0.0014511709612294134
0.0016355612399817764
0.0016280594640154058
0.0017354757577944867
0.00171043099939958
0.0017481112891247507
0.0016037338805857625
0.0014025458803274325
0.001331181728158515
0.0011407156020227622
0.0011961787303467815
0.00109758160609584
0.0010211416928693898
0.0010566673997401976
0.0009520496159259781
0.0009828501061145062
0.000893499770404469
0.0008268913994505923
0.0008020802890641709
0.0009554728581788421
0.000993637441412865
0.00109479451564959
0.0009752170040487704
0.0010548792009729803
0.0010952284844718523
0.0010728435161822217
0.0013633409901574241
0.0015244228677363616
0.001313526191257781
0.0017468994298589825
0.0019221248983919178
0.0015657779104608911
0.0010835363039864074
0.0005914071807131505
0.000637074352245349
0.0008123730973870512
0.0014631733042603868
0.002384983753185302
0.002595244841952592
0.0025533297141060113
0.002612390034892173
0.0026810304498385055
0.0028778579653202943
0.0028408829210143788
0.0025716638883823352
0.0027731564287113443
0.002682844894135182
0.0023816200995299447
0.00211463501358167
0.0018734619418241045
0.0016533156596395678
0.0014988299288905798
0.0011248145208903164
0.0009877937147597627
0.0007135152062576279
0.0005307199128464295
0.0003295736518516464
0.00020930195857660726
0.0002364696156958194
0.0003687142080490071
0.00041309611073902017
0.0004414848587068402
0.00043746772356718146
0.00042852739217823265
0.0004182278670455941
0.0005214714416294332
0.0007746664240911227
0.0010951743229314723
0.0014354868664168878
0.001862581234340188
0.0022245435686378537
0.0026062731905980257
0.0031459831688302685
0.0035216512561718084
0.0038107273529958082
0.004104633877761808
0.004187891802917566
0.004088779202850189
0.0040393428261682
0.004058338012161934
0.00402453680706162
0.00437975323676438
0.004102619690352069
0.004069915174253525
0.003432796985516902
0.004375412076939567
0.005974954952531732
0.007424370956135604
0.010438447705342146
0.01333983290782445
0.016262276202843345
0.015452308861975114
0.017601730167053704
0.01759624272151899
0.01722431283673418
0.01777819612269227
0.017419786759480714
0.018728492276018176
0.017335053465288183
0.017461220344532024
0.01600380175873435
0.014366765755506057
0.01294763303500218
0.012461948958849067
0.011608155231093062
0.012465105458026503
0.012905773640084144
0.013597753594028861
0.014849710530214652
0.013613839704081308
0.014496962226947394
0.01478945413263086
0.01537972061503771
0.013928412787223647
0.012850225125647608
0.010566452076517492
0.008983300327590602
0.00827253824937102
0.007184134324770729
0.008821728908582545
0.009148643096140444
0.0067034958552717695
0.007045083223776959
0.007624997653046226
0.007114463136322765
0.00842573412503619
0.010681775476128428
0.013462299743004424
0.01622684811913183
0.016087332473310213
0.01756647720914238
0.017299222320515093
0.017063624487941256
0.016434919192125926
0.016377908942368714
0.015380575796973602
0.015838596518633518
0.013794828194278259
0.012766678630276947
0.011994655491105356
0.009924275254607675
0.0071842575519218245
0.006023830282941949
0.0073002949345138705
0.011017314631138064
0.01734676484833391
0.0198845466766664
0.022680922976777027
0.025517912289348087
0.024568119712432807
0.025116376404985482
0.02627059405431616
0.02513550329580263
0.028959354144962875
0.02788162447259277
0.02956666751039387
0.03104513060157867
0.03546553699498397
0.035087739948684284
0.03819616851331236
0.04384709472688368
0.04959772299193366
0.05137658488702994
0.05933067118577043
0.06823337743609317
0.07464848374973573
0.0837284394963765
0.09309849131757662
0.10252066315465162
0.12080287704556518
0.12199799010720218
0.13707424664961743
0.15015070964429958
0.1546651943669167
0.16648294610337772
0.17898490844753825
0.18235533193529369
0.18779365806720444
0.183314476266497
0.17312723460224227
0.16766592936298882
0.15458779213809712
0.14378488988925978
0.1266721030325735
0.10712741530325302
0.0775240945623724
0.05160646668060638
0.04115403773313717
0.0463596942503313
0.04828352649624327
0.061796556068141315
0.08812309119952187
0.09495250808893274
0.07649042014270084
0.0884640045886683
0.11406765452805219
0.10613055298289815
0.1311332316750201
0.12485106474881781
0.12431482927306964
0.13315171618905675
0.14004675166749977
0.1425969007125979
0.14302786149387833
0.13377417383350615
0.12499447904103601
0.10859398874412134
0.10628123409553358
0.09412828041002531
0.08459127098639468
0.07025142294596197
0.06116971102085637
0.05670681526353333
0.05242933105901821
0.04305280031935779
0.033656015318567295
0.03966501463189403
0.05773218988104888
0.06637511474703289
0.07608944112222626
0.10099611780152175
0.11755037180413211
0.16093297471937065
0.1606484020266665
0.195493365880478
0.21263291643591353
0.24189146656655525
0.2700140865641972
0.2565670605754483
0.2738612345368443
0.2897113334995656
0.2898299598179061
0.3238933144477347
0.3555677240005462
0.3331226845799307
0.34536147326746497
0.4260669476540499
0.44293990806687056
0.5411036232059877
0.5262230081254383
0.5729976359301387