1.
0.995011240136
0.980167080125
0.955836195773
0.9226208697482001
0.8813350447462
0.8329765927867999
0.7786908600367999
0.7197428862088
0.6574653590627999
0.5932208085544
0.5283593754896
0.46417191104800004
0.4018580364230001
0.3424865271476001
0.2869692941436
0.2360402605418
0.19023893733400002
0.1499046439506
0.1151789234372
0.08601316111019999
0.06218464873540001
0.0433207956714
0.028926046133000004
0.018414088765600002
0.011143622661
0.0064536471448
0.0036997650408000004
0.0022881612164
0.0017061873033999999
0.00154870164
0.001537839131
0.001537250913
0.001559192513
0.001763595866
0.0024496941295999997
0.0040411238010000005
0.0070648316215999995
0.0121234492056
0.019864821112800003
0.030946980383200002
0.046002498569399995
0.0656019065018
0.09021949887139999
0.12020187793520001
0.15574158694540002
0.1968534381666
0.24336106983220002
0.29489070962619995
0.3508680604537999
0.41052932598040004
0.47293434252379996
0.5369928074902
0.6014894275714001
0.6651243575115999
0.7265475326954001
0.7844050132578
0.8373778871104001
0.884228857303
0.923840258274
0.9552542563490001
0.9777001384935999
0.9906256787036
0.9937109757514
0.986880793193
0.9703113187826
0.9444211656266001
0.9098539870586
0.867462708367
0.8182752098712
0.7634643553648
0.7043079745786
0.6421473049140001
0.5783410538475999
0.5142253410058
0.4510749735686
0.3900598498708
0.3322143881468
0.2784091587522
0.2293347923222
0.18548431727980003
0.147149097478
0.1144230890072
0.08721371835760001
0.0652571696784
0.048143877246200006
0.0353472816494
0.026256841536000004
0.0202146430996
0.016550270584
0.014615960609200002
0.0138220668848
0.0136669777542
0.013761154828800002
0.0138475902946
0.013812827240600001
0.013693648649600001
0.0136747790308
0.014079065015799998
0.015351929665200001
0.018039081320600003
0.0227587533228
0.0301689234446
0.040931582763
0.055678602321600004
0.0749752751596
0.09928429901960001
0.128937415149
0.164107446901
0.2047863590916
0.2507747802698
0.30167578740379997
0.3568919885831999
0.41564091145200005
0.4769691499459999
0.5397750025124001
0.6028401804697999
0.6648636064858
0.724508526589
0.7804398296272
0.8313661248449999
0.8760811673304
0.9135059865192
0.9427282872120001
0.9630272406846
0.9738972741674001
0.9750713364798
0.9665269105098
0.948485324923
0.9214113320552
0.8859914301661999
0.8431070049728
0.793811143465
0.7392913266423999
0.6808337644592
0.6197759979412
0.5574644072146
0.49521377763860003
0.4342667368282
0.37575131683779994
0.3206549716382
0.26979833096480005
0.22381181453000001
0.183127367679
0.14797761322859998
0.118397238319
0.0942366046212
0.0751787862752
0.06076807830679999
0.050437949168200005
0.043544633497399995
0.039407721173
0.0373413178246
0.03668979274820001
0.03686580221619999
0.037376503698399996
0.037846349195
0.0380357907424
0.037855256511399996
0.0373680679648
0.0367870770396
0.036462315549
0.03686550268839999
0.0385663195776
0.0422036936758
0.0484538071594
0.0579921674074
0.07145694553239999
0.0894139917746
0.11232373081459998
0.1405130182274
0.1741468875042
0.2132101568386
0.2574955313452
0.306588927648
0.3598824448648
0.4165866854178001
0.4757472802644
0.5362655758716001
0.5969281825212
0.6564494745692
0.7135074929806
0.7667974485025999
0.8150624868876001
0.8571314246825998
0.8919736640711999
0.9187216658158001
0.9367087184445999
0.9454825730024
0.9448257792674001
0.9347721855841999
0.9155942079368
0.8877888853704
0.8520751263233999
0.809367839151
0.7607358639828
0.7073778290852
0.650570952836
0.5916332307032001
0.5318873354568
0.47260875376859995
0.4149979821314
0.3601342734648
0.3089478482858
0.26219675871200004
0.2204384359964
0.1840354579492
0.15315027927139999
0.1277467784308
0.10760553959800001
0.0923492205618
0.0814673573602
0.0743485163296
0.07031428226399998
0.06865241886019999
0.06865609626220001
0.0696605852232
0.07107751417439999
0.0724176848184
0.07331637254559999
0.0735544150128
0.0730652551666
0.0719392983566
0.0704202408624
0.068891343553
0.0678535912384
0.0679058534746
0.0697111201942
0.073967386507
0.08136986146700001
0.092571450321
0.1081509899924
0.128580480654
0.15419362335080003
0.185156384041
0.22144864090680003
0.2628569513054
0.3089771843154
0.3592075505802
0.41275697991259996
0.4686788348946
0.5258862921674
0.5831886054014
0.6393337232796
0.6930318921698
0.7430034291796
0.788031159706
0.8269910485850002
0.858895887139
0.8829305904908
0.8984851832534
0.9051627516351999
0.9028005063076
0.8914777905808
0.8715137370139999
0.843443571664
0.8080195439916
0.7661770489163999
0.7189921458894
0.6676603543290001
0.6134460948924
0.5576387771966
0.5015288013648
0.44635007500179996
0.3932412536884
0.34321282754239996
0.2971212346233999
0.2556454954134
0.2192661275402
0.1882583072588
0.16269917445960003
0.1424790196592
0.12730879263400002
0.11673994955220002
0.1102016674662
0.10702737167059999
0.10649094111499999
0.1078464509872
0.110360636273
0.11335550338839999
0.1162378214122
0.1185194231336
0.11984754557819999
0.12002474163399998
0.11901365620439999
0.1169373707728
0.11407127433339999
0.11082993310019999
0.10775484533060001
0.10548001520299999
0.1047018723416
0.1061507072432
0.110549074431
0.1185718401116
0.1308183523366
0.1477782382524
0.16979050597540002
0.19703153057859998
0.229501507401
0.266992230987
0.30909940062339997
0.3552378157312
0.4046472636152
0.45639505374059997
0.5094106351965999
0.5625189924063999
0.6144971927066001
0.6641031953342
0.7101047611636
0.7513322238542001
0.7867186318186
0.8153400073848
0.8364444215322001
0.8494748606558
0.8540908387430001
0.8501811210913999
0.8378765797986001
0.817533146555
0.7897238816714001
0.7552228681455999
0.7149711746313999
0.6700451522444
0.6216265004314
0.570953394457
0.5192848931596
0.4678543899541999
0.4178293729368
0.37028175827959997
0.32615057709580003
0.2862029890604
0.2510207489888
0.2209941694878
0.1963125216994
0.1769685679968
0.1627600062342
0.15331234043800002
0.14810040066559998
0.14648230716039998
0.1477375822812
0.15109137886340002
0.15575813560760002
0.16098502661800002
0.1660879483786
0.17046449891279997
0.1736347234284
0.17526037427540003
0.17515950821139997
0.1733233143904
0.16991070895700003
0.1652360330356
0.159759381185
0.1540612519166
0.1488094457436
0.1447392944344
0.14261154775180002
0.1431776741224
0.1471508724308
0.1551586704376
0.167711546509
0.18517033299400001
0.20773472641319995
0.2354216704928
0.26804657500240003
0.3052394021326
0.3464277474796
0.3908622826696
0.43765247653539996
0.485765815445
0.5340728807536
0.5813888527302
0.6265173065170001
0.6682867083049999
0.7055714174686
0.7373553783146
0.7627759891371999
0.7811245637572
0.7919005728782
0.7948280201759998
0.7898180112036
0.7770263076812
0.7568566061836
0.7299166303221999
0.6969859651389999
0.6589900603078
0.6170003629092
0.5721873098188001
0.5257605598562
0.478945145034
0.4329226117598
0.3888006380128
0.3475785415426
0.3101006917698
0.2770398573452
0.2488915633682
0.22595150471540001
0.20830398999740002
0.19584563792919998
0.18828329379999997
0.18514916589379998
0.1858439553068
0.18965600260680002
0.19579377232499998
0.203433963119
0.21175463982180004
0.2199720412926
0.2273746511898
0.233353884963
0.23742925372160006
0.23927682751399998
0.2387443533206
0.2358502780706
0.23078425405640002
0.22389589440559998
0.21568059094800002
0.20676489569759998
0.1978744262288
0.18979095918619998
0.1833264168918
0.17928265386720002
0.1784090923964
0.1813683231316
0.18870549089740002
0.20081325899240002
0.21792079488339997
0.24007124764660004
0.2671112789422
0.2987014180288
0.33429601987040003
0.373175974795
0.41448090083059996
0.45721262615219993
0.5002887400782001
0.5425595781312
0.5828608790709999
0.6200748679204
0.6531411476524001
0.6810884579868002
0.7031037115013999
0.7185521890146
0.7269929811796
0.7281894357274
0.7221283482594
0.7090227877422001
0.6892955710226
0.663560731495
0.6326159388362
0.5974105237644001
0.5590035470858001
0.5185321513048
0.4771559051744
0.436033537764
0.3962835478913999
0.358929533257
0.3248771702556
0.294894247519
0.26955723072539994
0.2492415778816
0.23413155968400004
0.2242076978614
0.21924944058919998
0.2188790979602
0.22255107015859998
0.22957343924079998
0.2391531317658
0.25042880311739996
0.26252645395699997
0.2745838096624
0.2857949473214
0.29542640088800004
0.302860775933
0.3076467832792
0.309471302692
0.3081911044496001
0.3038692209266
0.2967523414292
0.2872401275536
0.27586812190339993
0.2632984129532
0.25030415853020005
0.23772559754180006
0.2264186934284
0.2172220658434
0.21092644726620002
0.208238766275
0.20974272533740002
0.2158629318334
0.2268641360148
0.2428318426054
0.263636728005
0.28895593045019996
0.3182922107596
0.3509770033684
0.38617923140519994
0.42294471979540005
0.4602485770138
0.49701584125719994
0.532150160716
0.5645818358900001
0.5932874104848
0.6173696952066
0.6360787945540001
0.6488062390082
0.6551729217812
0.6550001113117999
0.6483050387654
0.6353358834692
0.616548791562
0.5925746703152
0.5642203610366
0.5324438597982001
0.49827047392760004
0.4627901703914
0.4271218086844
0.3923626454058
0.3595570203342
0.3296535860114
0.30344532809139996
0.2815706421948
0.2645183731688
0.25256347028660003
0.2457585820168
0.2439782088224
0.24691104805180003
0.2540538688816
0.26475269861859996
0.2782401973982
0.29365605944039996
0.31009014158980003
0.3266200905332
0.3423406018254
0.35641436707220003
0.3681211934886
0.37685454927039996
0.3821329234708
0.3836659646588
0.3813814061956
0.375371865868
0.36589489348119997
0.3533808784128
0.338437627356
0.3217952275266
0.3042597345448
0.2867206513126
0.2700981108066
0.2552759316044
0.24309175366660002
0.234291687146
0.22949837857779998
0.2291837940482
0.2336533073104
0.2430218665556
0.25719363024680003
0.2759008895622
0.298679520301
0.3248868512076
0.3537536163542
0.38437204793519997
0.4157582193984001
0.4469021810148
0.47675751250700005
0.5042944648202
0.5285775056216
0.5487860379223999
0.5642139301311999
0.574331983341
0.5788116050362
0.5775243937655999
0.5705372713218001
0.5581173183079999
0.5407403141488001
0.5190538002759999
0.4938452390789999
0.4660369839596
0.4366368857704
0.4066854541622
0.37723952595879995
0.3493467109142
0.32396811086980004
0.30194992545060007
0.2839880530356
0.2706301026498
0.262242892986
0.25897430839900004
0.2607881755944
0.2674446330122
0.2785143673408
0.293392839269
0.311338358152
0.3315033263104
0.3529334684296
0.37463629243779994
0.3956161608652
0.41493962789219996
0.4317732252576
0.44537568386919996
0.45513672150460005
0.46061168982659995
0.4615538730948
0.45789650069739996
0.44974481409719996
0.4374259193504
0.4214593572716
0.4024946410012
0.3813112605034
0.3587958381922
0.3358702306692001
0.3134833166628
0.2925880790198
0.27407151962520004
0.25874601183620005
0.2472908917916
0.2402166531842
0.23786376266659998
0.2403851424306
0.2477311151722
0.25966393759699996
0.27578505379560003
0.2955113546272
0.31809253542480004
0.34267059346319995
0.3683017842362
0.3940022924712
0.41878596783960004
0.4416961605272
0.4618357684122
0.4784268004044
0.49085879986680003
0.498681854608
0.5015874810088
0.4994583819057999
0.4924061161548
0.480760353104
0.46500194178519993
0.44578445893299995
0.4238962870244
0.40023833967160005
0.3757942098504
0.3515622816234
0.3285535535408
0.3077059016696
0.289875665062
0.2758257367474
0.2661603051042
0.26133980071540003
0.26161816062
0.26705051553840004
0.2774954572078
0.29257286782439995
0.3117045855802
0.3341828963552
0.3592179298728
0.3858920221287999
0.413177528868
0.4400045452812
0.4653547416268
0.48827010434339996
0.5078505743306001
0.523339233971
0.5341334360162
0.5398185347426001
0.5401854467292
0.5351985846858
0.5250094660288
0.5099608724752
0.49058891075140004
0.4676029103916
0.4418416018692001
0.41424428046859996
0.3857857240555999
0.3574838904426
0.3303495254484
0.30532427209220003
0.283281398208
0.264930218942
0.25083293590540007
0.2413984255222
0.236808833339
0.237070736061
0.24201199663399997
0.2512602766394
0.26426787863379997
0.28033851843760005
0.298664354355
0.31837350992019997
0.3385329840202
0.35819511368060003
0.37647313626840007
0.39257313010260003
0.4057753608628
0.4154738611037999
0.42121003336800006
0.42272745711
0.42000088950840003
0.4131688580924
0.4025776336132001
0.3887606231348
0.372356259366
0.35412705585080007
0.33494765490520007
0.31575903451820003
0.2975270457656
0.2811902618948
0.2676483565612
0.25771388650899996
0.2520521259018
0.25115126394939996
0.2553298885258
0.2647239846092
0.2792356707436
0.298574215027
0.32229591995659995
0.34976163076480005
0.3801573928892
0.4125410589006
0.4458713261146
0.4790023781806
0.510814129527
0.5402611137894
0.5663259122179999
0.588146186837
0.6049627846671999
0.6161380805996
0.6212835234725999
0.62024440362
0.6130205230534
0.5998424107814
0.5811555095278
0.5575471042467999
0.5297762692844
0.498761906754
0.4655344632746
0.43116177325819993
0.39671873916780004
0.3632414096333999
0.3317137124446
0.3030434602308
0.27799956552960003
0.25718589351840004
0.24103661466179999
0.2297850441562
0.22343906858680002
0.22183433543939998
0.2246392515768
0.2313614288352
0.2413648211598
0.25388477919399993
0.26806726332920006
0.2830337111276
0.2979269390042
0.31189164235899997
0.3241597652244
0.3340789769404
0.34113111633039994
0.34494768178459995
0.3453391427804
0.34232229810900006
0.33607099118739997
0.32690745229079987
0.31531489892160003
0.301967388779
0.28765478167080005
0.27322098190280003
0.2595635478974
0.2475714082424
0.2381095488098
0.2319880158786
0.229920158453
0.2324543151626
0.2399791173558
0.252718785627
0.27067756958739997
0.2936607990202
0.32125756722500004
0.35288623751380005
0.3878045781437999
0.425128631813
0.4638763357348
0.5029393072278
0.5411182260998
0.5772317766888
0.6102214989757999
0.6390495753822
0.6627666467718001
0.6806459189849999
0.6921023134708
0.6967303913498
0.6943541812282001
0.6850680228696
0.6691664466032
0.6470887610948001
0.6194790010561999
0.5872095626214
0.55129623154
0.5127892187704
0.4727855839072001
0.43244338884579997
0.39288772101040004
0.3551315601082
0.32010840815880004
0.2886523761086
0.2614043067502
0.23882330905819998
0.2212011690602
0.2085905798482
0.20087566847059998
0.1978036816276
0.19887593386880004
0.2034469281626
0.21081391972479996
0.22017184556039998
0.23070209569900002
0.24157751548280001
0.2519954305622
0.2612541922516
0.2687332505476
0.27392631210039997
0.2764645444982
0.276187512443
0.2731450888242001
0.26756038665000004
0.2597917256938
0.2503654051948
0.2399530530746
0.229312468196
0.2192705593218
0.2106807104988
0.2043828755422
0.20122540328900002
0.2019654311428
0.2071613510898
0.21728005567039999
0.2326248623816
0.2532716231494
0.2791380925426
0.3099326395474
0.3451579438446
0.3841515834702
0.4260742266187999
0.4698958406554
0.5144693808598
0.5586191276322001
0.601132429643
0.6408202600444001
0.6765119725308
0.707136762105
0.7319181788762
0.7501423487205999
0.7611715968203999
0.7646829273193999
0.7605788567176
0.7490126982698
0.7302438713474
0.7047275936520001
0.6732480671978001
0.6367317012542
0.5961986345972
0.5527398319786
0.5075444934964001
0.46181275347319994
0.41670972648500004
0.3733335403044
0.3326244317062
0.295379428807
0.26225251905620006
0.23377651373220001
0.2102905905594
0.19190110727639997
0.1785321695622
0.16988968905039997
0.1655313205506
0.16487579227440002
0.1672448104532
0.1719189280982
0.1780963051046
0.1849913371854
0.1918846474838
0.19807897700819999
0.2029963551956
0.206196648973
0.20741883158820001
0.20656890186820004
0.20368782806940003
0.1990248441442
0.1929741849786
0.1860592161948
0.17892820005459997
0.17230121836380002
0.16696416012340004
0.1637370722024
0.16341412075620002
0.16672291472700002
0.17432418831080004
0.1867310320606
0.2042993570716
0.22722538049319999
0.2555131701546
0.288973149384
0.32714346967839997
0.3693631894744
0.41490842346260004
0.46285176562860003
0.5121523048356
0.5616862812994
0.6101717300914
0.6563298103556
0.6989428439513999
0.7368459055591999
0.7689971421391999
0.7945785577491999
0.812862753858
0.8232418887546
0.8254446661609999
0.8194384107328
0.8053637045744001
0.7835579910778
0.7546233866709999
0.7193978477648
0.6788785718518
0.634151035426
0.5863349668732001
0.5365957094962001
0.486164711585
0.43622602083699996
0.38789441502399996
0.3421297317240001
0.29975422116860007
0.2614694632594
0.2278249447636
0.19916968766360002
0.1756105414062
0.1571098698832
0.14344613085539998
0.13425022870660003
0.1290094090372
0.12706430523880002
0.1276907147372
0.13016390856059998
0.13376626075759998
0.13779695013260002
0.14161068302479998
0.1446504824718
0.14655086883420002
0.1470892600326
0.146168081282
0.1438929666482
0.1405265112534
0.13636373443379998
0.131884013732
0.12780413879439997
0.124814200469
0.1236452399004
0.1250761117588
0.12982948960500001
0.13859628737739998
0.1519517715778
0.17029118766859996
0.19392972742359998
0.22304347092739998
0.25752209367
0.2970552027942
0.3412218958288
0.3892934263534
0.4403917586316
0.49363992079459995
0.5479467512931999
0.6020045441735999
0.6544353429706
0.7039305230588
0.7493370511676
0.7894975351133999
0.8233366539574
0.8499599488922
0.8685706853056001
0.8785850335201999
0.8798204414491998
0.8722893870389999
0.8561670196810001
0.8318562252212001
0.7999038903188002
0.7612109777370001
0.7167928019728
0.6676696286924
0.6151461248746
0.560575553764
0.5051826807776
0.45017824895040004
0.3967610845518
0.34601816959619996
0.2988171619222
0.2559143579904
0.2178465571016
0.1848708581168
0.1571587238498
0.1347028790734
0.11725975436640002
0.1044403238904
0.0957700050218
0.0906479506664
0.0883636073652
0.08818770735999999
0.0894014244156
0.091351846091
0.0934555098086
0.09524693498259999
0.09638812118300003
0.0966476128332
0.0959611062084
0.0944143641152
0.09226829943040002
0.089915353522
0.08789937435940001
0.08684306552940001
0.08741148984899999
0.09036694193940001
0.09641072026200001
0.10620601918440001
0.1203929768698
0.139457748108
0.16377993971340002
0.19355149629399998
0.2287421790122
0.26918456788
0.31453251485420003
0.36429532926420005
0.41770535158239996
0.47382650395160003
0.5315542288516
0.5896924832842
0.64703276721
0.7022472437937999
0.7539940533921999
0.8010000553112
0.8420426649195999
0.8759899661812
0.9020931670748
0.9197785856764
0.9284146416794
0.927736392423
0.9178369753583999
0.898922323095
0.8715442454252
0.8363947130834001
0.7943861777342001
0.746583127804
0.6940405420615999
0.6380361983117999
0.5798520616599999
0.5208344057159999
0.4622672997734
0.4052919208104
0.3509511728634
0.3000792529600001
0.2534289580384
0.21159621071959997
0.1749612753148
0.14372557197340002
0.11784153213139999
0.09712025849180002
0.08124416509739998
0.06969696100480001
0.0618367705764
0.05703147992259999
0.0546058626638
0.0538499170974
0.05414062492599999
0.05492774781459999
0.05574157310240001
0.05623019070699999
0.0561868158918
0.0555715396526
0.054506514653799985
0.0532558155052
0.0522474286034
0.05201522058560001
0.053161496806800004
0.056372683223600006
0.0623528127288
0.0718361209934
0.085532847219
0.10398882659019999
0.127609672736
0.1566853582646
0.1913987783142
0.23171162434820003
0.27742168666600003
0.3280209144796
0.38273196557559996
0.4407897873352001
0.5012391766408
0.5628652905066
0.6243475655056
0.684375518841
0.7416161237409999
0.7946880697051999
0.8423202617408
0.8834042588256
0.916817731798
0.941838526355
0.9579530231204
0.9646536849046001
0.9617063359731999
0.9490963750399999
0.927183945072
0.8966047986808
0.8581385310893997
0.8127029475096
0.7614563461154
0.7055650773096
0.6463212494838
0.5850289467268
0.5229423252034
0.4615388412954
0.4019494469344
0.3451844448288
0.2921443170004
0.24346446529200003
0.19976994705679998
0.16131855877719997
0.12821031341179998
0.1004602240426
0.07785198133419999
0.0600440566274
0.046565912907
0.0368767468902
0.030336132701400002
0.0262953880104
0.024130520338399998
0.023234134811399996
0.023086936717
0.023248152036200002
0.023402848534599997
0.023400240775999996
0.02324766916
0.023096935901600002
0.0232353424978
0.024083139824800003
0.026130520370000004
0.029990028131999996
0.0362936845094
0.045632095505200004
0.058662634980399996
0.07601530484220001
0.0982567977904
0.1257549701326
0.1586894226654
0.197169641419
0.2411112887246
0.2901280060336
0.34372191178260003
0.4012540224002
0.4617260873868
0.5240587346573999
0.587236556487
0.649983100685
0.7108903439542
0.7685359952334
0.8215061671834001
0.868834685743
0.9094823655127999
0.9422715960382
0.9665269989353998
0.9816486890696
0.9872074863784001
0.9832368109894001
0.9695643968395998
0.9465165139542
0.9149428109646001
0.8754174430396
0.8286542149762001
0.7759419878188001
0.7184814499141999
0.6574263645223999
0.5942883093052
0.5303728223134001
0.46702361328900005
0.40553360474859995
0.3468089815998
0.2916699987656
0.2408785846536
0.195088660371
0.1547652278738
0.12003628215099997
0.09079078070339999
0.06680964500799999
0.047784225839199994
0.0332366096242
0.0226080372672
0.015278540111399999
0.0105598690194
0.007821028214199999
0.0064683635017999995
0.0059585059927999996
0.0058500311742
0.0058627901456000005
0.0058638868434
0.005845933027
0.005953482428799999
0.0064686960372
0.007814696881200001
0.0105169495066
0.0151966960468
0.022512953379400007
0.03312923448420001
0.0477012965196
0.06679482274300001
0.0909367563496
0.120512039475
0.15567426297839998
0.1964176473106
0.24262238848440001
0.2939850098342
0.3498015843856
0.40907308671660003
0.4710319697866
0.5347923980703999
0.5989944139151999
0.6625274207646
0.7241177828926
0.7821758969554
0.8353268287762001
0.8824288323446
0.9225231455158
0.9546902616092
0.9779128855074001
0.9916228440080002
0.9953211013183999
0.9890157741150001
0.9732247258812
0.9483681623321999
0.9150353405489999
0.8738063779792
0.8258666246983999
0.7720274547537999
0.7132095457766
0.6510398211672
0.5869600842170001
0.5225595809278
0.45912171442660005
0.3977203894956
0.3393840145746
0.2847899562386
0.23456718934020002
0.1892996312606
0.14942890847020002
0.11516756366099998
0.086437212424
0.062885659758
0.044080043618000005
0.029681632771400002
0.0190932832692
0.0116314579538
0.006699976531599999
0.0036947098650000005
0.0020518333372
0.0012738920512000002
0.0009586782895999998
0.0008377387048
0.0007788203986000001
0.0007942328688000001
0.001052870321
0.0018679417034
0.0036532289164
0.0069389648289999994
0.012328279953
0.020413095396200003
0.03179027630220001
0.047064704937599997
0.0667803614456
0.091363703605
0.1211492912186
0.156300032171
0.1968227156682
0.24264509413660001
0.2934393761958
0.348561496488
0.40730693994980005
0.4685331861298
0.5310959646786
0.5940900577618
0.6563137849083999
0.7163872152949999
0.7728110536674
0.8246871093022001
0.8710638488226001
0.9107978124225999
0.9428641156589996
0.9660755835209999
0.9798584086365999
0.9840276424535999
0.9785242380784
0.9634729872952
0.9394499047170001
0.9069976116633999
0.8665275634322
0.8188486405698001
0.7650765147690001
0.7067105356834
0.6452085654963999
0.5820808735682
0.5187504672262
0.456192731125
0.3954743618778
0.33765132379359997
0.2835927525002
0.23409372359640002
0.1896348219126
0.1504403177666
0.11672517471480001
0.0884500304988
0.06538344209319999
0.047239025532000004
0.033411714971200004
0.0233128300196
0.016356635061200005
0.0118781428184
0.009238423163000001
0.007864651032600001
0.0072526364852
0.007023426814
0.006965649997000001
0.0069774691558000005
0.0071231316402
0.007581675493999998
0.008642055069
0.010712287745600003
0.014300312515
0.019982627049399997
0.028384504895000003
0.040116088129200006
0.055782940413799983
0.07589502071599999
0.10084723786160002
0.13104206914400002
0.16653159021519998
0.20726906621800004
0.2531049174447999
0.30362015797959996
0.3582236296726
0.4160774389816
0.4766518249066
0.5390296504201999
0.6019298235214
0.6643796091401999
0.7249272359116
0.7818151859632
0.8336142446879998
0.8789916657608
0.9172550709162
0.9479545856775999
0.9701914321922
0.9830775648957999
0.9863335140874
0.9798463684655999
0.963613033486
0.938020944519
0.9034794368210001
0.8608723999505999
0.8114002320442
0.7561982867636
0.6965824483204
0.6342028581582
0.570565353759
0.5068328744954
0.4442627790036
0.3837451029744
0.32624776662660004
0.2728740221122
0.224376997358
0.18115722213539998
0.14349441629460002
0.11167336770160001
0.08554575732700001
0.064801567901
0.0489299484624
0.0373528234452
0.0294373655948
0.0244914612832
0.0218463935622
0.0208678573694
0.0209027620152
0.021416549918800005
0.022028427485
0.0224559943762
0.0226465530734
0.022718177304800004
0.022933978554199996
0.0235652828998
0.0251126526112
0.0281668999222
0.033330050587000004
0.0413474413458
0.0529554225604
0.068795167282
0.0895571926578
0.1158392404862
0.147867794826
0.18558750580459998
0.22878013552499996
0.27738051144039994
0.33110527904879994
0.3889289266892
0.4497941372786
0.5128883446670001
0.5770443000226001
0.6411779574778
0.7036088517016001
0.762845487508
0.8179429724687999
0.8673529843622001
0.9099826464126
0.9448889753769999
0.9715544262311999
0.9896234144114
0.9977519281694001
0.9953900191390002
0.9825606375988001
0.9592751457674
0.9267880489113999
0.8857292730815999
0.837256082204
0.7827684104136
0.7233072273538
0.6605322502438
0.59585809521
0.5310315782576001
0.46743723708579993
0.4061475639897999
0.3482887690944
0.2947459803092
0.246222834213
0.2031751899532
0.1657851505654
0.13441582092340001
0.10919622012220001
0.08969095261059998
0.075317558496
0.0655547577634
0.0597321416512
0.05701962464679999
0.056646229362
0.0577778939424
0.0597181182818
0.0620395929074
0.064185291937
0.065724806784
0.066493213727
0.0666214964588
0.0662960390444
0.06582889899160002
0.0656388482474
0.0661530632464
0.06788561647680001
0.071604705365
0.0781977662542
0.08840836006639999
0.1028190527368
0.1220188819848
0.1465679182854
0.17681415826439997
0.21287887374920006
0.25435867307460003
0.30101983405300003
0.35235032172860004
0.40786987400739994
0.46672308162239995
0.527583529307
0.5893327963348
0.6507999396499999
0.7107028771694
0.7674334062457999
0.8192864195498
0.8640391685761999
0.900929750435
0.9296972330079999
0.9490884399618
0.9585251967504
0.9579695100272
0.9476634314526
0.9278165978429997
0.8986336540836
0.8608479972156001
0.8156527638532
0.7640241510012
0.7073634884273999
0.6477370702488001
0.5864761827364
0.5246609582902
0.46339829978059993
0.404162687214
0.3484812209078
0.2975722183284
0.25224436220440005
0.2128399529152
0.179574109935
0.1524335199612
0.131219520825
0.11566426769559998
0.1054156056032
0.0999767864338
0.09854900575539999
0.10005271273180001
0.10373470021779999
0.109012991389
0.11505295978699999
0.12109938093959997
0.12656655867939998
0.1308741345362
0.13386355909740003
0.135555190542
0.13586819227900002
0.13493538974939998
0.13308436343699998
0.13111919877779998
0.1296966927828
0.12957268649839998
0.13155400485459998
0.1362913808028
0.14432924527340002
0.15624480299979998
0.1727166099554
0.19439073849579996
0.22166249624679998
0.2540521892396
0.29128804259459995
0.33309852283760005
0.37923061676039993
0.42907872320800006
0.4813295441648
0.5349013167176
0.5883873220264
0.6401009749066
0.6886579306085999
0.7331937224716001
0.7727988059484001
0.8065177858682
0.8332464209298
0.8525381151895999
0.8639941326048002
0.8667602932591999
0.8604794904172002
0.845538100337
0.8228248094658002
0.7925818068781999
0.7558962680534
0.7141600790038
0.66768628145
0.6175922362382
0.5652262205932
0.5110944934327999
0.45610673735820007
0.402305271058
0.3520518777232
0.30634521031240003
0.2657132754318
0.23053623471620002
0.2007870462932
0.17657288856540002
0.1579028306776
0.1445614474404
0.13627650069400002
0.1328389398436
0.1333852244326
0.1370789404638
0.14339112742800003
0.1515709688668
0.16061052214979998
0.16989365343339996
0.1789977980136
0.1875286072388
0.19480682284700002
0.1999177648066
0.2029974880836
0.204345243754
0.20387488845799995
0.2026899718998
0.20138310395620002
0.2000530335972
0.19961101156720001
0.20070573726039997
0.20374632494140005
0.20912479801939998
0.2175420691062
0.23024610105719998
0.24749941745679999
0.26900061608579995
0.2946562137234
0.3251034958752
0.35958972238459996
0.3962870593116
0.4347300517492
0.4740072730546
0.5136508043458001
0.5536314999416
0.5914823153677999
0.6256070181238
0.6567273001582
0.6838820902652
0.7059428529173999
0.7222218206232001
0.7324178274231998
0.7369285348310001
0.7359466265754
0.7278816877012
0.7113002979126001
0.6876827939119999
0.658693932801
0.6253230615709999
0.5880156133746
0.5474228689630001
0.5048633266678
0.4613484363634
0.4177443360354
0.3751832082194
0.33488389139559993
0.2977493433472
0.264556711991
0.2355679804828
0.21105224381840001
0.19132686943099997
0.17666832678140001
0.167362506026
0.1632729422692
0.16397293180339997
0.16901581387719997
0.1776267590804
0.1886701325874
0.20162877227180004
0.2159584433736
0.23043817393740001
0.24403064245939995
0.256166559673
0.2663787769452
0.27485711500680005
0.28192230204179997
0.2874572882852
0.29144101181239995
0.29400678675200004
0.29499488405540003
0.295476630231
0.2965681348076
0.29882176106180003
0.30214635586919997
0.3067221673396
0.31376255765059996
0.32396539302899996
0.3371621872426
0.3537198016838
0.3749445918646
0.40076591075320006
0.43046256969380003
0.46289336998099995
0.4961336592476
0.5291600806652001
0.5616980001170001
0.5936282457688
0.6246802289869999
0.6525090833384001
0.6746259283757999
0.6911258061239999
0.7029146717665998
0.7108050983049999
0.7141181029665999
0.7094559267693998
0.6961097859924
0.6760701235783999
0.6499011109412
0.6195468373292001
0.5863640043976001
0.5497920212857998
0.5099732380876
0.4686866136572
0.42747602266699997
0.3867468764654
0.348216937111
0.3136001630632
0.2834196626778
0.2579931984792
0.23728581940539994
0.22184714357660001
0.21218340965500002
0.2082152135952
0.20968154672220002
0.2158707157468
0.225793514231
0.2379111039436
0.25068061195700003
0.26295402420360003
0.27515048553980004
0.28873458459699997
0.30358239015820004
0.31873622984239997
0.33368161206339997
0.3475616511496
0.35965135415000005
0.3688188814412
0.3750086364048
0.37827578359960007
0.3790273383112
0.378421936917
0.376781935564
0.37455213133779997
0.3727964411116
0.372795548278
0.3738678697788
0.37589140810859994
0.3802881040306
0.3872307967798
0.39774980782839997
0.41233598329119997
0.43133867000259996
0.4546853913704
0.4810539469382
0.5090944750619999
0.5374963634682
0.5640058216371999
0.5887246616149999
0.6104440388706
0.6281189432264
0.6432392384732
0.654362877705
0.6594248152864
0.6606758609024
0.6594455466336
0.6521706802332
0.6402251826188
0.6258308723634001
0.6074287992758001
0.5846837113678001
0.559536367539
0.5337019569664
0.5078773567174
0.4816322963298
0.45456948303780004
0.4263848316992
0.39800804855040006
0.3708278204818
0.34508673117679994
0.32058360678660003
0.2980979117706
0.27852618167340004
0.26181106492119993
0.2483784711584
0.23859123595639997
0.2316539305344
0.22662700671060004
0.22341581671639998
0.22290853347699996
0.22515608649219998
0.2285969336346
0.2327172618218
0.23813176413239998
0.2446929057358
0.251685331199
0.2579329876102
0.2645629931422
0.272363077782
0.2807860257028
0.28980762248880004
0.2995268469116
0.31026353339199997
0.322024657459
0.3338991174088
0.34488374063999994
0.3551968657932
0.3647163945524
0.37240877049660004
0.3788061068662
0.3858186721416
0.3935433656076
0.40110554299780005
0.40995972097679995
0.4214095507424
0.43553273558079997
0.4499926387524
0.46512604263279994
0.48034854920419995
0.4924315025392
0.5037818016728
0.5164712385064
0.5267493244241999
0.5331877211225999
0.5369157553364
0.5371427371508001
0.5348558490952
0.5293100134574
0.5214545368055999
0.5139473066932
0.504697025538
0.4936757923258
0.48219367249980005
0.4691906108778
0.4548803208992
0.4395130580508
0.4227316190921999
0.4042249351392
0.3844382693686
0.3638797347072
0.3429083912172
0.320981242561
0.29858524973280004
0.2760014318074
0.2539370666004
0.23463599093920004
0.2187059217066
0.20630298655559995
0.1971310618904
0.1908469547376
0.18731042488599997
0.1864861511622
0.18883315635019998
0.19542406428939998
0.2064188555164
0.2201614329256
0.2357097591284
0.2524849393168
0.26978386057539994
0.2872177832806
0.3054832084542
0.32393042803360006
0.3413179632104
0.35777738944640003
0.37357685011960007
0.38916862960699994
0.4049474341258
0.41985358709859993
0.43225515977620005
0.44056966804300013
0.4446611761352
0.4470875228185999
0.44829041577620005
0.449843054008
0.4522058761146
0.4528371897034001
0.4514899081864
0.4502991140153999
0.45100835559059993
0.453251562132
0.45656135492579997
0.4606711029454001
0.4665423731832
0.47451717863040005
0.48318398514280003
0.4911741396048
0.4973995511108001
0.5023658737436001
0.5063657760486
0.5081088078006
0.5066258605608
0.5027175869976
0.4958207076392
0.48490530817320004
0.47065101127719994
0.45281165503699994
0.43130691207460004
0.40752717652119996
0.3830246439332
0.3569850453396
0.329682318304
0.3029830249602
0.277601620486
0.25349769689859997
0.23081353732399998
0.20971221692619996
0.19026954486639996
0.17320835624920003
0.1595142542474
0.149537566155
0.1416842478514
0.13502699162119997
0.13197430906660002
0.13408592110280002
0.14125168067459998
0.15399291469259999
0.17231724943440002
0.19520953333899999
0.22139341200200002
0.25016328662020004
0.281178225418
0.3127955859504
0.34439455883660003
0.3750819314328
0.4049903225166
0.4353975463608
0.46483150095760006
0.49276476502840005
0.5197742279912
0.5440355886144
0.5633370189586
0.5784952647098
0.5896835783918
0.5967603243154
0.6016575645819999
0.6035569660538
0.6021051467084
0.6013748040782
0.6016494039281999
0.6001511565916
0.5968052528636
0.591841690191
0.5855119281334
0.5785473468062001
0.5724603930026
0.5690511112106
0.5671865310854
0.5631723367522
0.5569464797692
0.5503976337982001
0.5428158096246
0.5348180879286
0.528480468968
0.5232977844905999
0.5187179066016
0.5136694302711999
0.5056768695334
0.493871356813
0.47914462393580004
0.460698180033
0.4379244342569999
0.4127695070246
0.38555101176
0.35642409978740003
0.3273768770172
0.2993834347571999
0.27233052705259997
0.24738006870240006
0.22601879048080004
0.20952478163499996
0.19897850997980002
0.19520295681719996
0.1993159473502
0.21098572062319998
0.23049113095159995
0.25805198549
0.29205132314320004
0.3313984610084
0.37467131633399997
0.4207514971128
0.4688223932013999
0.5171831992854
0.5644528357098
0.610064394776
0.6526463592439999
0.6924705667274
0.7284037669911999
0.7599214278634
0.7875731079902001
0.8095367810323999
0.8267832186763998
0.8389264851478
0.8435701590606
0.8416751463844001
0.8326472745056002
0.8182988892279999
0.8033392576599999
0.7856915252826
0.7650181451064
0.7432673203892002
0.7222939989943999
0.7021340795716
0.6836050423336
0.6679206515144
0.6549694410936
0.6424617784002
0.6291396120832
0.6185904186217999
0.6103622028294
0.6009342903357999
0.5896492120634
0.5769934507583999
0.5629202686424001
0.546716064632
0.5310450631914
0.5147858397602
0.49532566689280005
0.47241812895560004
0.4471183146114
0.4197567700888
0.39200803879539997
0.3671749390394
0.3439355899964
0.3205799402170001
0.300253670361
0.2847142185457999
0.2730891676996
0.2670675821402
0.2657101970194
0.268804811762
0.27705190838939997
0.2920209961614
0.3131612746494
0.3393506096346
0.37204476027399996
0.4110394865180001
0.45810890310839997
0.512029308979
0.5693808114798001
0.627865384049
0.684589013415
0.7374683900622
0.7866761047251999
0.8329777170552001
0.8761640169285998
0.9162892607164
0.9531437357724
0.9851634237752
1.014666264343
1.0435277152892
1.0649938913817998
1.0750047168058
1.0770646914964002
1.078528998216
1.0760256815453997
1.0654273584173999
1.0487911465904
1.0246786548923998
0.9990338844562
0.9740240778367999
0.9479556786159999
0.9267127760534001
0.9094937602754
0.8940988879366
0.8782740973278
0.8622023122822
0.8475903295626
0.8332009205138
0.8183234437642
0.8032411946250001
0.7895313873373999
0.7738044451778
0.7574727806484001
0.7423686789780002
0.7260497651797999
0.7080282784255999
0.6883038226978
0.6664172058108
0.6420392204836
0.6116685340474001
0.5807692267544
0.5546016327566001
0.5304784972869999
0.5086294836249999
0.48878734973739996
0.47080029222279995
0.4542476960631999
0.43925654933400005
0.42837814448659994
0.42081848694260005
0.41580376940279995
0.4147240654278
0.41729571039940005
0.42191833686420005
0.4266790946172
0.43242405327940003
0.4412703772724
0.4516185923485999
0.46280003397299996
0.4773946747298
0.4987430136336
0.5337429215855999
0.5856486058924
0.6483025198298
0.7170770167554
0.7921888200713999
0.8702334410282001
0.9475311604269999
1.0205726308096001
1.0859387353643999
1.1425098550018
1.1905318441612
1.2282277696746
1.2549309027406
1.2718500361838
1.2746277614416
1.2688888533762
1.2630313157252
1.2533564875725998
1.2399529551622
1.2256962194134
1.2078475875395998
1.1815340751154
1.1421664921502002
1.0911219382874
1.0337607309960002
0.9737732213062001
0.9144850418188
0.8545100883858
0.7942259908569997
0.7362291656116
0.6773290953042
0.6183819755594
0.5641531897352
0.5136395762614
0.46980270890560005
0.4366090719254
0.41444915331739995
0.4007469114686001
0.3946036453392
0.39484502056399995
0.4027323458094001
0.4199783286822
0.44060139689760003
0.46122927630199995
0.48237578885040006
0.5039725483954001
0.5210778271195999
0.5307535430366002
0.5336465867392001
0.5287798558647999
0.5184121829498
0.5032159843189999
0.4831568142088001
0.4597036309456001
0.43751542524539994
0.4208222854924001
0.40500788334160004
0.3894434123642
0.3823553452993999
0.3862835439401999
0.40212141268319995
0.42927867940899994
0.4666428159442
0.5161536875962
0.5775514877193999
0.6485999622690001
0.7286362720538
0.8206605822025999
0.9198877013932
1.0205384548047998
1.1245152279552
1.2280191842752002
1.3319983622976
1.4426768075198002
1.5566509626416
1.6561798200624
1.7254337057888005
1.7745753483462
1.8157963753908004
1.8463369140146
1.8581479795036
1.8581361366092
1.8523729045662
1.8327004300778
1.7907489814771995
1.7322277367318002
1.6651263944596
1.5820384157367997
1.4836435479774
1.374023121644
1.2586844977604001
1.1370146780378
1.0156177480774002
0.9069670503788
0.8095977800631999
0.7227686560216
0.6472983639665999
0.5803768405942
0.525213201018
0.49046420746159997
0.477289413223
0.4814968497386
0.49401994639760005
0.5150755194386001
0.5400161994952
0.5628963149383999
0.5868555389123999
0.6085176840734
0.6297374001870001
0.6584401171776
0.6958490158696
0.7351825453558001
0.7685415361757998
0.8016169255064002
0.8417911032608
0.8872078132441998
0.9382254095785999
0.9879096686144001
1.0317426104568
1.0797607019799997
1.137426274414
1.2019408140174
1.27011562824
1.3372245022988003
1.4044985981895994
1.4641139644752
1.5134366153405998
1.565075910902
1.6203160643322
1.684456418029
1.7372382686734
1.7752716947110003
1.8105778956869998
1.8362471052948002
1.8645413576124004
1.9014594259971997
1.9466165341716
1.9950448994220005
2.0320647932029994
2.0652939665162005
2.1030065636734
2.1350129592875993
2.1577591357026
2.1814924839302
2.2116098713773997
2.239227369602
2.2565928751494004
2.2621129249076
2.2548598394062003
2.2451182259784
2.2390873649787997
2.2232351995059996
2.1987586989579997
2.1642408301333993
2.112353843794
2.0514458824290003
1.9823287759492003
1.9012750128254001
1.8055343891794
1.6983246567968002
1.5794569691600002
1.4540889142571998
1.3283556357796
1.2007425147407997
1.0741162866840002
0.951105127137
0.8346018673740001
0.727026801087
0.6316659938665999
0.5496716255598
0.48434870685240006
0.4433068088840001
0.4272191938952
0.4342457600558
0.45870665190859994
0.501428707824
0.5625776754814
0.6361062016878
0.7191199344715999
0.8098316560752
0.9092311770588
1.0119350053712002
1.1081349673498002
1.198494075968
1.2910663615095999
1.3767241361581999
1.4377527027204002
1.4781762957706
1.5024529719416
1.5099945955604002
1.5110073644938002
1.5023194153748
1.4945382300841998
1.4972142035867997
1.5126487903042
1.543753980113
1.5841010534317999
1.6339333566307999
1.6955235003875995
1.7698769654151998
1.8636294682184
1.9767020589028
2.0955970129407997
2.2200939453525996
2.3462390221201996
2.4676990322654
2.5890950743436
2.7068511899933996
2.8149869588256005
2.9052310749036003
2.9723760645342
3.0297614645034003
3.088542243049
3.1439297744108003
3.1829872466403994
3.183284568867
3.1516594405381997
3.0883389197024
2.9661706171937996
2.7891572684932
2.5784041584464004
2.3445732357212004
2.0920995005628
1.83456871503
1.5871045842095999
1.3532836183494
1.1503008635188001
0.9789702774936
0.8347882193289999
0.7260936878076
0.650078081869
0.6083127350873999
0.6016692350372
0.6253788656602
0.6697012102428002
0.7418939018874
0.8420092267978003
0.9600517471506003
1.0903651492225999
1.2199256232462
1.3518245175032
1.4864077218999998
1.6196042364200003
1.7530619782405996
1.875396264511
1.9690366662494
2.0527700152506005
2.1379563684651997
2.2276743442318
2.3413469013358
2.4494745168758003
2.5404303905409993
2.6382188059844
2.7412813770562
2.8262192798123995
2.8955397937594
2.9724339943353995
3.033655129508
3.0496930183504
3.0435041918122
3.0265340103731995
3.0037953167902005
2.9783861697489997
2.9448160931880003
2.9170455162046
2.8956284355247996
2.870939550519
2.8307260465747994
2.7687353221721995
2.7151985613383998
2.6705906322810002
2.6221316683666003
2.5910250066867997
2.5667349610528
2.5270514468824006
2.4855488967206
2.4356453399267997
2.3845659947614
2.3306445725086
2.2573425073742
2.189655349318
2.1429280672816
2.1183324063091997
2.1189319163605997
2.1325750005310002
2.157610289761
2.1814925971278
2.1964168509946
2.2225464529297994
2.2575507725007995
2.2836405979942
2.3186022844222003
2.3624584464355998
2.3841020392542003
2.390330078589
2.3894152159060003
2.3753641117055997
2.3433743090980004
2.3014002693784
2.2707915437236
2.2446322111554005
2.2063055069896
2.1739992925758
2.1591969211774003
2.1768220373534
2.2212993828418
2.2977931914088003
2.4001916006563997
2.5211893866374
2.6710041149864
2.8569817784282003
3.111926792639
3.4143327142450004
3.7266454001216
4.0363914369968
4.3552206000204
4.7099340230916
5.0584458785166
5.354656052882
5.594802064127199
5.7865025996392
5.9648972851594
6.1181772424236005
6.2227701176728
6.2602283417966
6.2199240325314005
6.141459376640401
6.0336554677602
5.874611601029001
5.657684167309201
5.3898912461574
5.0986252422594
4.8123260368974
4.498007090478799
4.1559387849166
3.8161432504910002
3.4921123230905997
3.2168269463479993
2.9712432560326003
2.7561354430572
2.5733835205346
2.4126703699466003