1.
0.9950223119466
0.9802640727282002
0.9562384841143998
0.9237733285604002
0.8839832706072001
0.8382118862168
0.7879869627088001
0.734947803762
0.6807811372032001
0.6271497749328001
0.5756246668336
0.5276324060205999
0.4843838230605999
0.4468295373254
0.41565079728140014
0.3912255478078
0.3736137590632
0.3625711323005999
0.357573868013
0.3578371833446
0.3623682656864
0.37004496679919996
0.37963747431399997
0.3898846233988
0.39956737652320007
0.4075443859848
0.41280615853639996
0.41452511408239995
0.4121178718514
0.4052159523869999
0.3936472699828
0.3775124295466
0.35716857001139996
0.3331638620266
0.3061942677002
0.2770913079732
0.2467553009136
0.2160433853636
0.185796667424
0.1568533833664
0.12995424508040002
0.10559548963939999
0.08417805525239999
0.0659582753802
0.050963988972399996
0.039154538917000006
0.030305871094200004
0.024093948969799998
0.020100228053799997
0.017795139141599997
0.0167949959852
0.0167016567946
0.017098262440599997
0.0177108441176
0.0183511718078
0.0190064950068
0.0198579269924
0.0209510253738
0.0224928646046
0.025025302145599997
0.029112893283200002
0.0351537288266
0.043678427851400005
0.055641175786999994
0.0718133040114
0.0921222827656
0.1171410811104
0.14712205178999999
0.1804701627968
0.2177358427828
0.2588320781914
0.3023404701560001
0.348607356736
0.39573568076520005
0.4402536987026
0.48412414507139995
0.5255321475428
0.5629199538029999
0.6000680868525999
0.6383030329782
0.6797701887580001
0.720989465377
0.7552567172367999
0.7826461401839999
0.810688019935
0.8462397388998
0.8908342170226
0.9441525323834
1.0056718379178
1.0674396753694
1.1444145874764
1.2315030715901998
1.2800828222865999
1.295567260188
1.3062150581274001
1.3111281099224
1.3197146155515997
1.330184777495
1.3676915853169997
1.4953415938325998
1.6503754342695998
1.7220615904518002
1.7364693892329999
1.7223164922033998
1.8495390606631996
2.0937891844497996
2.2785385003449994
2.4532339768944
2.8314085306227996
4.107529926135601
6.773791461784401
11.924736167563601
20.376605034494197
35.5340192843268
63.92913769238983
110.3278423583022
191.7635032711828
306.5144074559086
467.56698814049076
706.9074278802016
1028.1261548945583
1494.8305488657365
2309.4514573288798
3543.911112191592
5644.104277902511
8667.55704501543
11779.411190235742
13627.10370342691
15322.885756971062
18450.384133454794
22515.901510750482
27349.293694379496
32531.24422655212
36669.59970597821
38644.43076698422
38175.76096749042
36991.78601986756
36745.13550545339
38756.95282739926
40241.32135822321
37872.77246731514
33412.52742169116
28974.06528856716
25791.361400754224
23557.3412330239
22204.67995073573
20936.300111537694
18767.26845295258
15985.093485066387
13320.038689789333
12094.957381489312
12675.882396535406
13349.195753853011
14796.598691606076
17834.056484342822
24176.19933311444
32872.130211768694
38690.474963282104
41608.23365438757
43011.12989842217
43338.85400165376
43641.297236007646
42988.27435719778
41495.531644415176
41700.03215479422
43958.76992602377
47003.53212545562
50355.727614357034
54781.90345006733