1.
0.995011240136
0.9801666801565998
0.9558365867960001
0.9226227748336001
0.8813376341436001
0.8329746892028
0.7786893201212001
0.7197417684808
0.6574704324462
0.5932206396104001
0.5283707863653999
0.46418691030320003
0.40186902244120004
0.34249673325320007
0.28698576381459995
0.23605267455599996
0.1902429962264
0.1499066219956
0.11517743830859999
0.0860114079738
0.0621831786282
0.043319827023999995
0.0289251944526
0.0184144096762
0.0111449247322
0.006455510302000001
0.0037017456376
0.0022900004686
0.0017078056857999999
0.0015495863520000003
0.0015378288244000003
0.0015363122615999999
0.0015573033066
0.0017604562372000002
0.0024448636344000007
0.004034461340000001
0.0070560938832
0.0121129248352
0.019852053159
0.0309310758548
0.045981829378199994
0.065576107917
0.0901911116914
0.12016890909860001
0.1557053249514
0.19680491027439997
0.243317683684
0.2948486000118001
0.350810572407
0.4104300782716
0.47280060225080006
0.5368545475244001
0.6013130320178
0.6649126799902
0.7262957873026
0.7841188494856001
0.8370425866474
0.8838789347397998
0.9234740958458
0.9548728020452
0.9773117427816
0.9902006410721998
0.9932638321392
0.9863992729577999
0.9697874419424
0.9438832349040001
0.9092918760622
0.8669012550442
0.8177031486772
0.762930665178
0.7038113168286
0.6416684338364
0.5779106642894
0.5138241421001999
0.45072013527840005
0.3897309969856
0.33191094704759994
0.27815663969239995
0.2291030863634
0.1852782317766
0.1469646490854
0.11426666932859997
0.087076638859
0.06513322505420001
0.048030721553400005
0.035247285522
0.026163878110800003
0.020123722616
0.016458477465000003
0.0145227005772
0.013726253429399999
0.013567698140199999
0.013658219728400001
0.013741221589200001
0.013703889608
0.0135833558598
0.013563334337399998
0.013967223223399999
0.015242290317200003
0.0179325159776
0.0226554959892
0.030067367758199997
0.0408295753908
0.05557548342759999
0.0748571253568
0.0991565875424
0.12878092425399998
0.1639203127762
0.20454921591859998
0.25048893900419994
0.301344344609
0.3564906064996
0.41515975756779994
0.47642081241219997
0.5391356572051998
0.6021370772576
0.6640971563702
0.7236410924082001
0.7794957395784
0.8303370395786001
0.8749761935506
0.912299454071
0.9414717810064002
0.9617068222141999
0.9725429040129999
0.973707736469
0.9651353294746
0.9471145128862
0.9200411829266001
0.8846546439085999
0.8418473969516
0.7926351701449998
0.7382137047834
0.6798162953278
0.6188461852534
0.5566428308039999
0.4944862041326
0.43364878248440003
0.3752226735508001
0.32021246291079997
0.2694084580338
0.22347837481780003
0.18284944859399999
0.1477494384746
0.11821054209160001
0.09407645266180001
0.0750357553372
0.060636707996399995
0.050314163019000005
0.04342464878200001
0.0392884791208
0.037213247974399996
0.0365580808662
0.0367305186018
0.0372396935304
0.03770650442399999
0.0378960389172
0.037718723936
0.0372368198516
0.036667872993400005
0.03635206342179999
0.0367649599884
0.038480323511199996
0.042127661242
0.0483782863758
0.05791211322940001
0.0713650517864
0.08929952268099998
0.11218228694320001
0.1403235594424
0.1739032089134
0.21289372633
0.2570997556402
0.30610016585699995
0.3592544261952001
0.41584270520620004
0.47483753568180004
0.5351781417507999
0.5956603111072
0.6549958288740001
0.7119000882744
0.7650404616740001
0.8131722001916
0.8551077173136001
0.8898573922977999
0.9164828420652
0.9344410742868
0.9431825061835999
0.9425115683632
0.9324389066026001
0.9132989024016
0.8855297700591999
0.849866108132
0.8072469233228
0.7587364968029999
0.7054259212813999
0.6487702112228
0.5899699533891999
0.5303536048904001
0.47123791488520006
0.41377816314759996
0.35905861997120003
0.307990049771
0.26136338602000003
0.2197233923086
0.18342162952340005
0.15263383004859998
0.12729438105239999
0.107219842412
0.0920113893936
0.08117748862100002
0.07410892246859999
0.070117854022
0.06849327142319998
0.0685220016688
0.0695540381134
0.0709833972596
0.07234003898540001
0.073258677987
0.07351727531519998
0.0730493823134
0.0719473511108
0.07045503614259999
0.0689452661444
0.06793256987339999
0.06800758902519999
0.0698418324848
0.074112824936
0.0815137810906
0.0927162222034
0.1082735122114
0.1286587440302
0.15420258972
0.185074350768
0.22127001023980003
0.2625394060128
0.3084982188658
0.3585734885954
0.41195415711859995
0.467686154216
0.5246623489554
0.5817644132902001
0.6377021241004001
0.6911667251036
0.7409105598952
0.7856741390478
0.8244793553684001
0.8562855138532
0.8802132450076
0.8957374585196
0.9023044351958
0.8998865767968001
0.8885891175812001
0.8686514023704002
0.8406676892364
0.8053486628972
0.7636241277984
0.7165493207552
0.6653492647843999
0.6112988313058
0.5556789842137999
0.4997481886010001
0.44482429834720005
0.3918896309796
0.3420492293052
0.29607120344499993
0.2547322626642
0.2184348896462
0.18750805572979998
0.16202298836720003
0.1418605155566
0.12671369512000002
0.11614389994220001
0.10960328151380001
0.1064263993388
0.10587841736219998
0.107215441237
0.10970186046100001
0.1126831400518
0.1155457465974
0.1178070336042
0.1191196458734
0.11928696405719999
0.1182917144746
0.116226815468
0.11336908858419999
0.1101537568458
0.10710525697859999
0.1048472634816
0.10409860444659999
0.10555682958819998
0.1099640022782
0.1179733307716
0.1301996798512
0.14710767913859998
0.1690703097486
0.196232140187
0.22860854299780003
0.26597935104820003
0.3079434944814
0.3539616657892
0.40316459915380004
0.4547143262224
0.5075698306612
0.5604816548214
0.6123052886038
0.6617585927306001
0.7075837234504
0.7487396684428
0.784056661574
0.8126326399452
0.833665827033
0.8466352582297999
0.8512111742702
0.8473411340163999
0.8350570403994
0.8147559551181999
0.7870150593578
0.7526293183364
0.7124780239333999
0.6676976007513999
0.6194091567140001
0.5689047236515999
0.5173592664624
0.4660850532304
0.41619175074740006
0.3688197897822
0.32485743552400004
0.2850484424838
0.24998713119600002
0.22005207046099998
0.19545260528820002
0.1761677692058
0.16198699084
0.15252322288780001
0.14731674903
0.145686909278
0.14692071033319998
0.15026455275
0.1549291124526
0.16016340629700002
0.165257803232
0.16962573263039998
0.1727690867866
0.17440529901360002
0.174321743313
0.1725249417422
0.16916495615959998
0.16453491476460003
0.15910239351679997
0.15343783208859998
0.1482479568454
0.14421520189860002
0.14212119085579997
0.1427259048976
0.14674796341979998
0.15476506487699998
0.16729319541619997
0.1847376869918
0.20724230815500003
0.23484015985700002
0.2673578407942
0.3044174740196
0.3454760938462
0.389737192649
0.43633718525980003
0.4843227918645999
0.5324524198924
0.5795530135253999
0.6244642431522001
0.6659485359649999
0.7030953038844
0.734678636729
0.7599050489916002
0.778155757854
0.788780091277
0.7915081522153999
0.7863868769774001
0.773538403881
0.7533473934598001
0.7264096260054
0.6935295344954
0.6556634396969999
0.6138518194295999
0.5692199279366
0.5230357813208
0.4764782397674
0.43067723646480005
0.38675818523399996
0.34572546228980006
0.30843802533939996
0.2755626354506
0.24763135431599997
0.2248414223778
0.20728751649260002
0.1949253876804
0.18740914188899999
0.18429233976360002
0.18500133491239998
0.1887602945348
0.19484033789619998
0.2023867619442
0.21063020396059998
0.2187543330608
0.22604663343260004
0.2319121120446
0.2359145144522
0.23770763147880003
0.23711836272759998
0.23417724229859999
0.2291366572436
0.222294683315
0.2141373764476
0.20531416752579998
0.1965256473078
0.1885734756372
0.18223659040159998
0.1783100485276
0.177545611653
0.18061081396259998
0.1879966918698
0.2001145982066
0.21723655209200002
0.23935293471940003
0.26633780822100006
0.2978278121442
0.33323081552159994
0.3718874686718
0.4129674530722
0.4554397707964
0.4982023330940001
0.5401746129482001
0.5801471783416
0.6170619214818001
0.6498159821202
0.6775783137583999
0.6992969561354001
0.7145497573124
0.7228998959274
0.7240279025031999
0.7179329533405999
0.7048379468411999
0.6851684748892001
0.659615716759
0.6287820533346
0.5937307150944
0.5555285697332
0.5152959422178001
0.4742370547022
0.4333722838812
0.3938571511172
0.3567236911258
0.3229478464514
0.29319649720519997
0.2681076506228
0.2479638337528
0.23302788375459998
0.2232603637024
0.21843363122120002
0.21810020289339999
0.2217635985582
0.22876335281940002
0.23826184445960003
0.249445958612
0.2614172401656
0.273324631609
0.2843715427368
0.2938674248796
0.3011522672516
0.3057683708492
0.3074501878392001
0.3060565903636
0.30169080139480003
0.29455000489259997
0.28502071159759995
0.2736242090112
0.2610677135242
0.248187513774
0.2356819426524
0.22444165247659997
0.21533748468740002
0.209128205021
0.20653960964379997
0.2080827790436
0.21427175911399998
0.2252985086872
0.24122968187959998
0.2619901141216
0.2872466647358
0.3165029017952
0.34914226555059996
0.384201887238
0.42082720635719995
0.457997156281
0.4945787380276
0.5294621959788001
0.5616721517000001
0.5902360477423999
0.6141207893175998
0.6325942313194001
0.6452588690076
0.6516393075388
0.6515563061058
0.644992641274
0.632125425167
0.6134379929693999
0.5896217257176
0.561463323888
0.5299096493546
0.4959978915062001
0.46078613349279995
0.4253543299514
0.3908428171456
0.3583375810908
0.32859977048300004
0.3025263085398
0.28083479221820007
0.26392339304900003
0.2521307945538
0.24542507315760004
0.2437389956162
0.24669826407979997
0.253845943459
0.2645530164186
0.27797270080799996
0.2932840600552001
0.3096261581748
0.3260500724882
0.3416003605128
0.3554909953106
0.36693639354900004
0.3754238804638
0.3804628189008
0.3818233750204
0.37935795765179997
0.373172988269
0.3634999402056
0.3508428460586
0.33584055690900005
0.3191523023852
0.3015883150198
0.2840948560624
0.26746859643239995
0.25270530771620003
0.24050388389299998
0.23171720755600003
0.2270124218046
0.2267209679556
0.23119987924440003
0.240587783898
0.254824509812
0.2735526738792
0.2963390146682
0.32255407055
0.351326657395
0.3818919565182
0.4132636514004
0.4443727753026
0.4741491112098
0.501515906566
0.5257120214506
0.5459418351195999
0.561306751117
0.5714212623888
0.5758656058886
0.5745317110434
0.5675730317232001
0.555163609158
0.5379052639606001
0.5162501717615999
0.49120744641680003
0.4635637516678
0.4342984413112
0.404609347206
0.3754374952164
0.347888676062
0.32271340585740005
0.3008717981808
0.2831251553572
0.26996868524900003
0.26171821432639997
0.25855710671839993
0.2604599646816
0.2672079494914
0.2782619675782
0.2930906571084
0.3109618968756
0.331001533947
0.35224948438160003
0.373728227584
0.39457538736099995
0.4137326311564
0.43032736486600004
0.4437598468638001
0.4533595496956
0.45861197995119996
0.45935524397160005
0.45551999955379996
0.44719628133059997
0.43479001851099996
0.41869599468339996
0.399647419743
0.37844411639419995
0.3559363183182
0.33295278640560005
0.3105672045394
0.2897293540312
0.2713228160356
0.25599814260959997
0.2445238449418
0.23745014929080002
0.235001536074
0.23748491359400004
0.24473823465680003
0.2566378652142
0.2725767304998
0.2921548821236001
0.3146030891118
0.3389910432732
0.36443158029799994
0.38990132082959994
0.41447307338799994
0.4372967715684
0.4574188450528
0.47398446128259997
0.48640836541360005
0.4942833140567999
0.4971736123068
0.4951785229986
0.48831863578260004
0.4768908316736001
0.46138194524599996
0.4424766850298
0.4208834769596
0.3976212852414
0.3736014169958001
0.3497339759132
0.3270886102254
0.306720953924
0.2893526302616
0.27575557380119997
0.266521453976
0.2620300118218001
0.2625849340216
0.26824840737379996
0.27878730992559997
0.29391123852519996
0.31303425519480005
0.3355399204026
0.3604144225826
0.38684018792339997
0.4138061382432
0.44024282036300005
0.46513583600060004
0.48752871859819996
0.5065809907132
0.5215716377264
0.5317660524108001
0.5369717222635999
0.5367498896038
0.5311924391344
0.5203234217762001
0.5046599222706001
0.4849728714274001
0.4615955766158
0.4356412769879999
0.40787940701779996
0.3793522763778
0.3511350573746
0.32410883430340004
0.29925699604339995
0.27747738340719996
0.2594856213966
0.24562835700240004
0.2364817361888
0.23221712830119995
0.2327555498314
0.2379304631004
0.24741572989700003
0.26061143023739997
0.276786950848
0.2952106428722
0.31503675619419996
0.33526110448920005
0.3550470386244
0.3733801598962
0.3895189152132
0.40280865201720006
0.41250939161620004
0.41824230623560005
0.41987444179519995
0.41725080381960006
0.4107663891694
0.4004197488068
0.387019690515
0.3708968387028
0.3530634386078
0.334269028276
0.31550403604339994
0.2976946876942
0.28168604200860003
0.2684672176688
0.25883997011439996
0.25332191927680003
0.2524022652888
0.25645474319000006
0.26570962327600006
0.2800077227438001
0.29908664810999996
0.3224351039896
0.34947291465740005
0.3793228672826
0.41109953104060004
0.443792168566
0.4761989755376
0.5072947368058
0.5360914220002001
0.5615259447836
0.582849057784
0.5992428353152
0.610027298855
0.6149170706679999
0.6135125387242
0.6060696260867999
0.5927626316651999
0.5739985750998
0.5502661437148
0.5225212022026
0.4916558421846
0.45858720784500007
0.4243725834752
0.39014373754779996
0.35685448442740003
0.3256307690458
0.29728595622519993
0.272414015328
0.25178924287640003
0.2358336670242
0.22479155808359996
0.2186178869456
0.2171102782274
0.22004789465000002
0.2269271079662
0.2370949601324
0.24974704615499999
0.2640216137886
0.2791664405944
0.29426921515140003
0.30839730232640006
0.32086181017019993
0.33109233109219993
0.3384252384882
0.34264598175700006
0.34339148676559994
0.34070329036319996
0.33474452933239995
0.32591346087240003
0.3147230175458
0.301762957105
0.28783948009640004
0.2737665407756
0.2604251485926
0.24869677359380002
0.23947182672779999
0.2335663767432
0.231553022676
0.2341772940348
0.241713451954
0.25437028623080005
0.2722054792718
0.2949649155436
0.3223036887528
0.35362701210099995
0.3881727494988
0.4249711756011999
0.4630698169004
0.5013757047909999
0.538792925434
0.5741222273542
0.606457190349
0.634490741304
0.6574734885592
0.674674024987
0.6854157359508
0.6896413498432
0.6869258874094
0.6773384104492
0.6612526462218
0.6389749991198
0.6112710622398
0.5789310374008001
0.5431010969776
0.5047621053802002
0.46500651871059995
0.4248949774242
0.3855601495828
0.348047499194
0.3132629488658
0.2820218374948
0.2549364620334
0.232529384605
0.21501598430040003
0.20240705510339999
0.1946381389184
0.19139250799900004
0.19235605419700003
0.19681388319559998
0.20405141004900001
0.2132861520802
0.2237028808568
0.2345377454904
0.24501398429859997
0.2543278699332
0.2618252816828
0.26705916244640004
0.2698929395724
0.2700385738962
0.2674837680664
0.2624288590892
0.2552568120086
0.2465159879936
0.2368156886196
0.2268594093176
0.21742047592100003
0.209432646387
0.2037575505734
0.2011294643446
0.20228394759159998
0.2078002218008
0.21823464086960004
0.2336687189974
0.25440667888599994
0.2803175926096
0.3109883168226
0.3459807013042001
0.384690514249
0.42614893096
0.4693968611442
0.51338691869
0.5568594560493999
0.59883051246
0.6378207318818
0.6730383132874
0.7034625584477998
0.7278421469786001
0.7455348185922
0.7561230704948001
0.7592797740556
0.7547536029609999
0.7428033063353999
0.723692144856
0.6977646665036
0.6661915996594
0.6295627537290001
0.5888445180466
0.5453794058658
0.5001657553348
0.4544641943558001
0.4093390732152001
0.36589351370319995
0.3251342806018
0.2880226823102
0.25505372108
0.22673714112260002
0.2034372575716
0.18523374127320003
0.17214087206200004
0.16365638575879998
0.15953596633460002
0.1591201253898
0.1617423143972
0.16670040849839998
0.1731298386042
0.18023700164000003
0.1873760908646
0.19386681176140003
0.199082784124
0.2027243661934
0.2043983223684
0.20405835619
0.2017541782162
0.1977108640122
0.1922423591962
0.1858570667736
0.1793075585712
0.1730909223228
0.1682722251406
0.1654522104578
0.1655122649842
0.16907954517040005
0.17701018041480004
0.18965283795119997
0.20739669565660002
0.23038227049139998
0.2586287851776
0.2920189825242
0.33006044779699995
0.37202486088000003
0.4172041549228
0.4647690038004
0.5137308966482
0.5628407992159999
0.6107443377394001
0.656207530822
0.6983412054454001
0.7355838685238
0.7672145071527999
0.7923281329952001
0.8102348100758
0.8201244172664
0.8218995934681999
0.815358049518
0.8007993779235999
0.7785910734618
0.7492763001992
0.7138643502594
0.6731129015216
0.6279396163246
0.5798059756162001
0.529875352513
0.479156254303
0.4288457985218
0.38021347798239996
0.33433713771459994
0.29198475
0.25382421172119995
0.2204680851836
0.19197888468420002
0.16871203748879998
0.15045775382919999
0.1370201008112
0.1281461745726
0.12322741515499999
0.12160091369720001
0.12259901883920002
0.1254624013254
0.1294042941702
0.13382499420279997
0.1379818025644
0.1414115137566
0.14381744751900002
0.1448576746708
0.1444451152034
0.1426627294564
0.13975335785399998
0.13600061031740002
0.13202278008260002
0.12837541438000002
0.1258959149614
0.1251048533014
0.12699130623740001
0.1321379024492
0.1411785885588
0.1548687945548
0.17361621814659997
0.19762009143299997
0.2269729942022
0.26165596909480004
0.3013041815959999
0.345569006731
0.393622601571
0.4447970161436
0.4979746389832
0.5519069586778
0.6056306686628
0.6574785285246
0.7064387029516
0.7513561215938
0.7907740651924
0.8237146074481998
0.8494914454307999
0.8672782758186
0.8768870150502
0.877603750045
0.8693160413948
0.8524539519118
0.8276714564336001
0.7955420802644001
0.7566957968262
0.7120593284486001
0.6628559194639999
0.6104583065364
0.5559648203618001
0.5005144665762
0.4455825223640001
0.39234351478160007
0.34183042066939995
0.2946382754198
0.2517243058444
0.2135503392714
0.1804716699872
0.15281903756120002
0.1303508638126
0.11295101285240002
0.10018194074359998
0.09165139830239999
0.0866584304368
0.0845065129858
0.08451694853260001
0.0859811858634
0.08814167918079999
0.0905444353448
0.0925661019252
0.09399947672860001
0.094520250825
0.0941468544214
0.09275040427499999
0.090759706353
0.08864306791540001
0.0868071691822
0.08581382325339999
0.0864829596004
0.0895171855222
0.09547013263319999
0.10526184371959998
0.11942401046220001
0.138486460311
0.16268832891040003
0.192449260495
0.22749512314979997
0.2677597361228
0.3131511408654
0.36267778965659997
0.4159987691018
0.47183087820240005
0.5292589759962
0.5871739103842
0.6441112740768
0.6990203463182
0.7503157990046
0.7968251573316
0.8376962151417999
0.8713911139789999
0.8973603807010001
0.9145197501486001
0.9227318592767999
0.9223189851624
0.9123085515125998
0.893442158066
0.8661774857594
0.8311202213497999
0.7890287408826
0.7412022713874
0.6887625998514
0.632831762489
0.5747697652524
0.5158436713096
0.45730248124639994
0.40033103324280006
0.3460087978448
0.295111517793
0.24852650997900003
0.20688128628059999
0.17032229871
0.1391688953696
0.11338493625940001
0.092850508862
0.07700372026639998
0.065428614498
0.0576372637616
0.0528532596634
0.0504763771778
0.049863211160799996
0.05022973525580001
0.0511218788432
0.0519751676168
0.052620520335
0.0528355062352
0.0524284135344
0.0516487576284
0.0507043317678
0.049962867272600006
0.05000734742199999
0.05134659556059999
0.0547305947808
0.060934699409399995
0.0704793435262
0.08414750899859999
0.1024901226448
0.1259555358098
0.15470953861239997
0.1890018592454
0.22876358052740003
0.27375795725679997
0.3235048899906
0.37761170331739996
0.4349950950636
0.49445340674439997
0.5554328998568001
0.6163299313824
0.6757501844857999
0.7326451307432
0.7855085252934
0.833269338749
0.8743277085608
0.9077910730896
0.9330508892688
0.9494731100046
0.9568376536175999
0.9544189927553999
0.9425681468028
0.9217383521664001
0.8921108620116
0.8544610783924
0.8099227885946
0.7594082549968
0.704163883168
0.6456545779172
0.5846591987922
0.5228219922734
0.4613162251066
0.4016907499258
0.34460914235
0.2913897360824
0.2424898678558
0.19842366556240001
0.15974522515280004
0.1264013283258
0.09867520255760001
0.07604501919279999
0.0584103763474
0.04522373736100001
0.035781482286
0.029462593174200004
0.0257541758294
0.0237677098432
0.0230224044248
0.0230020408618
0.0232341167094
0.0234099449414
0.023404837932
0.023125575639399997
0.0227699673002
0.0226360445062
0.0230989994056
0.024662665184799995
0.027976246468400003
0.033620415869200004
0.042302881157200004
0.05469213059660001
0.07144714022039998
0.09303368889579999
0.11979871073539998
0.1521914416612
0.190117998795
0.2334433967996
0.2820668864254
0.3353156751506
0.39269368931220006
0.45298858830659994
0.5151097437245999
0.5780285768316
0.6404150458058
0.7011195447627999
0.7587925257088001
0.8122673446105999
0.8601845448226001
0.9010747308848
0.9340282036113999
0.9581525682216
0.973299832772
0.9787762651171998
0.9748204443322
0.960745143407
0.9372313019621998
0.904990530545
0.8650853830312
0.8181520978836
0.7651342145604
0.7075288822624
0.6465604573114
0.583970606919
0.5206548273864
0.4576268180856
0.3965054596523999
0.3383617907528
0.283959504065
0.234327009549
0.1895373807036
0.1500809801882
0.11601775878180001
0.08755914970699999
0.06428844322140001
0.045813124354400006
0.0319050975908
0.0217756969028
0.0147730062498
0.0103385486678
0.0077212352986000005
0.006414374261
0.0058798178436000005
0.005771219724799999
0.0057673760712
0.005729866397999999
0.0057276558316000006
0.0058640430086
0.0064269184886
0.00784864033
0.010668307711999999
0.015476593227200002
0.022905807656999996
0.033482949900199996
0.0480289263508
0.06705799916520001
0.0911677384636
0.1206375881926
0.15561938833819997
0.19596691293240004
0.241886509242
0.29274959506520004
0.34786924542459996
0.40692640994060003
0.4691747836364
0.5330995476272001
0.5973011425352001
0.6605629379474001
0.7216714074223999
0.779343728788
0.8328201290428
0.8801894941958001
0.9203400921099998
0.9524214328988
0.9754561324636001
0.9890485560283999
0.9923671338248001
0.9859660434201999
0.9698287364428
0.9444287146436
0.9102738351505998
0.86833842041
0.818887900792
0.7640629779674
0.7048581498568
0.6426686632654001
0.5785419864743999
0.513888171793
0.4503131982429999
0.38877365281839993
0.33020498442759993
0.275701672857
0.2259214651944
0.1810614732552
0.14179627425479996
0.108198455933
0.07992581726100001
0.057034796172
0.0388827243726
0.0252420222352
0.015393747149
0.0086006774182
0.0043353363369999995
0.0018828504326
0.0006827037894000001
0.0002262190918
0.00014129116079999998
0.0001576738314
0.0001598069802
0.0001850030768
0.00041855798300000004
0.0011694394430000002
0.0028995553668000004
0.0061833508692
0.0115983882974
0.019805158689000006
0.0315910517848
0.0474113311052
0.0678576321098
0.0935223687696
0.12451245461540002
0.1612087166818
0.2033185431282
0.25069965002339994
0.30305261613240003
0.3599102683748
0.4204762585586
0.4831416814682
0.5475868160671999
0.6124340885540001
0.6758416425078
0.7365040679550001
0.7940946778132
0.846634378906
0.8923824807616001
0.9312852918746
0.9618990491768
0.9829329929184002
0.9947574098865999
0.996327473146
0.9878196289466
0.969285523673
0.9418933343324
0.9054256077514001
0.8616952831157999
0.8113722377194001
0.7554453021066001
0.695170956848
0.631917218848
0.5675293884470001
0.5026419350472
0.4393170800162
0.3782738022388
0.3203983447716
0.2669248679834
0.21790496936559997
0.17447379695579998
0.136728919143
0.104614616438
0.0778475282992
0.056313589953199995
0.0396115391566
0.0272313303362
0.0185400418508
0.012836003029799998
0.0094332401674
0.007673787047800001
0.0070645315296
0.007038242871
0.0072477076318
0.007444806737599998
0.007557900691399999
0.007600693787799999
0.007800508896200001
0.0085044098036
0.010174488572799999
0.013351146115600001
0.0187170813598
0.026965502624599996
0.0388332606692
0.054803636013200006
0.07565458242100001
0.1014715265842
0.1327346805736
0.16975219154780002
0.2120912158448
0.2599263470162
0.31258233602799995
0.36963900678499995
0.4302981593198
0.49362738316480004
0.5579076203578
0.622246245599
0.6852223644741999
0.7456574766914
0.8019395310383999
0.8531729667266001
0.8972639405584
0.9351336458886002
0.9635140804816
0.981957228756
0.9907189241831998
0.9898553890858001
0.9792897022062
0.9588298974744
0.9288578904410001
0.8912805950668
0.8464468100744
0.7945830707897998
0.7374780321161999
0.6766088827345998
0.6134418511182
0.5494006182929999
0.485990947374
0.424062452393
0.3645574400488
0.30923195073480003
0.2579891754402
0.21168068698480003
0.17081649771300003
0.1357117127264
0.10625195560039999
0.0820122038066
0.0631582572522
0.048899872905999994
0.0386691857582
0.03190078675500001
0.027890115872600003
0.025928490755600005
0.0253106263992
0.0256104462172
0.0261346043556
0.02676739011
0.026967059582000002
0.026978996282199998
0.0267498120036
0.026500311115600007
0.0264984696626
0.027466543233400004
0.029838216511399996
0.0344197052628
0.041790279785399995
0.05256344331979999
0.0673480945536
0.0869764191056
0.1113549814952
0.14138701904320003
0.1767811234442
0.217963761953
0.2647533852764
0.31604518058239994
0.371492706677
0.43071524655159993
0.4928024602094
0.5557377059254
0.6188341066892
0.6802047561918001
0.7388126493646001
0.7940234788612
0.843496102002
0.8861071102222
0.9217913984144002
0.9488149987473999
0.966364419261
0.9743455298312
0.9718140406810001
0.9604148555374001
0.9395037838223999
0.9095769941258001
0.870384509294
0.8248314393513999
0.7728729221125998
0.7164924986041998
0.6566308316763999
0.5948672763578
0.5324633348594
0.4704530716652
0.4106969079964
0.3536464621646
0.2999926437958
0.251096102089
0.2076700591856
0.169907002678
0.13739822844239996
0.1110671956938
0.0900114465916
0.07412170332359999
0.0625670495514
0.0552148195938
0.0512792374878
0.04956392692820001
0.04939655654340001
0.050434994965
0.05181031136259999
0.0532011687136
0.0544208784234
0.054843733916199996
0.05464722863960001
0.053873832633399996
0.0527050315982
0.05164118107
0.051484598786
0.052168769385
0.055063615331399994
0.0605232446254
0.069227977571
0.0821800477416
0.0996540029728
0.12243086747500002
0.150470212345
0.1841860203606
0.2230739146736
0.2672565586224
0.3169308024608
0.3702573152038
0.42682051635419993
0.48550083541899997
0.546422085696
0.6063848123062
0.6654065814344001
0.7215534715042
0.7737552056684001
0.8210577025856001
0.8622257172391998
0.8954440087794001
0.9198713081756
0.9358955773144
0.941970521686
0.9392271284308
0.926504529242
0.9053858914418
0.8755764064025999
0.8372846912447999
0.7920507749744
0.7414092751694
0.6860856374727999
0.6277718837663999
0.5672938949167999
0.5072479714296
0.44819592870700004
0.3913052380662001
0.33748457637080004
0.2878674733424
0.243585290573
0.2043849579658
0.17047029887300003
0.1425636143364
0.12042787034539999
0.1033400777378
0.091816086346
0.0844753325038
0.0806727967736
0.0795031933724
0.0806679480726
0.0828465264536
0.0856156967916
0.08860500474060001
0.0909892031774
0.092279370017
0.0927698562322
0.09176412796140002
0.09003479753200001
0.08765771606100001
0.0851932163958
0.0832628705656
0.0826360329204
0.0837936673864
0.08711036108619999
0.0940166200454
0.1047884627328
0.11980027316360001
0.1403591315516
0.16581100479700003
0.19712582941539997
0.233993475525
0.275732830797
0.3221301941996
0.37277024438359996
0.4264280043496
0.48266509447500006
0.5399579118898
0.5976865619492
0.6534619565006
0.7063364325146
0.7556113972818002
0.7993122879132
0.8369780167502
0.8674780645014
0.8899144103179999
0.9039970895460001
0.9087682103332
0.9035554301668001
0.8894690384293998
0.8664114932190001
0.8360817355046001
0.7978684692192
0.7536252679728
0.7040858882832001
0.6514276628072001
0.5955983827328
0.5384250960756
0.48104140015860003
0.4251924943112
0.37224573485260004
0.3231877894082
0.2789678282654
0.23902697383220003
0.20531506324020002
0.17657932071120003
0.15337630107640002
0.13600591199999998
0.1236459664858
0.11591395998739999
0.11226468175919999
0.1119073234396
0.11378799721920001
0.1173806467198
0.1218246079354
0.1269706979514
0.1315565626904
0.1346925349758
0.136449067718
0.1370333958996
0.1362030874324
0.13381680606979998
0.1306340120998
0.12674813114240002
0.12260007894380003
0.1195163234302
0.117360931478
0.11803120336300002
0.12187001923400001
0.12948360788100002
0.1410422658942
0.1576598140744
0.17951534824999998
0.20718414239019997
0.2399258003252
0.2781325056668
0.32102608980159997
0.367403204729
0.4166904008762001
0.46913860646379996
0.522388064683
0.575752750726
0.6280147477
0.6779826350721999
0.7235718253318
0.7644040124122
0.7983052304216001
0.8257531777048
0.845290598555
0.8567882600728002
0.8585558860406
0.8520861955964
0.836962923333
0.8141216141248002
0.7829631506348
0.7462417832654001
0.704357938005
0.6581529746141999
0.6079975113024
0.5549156639302
0.5021804058014
0.4494563811832
0.3988743197213999
0.3512553676224
0.30741136519
0.2690281607628
0.2357640749274
0.20800229601580003
0.18578880760920002
0.1690784710422
0.1575076130908
0.15168419495679997
0.1494993414588
0.1511335481456
0.1552785264924
0.1611989518954
0.16895823938299998
0.1765333114392
0.18300279327199998
0.18944996248239998
0.1940305023414
0.19581633428259998
0.19629850713699998
0.19429472682579998
0.18982006110879998
0.18445939392180002
0.17768755771720002
0.1711377309612
0.164829739255
0.15988827872179998
0.1562516908168
0.1550243685042
0.15789396714020001
0.16516961803520003
0.17696522588240002
0.19329226997239998
0.21493239950559997
0.2422811464464
0.2747633253878
0.3117076088962
0.35299180169379996
0.3970035102506
0.4437828690742
0.49192860184980003
0.5399982966650001
0.5866864879211999
0.6300371211985999
0.6716679614472001
0.7086311893034
0.739367153322
0.7630107951112
0.7788097783486
0.7867472976614001
0.7870667648592
0.7795795294019999
0.764401382165
0.7420100483788
0.7133182607366001
0.6784670919724
0.6387888301964
0.5948461775618
0.5495138598256
0.5030871965146
0.45698024831440004
0.4115882364616
0.3687344631162
0.32928196551980005
0.2942364678174
0.2638952786336
0.2392915916154
0.21999558530080005
0.20589058501240004
0.19723078813619999
0.1936177466012
0.1942906515016
0.1981501883
0.20505950652160002
0.2146078965716
0.22486959203899998
0.2357885816394
0.2456803225946
0.2549897825732
0.2613768844176
0.26587109000280007
0.26770407906120003
0.26621449567239996
0.2623558237382
0.2555567833536
0.24719583976759996
0.23660856036060002
0.22588271093899995
0.21494899500999995
0.20468452831399997
0.19578990558720002
0.1894606796094
0.18630535910579998
0.1866745668878
0.19137889717960002
0.2011924278174
0.21632483948660003
0.2365962758048
0.2618017739166
0.29231199946319997
0.32697239667139993
0.364755519919
0.4053054796084
0.44760314420979996
0.488951179675
0.5291298596736
0.5686947028198001
0.6048810241392
0.6363749742717999
0.6624592966556
0.6831072850942
0.696694374701
0.7035674602213999
0.703739882371
0.6954113253513999
0.6816104428259999
0.6614217405092
0.636492408696
0.6048420065062
0.5722295954005999
0.5351558413426
0.4961521492848
0.45655283183600004
0.41777631060119996
0.3790735213794
0.3442787535616
0.3131900194706
0.28634352826439996
0.263834528156
0.2459410626436
0.234440057767
0.2280359208576
0.22577748980939996
0.2291666279906
0.23513028170099998
0.2444187574016
0.2561761065575999
0.2698984269618
0.2840209841834
0.29787581229439997
0.31147592597019996
0.322631231129
0.3310529941956
0.3362857585832
0.3385480098558
0.33739866585119993
0.33217632667360003
0.3243189265044
0.3139362459203999
0.30191263189399997
0.28884035242600004
0.2750869279522
0.26084677282459995
0.2476345441586
0.23553807389020004
0.22714490035860005
0.2209144551944
0.2184073210666
0.22031828453999996
0.22682995263220002
0.23856543960960003
0.2544288431364
0.2747623788416
0.3001456245652
0.32876554391519996
0.36108970074
0.3929760179444
0.4266146814948
0.46067167295219996
0.4941812291234
0.525777199286
0.5521778944092001
0.5756715420228
0.5922751152444
0.6041444799865999
0.6100130755062
0.6106528160903999
0.6037193550982
0.5926194176471999
0.5755919103056
0.55373529657
0.5272781385828
0.5007676296133999
0.47046165898119996
0.43862792091119995
0.40721919677139995
0.37721702792719997
0.3474237335048
0.32169834227419997
0.2982958881964
0.27906823430759997
0.26525484680379996
0.25580701090400004
0.25220987803320005
0.25179672281579996
0.2566102678478
0.2645115570712
0.2762135175598
0.2910536622138
0.3083807597254
0.32548523859500006
0.343448212119
0.3605341457184
0.3766412617868
0.3899955871842
0.40053820974040005
0.408360638038
0.4128241327485999
0.41309883957360005
0.4075365103544
0.3994245838386
0.3871703794266
0.37333312942780006
0.35601631981540005
0.3381890757446
0.3199184042016
0.30116561344340004
0.28384519204860004
0.2688533023544
0.25625944059639993
0.24759454699539996
0.2427801632368
0.24275284631799998
0.247175540796
0.25592277107559996
0.26884246726280003
0.285511417575
0.3064325111902
0.328697989993
0.35323054076219995
0.3792486802292
0.4068020978682
0.43208654015779996
0.45504017817560005
0.4758031422756
0.4933465656168
0.5064789380728001
0.5170949692022001
0.5219288298046
0.5211574502661999
0.51601024868
0.5060004045652
0.49179988386359996
0.4725932208694001
0.44936584963939996
0.425006336626
0.3986227552539999
0.3728543899962
0.3460501849309999
0.3217648032446
0.3012303637705999
0.2837110651584
0.26915219960600006
0.25916769594260003
0.2533545520756
0.2514417843024
0.2553594081884
0.26309047410340003
0.2757000122046
0.29311561225820004
0.31255078942340003
0.335350292925
0.3580964869204
0.3805149355304
0.40337688543579997
0.4242879805684
0.4412944815006
0.45472111167379997
0.4662153648426
0.4742134051478001
0.4752152159114001
0.4738735222106
0.46613810443200004
0.4542909068072
0.4382282367646
0.42001072626319996
0.4018065537304
0.3795155066894
0.3561191044064
0.3330108579852
0.3097428922468
0.28908158341519996
0.2723225620178
0.2593127789354
0.24913610540099995
0.2424606113138
0.24107422073680002
0.24311235790699998
0.24944070255299997
0.2596863403954
0.2741780258836
0.29280789324019996
0.3126899602738
0.3357073082824
0.35810654459060004
0.38074456765700004
0.4000964719374
0.4158730949748001
0.43180552377000003
0.44421879776680007
0.45146954007420004
0.4555727509474
0.45430503501200004
0.4471930176034
0.43722770194800004
0.4240075197142
0.4075245689782
0.3885429428148
0.36867429167060006
0.34619627537779996
0.32547052976059987
0.30705039767199993
0.290436723886
0.2759379571852
0.2653475392244
0.2596753462039999
0.25893705594280003
0.2619524754034
0.27045548875119996
0.2839176767014
0.30022461051000005
0.3220141056484
0.3461306609816
0.3745820819298
0.40379812591619996
0.43220174592879995
0.45958032112439995
0.4845808035528001
0.5087754667872
0.527418187457
0.5420939970099999
0.5525389275818
0.5580064219142
0.554645751287
0.5480862185254
0.5382235599648
0.5230684269002002
0.4995888933921999
0.4765924876812001
0.44975615294960003
0.421033771275
0.3906790400878
0.36150899780100004
0.3342661399632
0.30864518258920004
0.287106642187
0.267373646981
0.2519457199108
0.2400615708554
0.233479930268
0.22992501325200002
0.23123328933060003
0.2354575259266
0.24379441202120003
0.25572009446559996
0.2688459001964
0.2826581143012
0.2964715484617999
0.3108114723646
0.3246403884436
0.3362211173186
0.34637646837659997
0.35256802641359997
0.3561728079114
0.35849462841900004
0.3569723508735999
0.3545876819988
0.34571100506059993
0.33419977528600003
0.32163755146140005
0.3087110923361999
0.29476577824780004
0.28056867415000003
0.26771633006580003
0.2572364626872
0.24789626108520002
0.2426171684042
0.23877430506500003
0.24079574937120002
0.24627522728419998
0.25533680939160003
0.270306023435
0.2898968841516
0.3114572739384
0.3378219623105999
0.3658497131252
0.39682747237840005
0.42801828759219995
0.45880930320799995
0.4893756858842
0.5166298721973999
0.5437021253548
0.5683061808458
0.589059785821
0.602103347184
0.6100696775554001
0.6119335237152
0.6052780953372
0.5967783026894
0.581435070787
0.5631181725653999
0.5380621718358
0.5086211171606
0.478167525739
0.4456928635034
0.41432267653699995
0.3814297646752
0.34832286549259994
0.319609896695
0.2942582824218
0.27215313522580004
0.2532396295462
0.2402940297606
0.23294069679179996
0.2264761100922
0.226238258824
0.2282120874102
0.2345419655678
0.24278209862080002
0.2527182430162
0.2648832425924
0.2758233848246
0.28498046044579994
0.2940688209162
0.3017946848896
0.30517910586860003
0.3082735039822
0.3093615910302
0.3060733647444
0.2990042967762
0.2922574585934
0.2801340598396
0.26872498774520004
0.256188326435
0.243066538446
0.23249992120799998
0.22195741427219998
0.214705036491
0.20968415221
0.20925800791399998
0.21221412421759997
0.2213404545442
0.23596482121439996
0.25388914579020005
0.2764948125826
0.3026511134694
0.33278779290780003
0.36767953288739996
0.40351716750519995
0.44029170769900006
0.47864461946840003
0.5153230197832
0.5468385491450001
0.5759578536062
0.6041272056374
0.626398938722
0.6425853775678
0.6532775111356
0.6557549453582
0.6546222771638
0.647393352116
0.6343357715162
0.6141759234926001
0.588118161274
0.5599595913398
0.5285898247922001
0.49595914776739997
0.45898528618659995
0.4226592340373999
0.38473990844340006
0.35101244987299995
0.318556023605
0.28902369656179994
0.2640000527016
0.2422016024276
0.22641276463499996
0.212370701776
0.2028966613214
0.19592147655339998
0.1939740712134
0.1943054837094
0.1956318195674
0.20035739137840003
0.2052554926228
0.20926699921140002
0.21568173716400002
0.2218349335748
0.22628553733759998
0.22896203455740002
0.2301065971758
0.22900222737979997
0.22779903527819995
0.2252573666706
0.22139990611439994
0.21558930206500002
0.2100620242898
0.2061082148912
0.20204758143339996
0.1975489046652
0.1964664015328
0.1997542264014
0.2028877989856
0.21132216975659998
0.22414895643039995
0.2408268961156
0.26142049299380005
0.2865094163406
0.31281195631840003
0.34210108964860003
0.37646664442739997
0.4104855468896
0.44656246289560003
0.48309534105380003
0.5193122157207999
0.5547788118384
0.5886793718636001
0.6184991476388
0.6429369899769999
0.6652234913580001
0.678153105445
0.6916513886094
0.6976955797894
0.6961209471645999
0.6871530382397999
0.6736733033288
0.6571192134726
0.6339587945449999
0.6085653614622
0.5781288449182
0.5426113596352001
0.5067063121304001
0.4693419238268001
0.4333306504716
0.3961793530194
0.36049313040840003
0.3265647318114
0.2954969624488
0.267425490702
0.24122527532760002
0.2210411732536
0.20262690921940002
0.1865004137284
0.17471141527640002
0.164130570002
0.1570097065144
0.150853793003
0.1481516008494
0.14708096337
0.14669887765640002
0.1460688035718
0.1459755605608
0.1461791804934
0.14432729450380002
0.1450521176628
0.143726198697
0.1417452146222
0.13818489770939998
0.13424822731879998
0.13112300574660002
0.1283986416856
0.128125034754
0.12950015230700002
0.1351619521168
0.1452953366802
0.15566479407459996
0.1698439222092
0.1866775466158
0.21047140297359998
0.23768650893159998
0.2672989779588
0.30376491741960004
0.34244253491240007
0.3801408154876
0.4233757015906
0.467403006386
0.5072789135694
0.5444793557702
0.5814064551992
0.6146738569342
0.6462468232448001
0.6714637868416
0.690496261952
0.7042765798598
0.713848354687
0.7201124003089999
0.7201221324084001
0.7114974251388
0.6997858727202
0.6837019188232
0.6597557848772
0.6278800789826
0.594300992065
0.5595164451836
0.5202593393328
0.47914438912339996
0.43868342435559987
0.39605168803400004
0.3548745520594
0.318655461561
0.28302525120479993
0.2505113381958
0.22062241201979998
0.19328641287659998
0.17036729056780003
0.1510918512232
0.137100421123
0.12448756367380001
0.1154787997832
0.10567463247259998
0.1000678166546
0.09560208791920001
0.09340534934539999
0.09102250781260002
0.08986225149359998
0.0887705410036
0.088341585537
0.0883844804436
0.0881086033432
0.0878437159092
0.08785238626400001
0.08928575669000002
0.0901215797292
0.093582064218
0.0967183681082
0.10192804575160001
0.11093700472000001
0.121611290886
0.1362815079938
0.15529920121879998
0.17682931795460002
0.20218461331240004
0.23117241156359997
0.26539602612580004
0.3015695930108
0.338634033728
0.3835442980808
0.42924766484339993
0.47457036399339997
0.519484880861
0.564087950082
0.6080637284366002
0.6480945731348
0.6844257611984
0.7157716847986
0.7412908141843999
0.7596602365935998
0.7755350024330001
0.7865460520841999
0.7865123415192
0.7786458093034
0.7642035209764001
0.7438089409709999
0.7202368952642001
0.6854748741242
0.6469963904032
0.6079103896346
0.567214389789
0.5224489133934
0.47655090069800005
0.4303620199128
0.3854232966964
0.34346533200460005
0.305724021318
0.2700658297712
0.23638933158520006
0.2081561870604
0.1815729520514
0.16136200178879997
0.1413278178254
0.1266088745802
0.11521636786060001
0.1060825053262
0.0980132824962
0.0904001065286
0.0857613959046
0.08105295775759999
0.0795613905298
0.07744788350360002
0.078168390468
0.0778264010272
0.07765729755360001
0.07745161687120002
0.07774527949940001
0.0809156306956
0.08490152101399998
0.08966150040780002
0.0983258178852
0.10881074297160002
0.1217163405774
0.1393689264334
0.15973263343900007
0.1836677338458
0.20927956565980002
0.23760848367659998
0.2732077260748
0.3137499269432
0.3503366869934
0.39156390134159996
0.4350477975966
0.47760699736719997
0.5163177135586
0.5606997649866
0.5950732262464001
0.6335931531116001
0.6706017273362
0.6998372063448001
0.7190252857048001
0.7345209922436
0.7400106614266
0.7526587686038001
0.7499720907812
0.7423018015818
0.7300546690844001
0.7190141638326001
0.6991900203446001
0.6790011704972
0.6462377767599999
0.6076531231852
0.5691907223024001
0.5322030543699998
0.4967973347692
0.4550883306082
0.409506995826
0.3686354619926
0.3303407920032001
0.2933110274242
0.26091142475
0.2314516882506
0.2022818452954
0.17998603989860001
0.15700113065299998
0.13719969899879997
0.121604525562
0.110888188296
0.09842511039799999
0.08927315682939999
0.0818137033488
0.07604427102320001
0.07242936466480002
0.07019127090859999
0.0679527532442
0.06846502470719999
0.0684185369652
0.0679351462178
0.06728541967960001
0.06843250505840001
0.0714815292522
0.0764586781806
0.0830641545844
0.0913324921546
0.10297039659699998
0.11740014721480001
0.137531663575
0.15967483536920002
0.18631239791680002
0.2202515486286
0.254761158293
0.2942607845668
0.33741594428739996
0.3848262562042
0.434413882917
0.47722725065000005
0.5239365286414
0.5676820192500001
0.6104025883526
0.6477586738127998
0.6736512949940001
0.6967371551382
0.7218021065392
0.7437187868230001
0.7540800862068001
0.7612627129731999
0.7603271156788001
0.7522602033949999
0.7396841556542
0.7212571189468
0.7001827006960001
0.6666677784726
0.6377521158116
0.6016264013352
0.5571814136109999
0.5134307931146
0.4765055688718
0.43025895364600003
0.39323298288
0.3618376105782
0.3298417510804
0.29619067560039997
0.2646256413972
0.23415576454180004
0.20719812168339996
0.1902084822208
0.174181861864
0.15803740816399997
0.14531806836619995
0.1320168016412
0.1234540752402
0.1182325036496
0.11124774319620001
0.1060058067964
0.0994992528882
0.09814566008700001
0.09400982442460001
0.0922156675578
0.088391211848
0.0864581937136
0.086240716517
0.0838916173142
0.0848627896738
0.08672702304480001
0.08930548770439999
0.0937667363378
0.101447632865
0.11056180976659999
0.126100982865
0.14732416876659998
0.16982484463080003
0.19611188417920003
0.22574948074959997
0.2621144613408
0.30033983628820005
0.341980351483
0.38084618586819996
0.41894337803959997
0.46204048565100003
0.5111808207809998
0.5565568917570001
0.600694614271
0.636694782331
0.6772378855124
0.7134033906130001
0.7345991101528
0.7533948806274
0.7715386078973999
0.7753935467145999
0.7822318063246001
0.7812659821138
0.768476937289
0.755667797529
0.7420293849796
0.7214297929608001
0.6963509262063999
0.6678302389154
0.6298743754136
0.5770565399283999
0.5386605106264
0.5018406748340001
0.46399044430559994
0.4266857134838
0.39017418691219996
0.35408029014719994
0.3240974231588
0.2912830388502
0.2620436278724
0.23570954296719995
0.2109637315588
0.18992123560659996
0.1735387448424
0.1567829718736
0.14500313008420002
0.13486820685480003
0.1241675041256
0.11750255467540001
0.1091889152336
0.1009810326966
0.09375345670719999
0.08864987643519998
0.0819801782314
0.0801196725738
0.0757292748226
0.0712956970736
0.06878142068100002
0.06713734825940001
0.06949296722619999
0.075123340457
0.0825288394158
0.0955893477028
0.10922150051600002
0.12624486987220002
0.15521846858240002
0.1871122935904
0.2234751614732
0.259665474634
0.3017211316954
0.3503975271832
0.3997667884068
0.456428620126
0.5102322111262
0.5612911032156
0.6170319145476
0.6692499901082
0.7069126117204001
0.7514221930814
0.7949352973042001
0.8236739567265999
0.8471819674968
0.8556909919386
0.858489115133
0.8615838655076
0.8518197886505998
0.8391265623982
0.812468573186
0.7881353560432001
0.7476541173508
0.7113270032376
0.6731062886418001
0.6252662040576
0.5853016225824
0.5320719361898
0.490060737535
0.4486245549636
0.41098523007880006
0.37420853038079993
0.333737800904
0.30893257767220006
0.28200681246879994
0.2603792978392
0.24310269624660003
0.22229208006520002
0.21263541895979995
0.20787114142080002
0.1928910866844
0.1873783165896
0.173869197728
0.16962149496260004
0.16799822053660002
0.166532667029
0.163771178719
0.1616200557868
0.1643467060926
0.167015814479
0.16152985221179997
0.16074874233599998
0.161147794787
0.16807862210520003
0.17778607948220002
0.18086471727960002
0.1894353538722
0.20077871312339995
0.2101608637542
0.22590992975739996
0.24249764119580003
0.2680033739028
0.2910621532864
0.31824796944379996
0.3515174098508
0.3820378401798
0.4173264051916001
0.46040441614559996
0.499431813073
0.5391732649284001
0.5881821782848001
0.6438023946088001
0.6797974907106
0.7131548934772
0.7471964408382
0.7880630951736001
0.8249417363058
0.8467408939320002
0.8550629402721999
0.8720445813859999
0.8854285942933998
0.8784784363231999
0.8598445560496
0.8427808984942
0.7996071656453999
0.769395690506
0.7347335077371999
0.6870546057206001
0.6378296296914
0.5986055701266
0.5472156917972001
0.488404714957
0.4304501558356
0.3847126255958
0.3359914889901999
0.2955764288146
0.25949548644779996
0.22258337040899998
0.195017965061
0.1696111372466
0.15249404613460002
0.1449216286982
0.13347128144540002
0.12979689738420003
0.1324146045794
0.13785004005840001
0.14233574034699997
0.15121929332919998
0.1552672925776
0.15453980040440002
0.1653585347976
0.17117365588320002
0.17905964337639996
0.18646716643899997
0.1877350702212
0.197764391243
0.19937397396980003
0.20836502728220002
0.21844111817240003
0.23405680667739998
0.24296445145220003
0.26090110058599997
0.2767295744738
0.3030353794824
0.33744175602279997
0.36490660021419996
0.4030122028824
0.4396067477851999
0.4832967827081999
0.5249534650119999
0.5724976746904
0.6280908368226
0.6841714910314
0.7335279081863999
0.7667984167280001
0.8004246957366
0.8558237752092002
0.8870962045824001
0.9143670649012001
0.9365968063754
0.957268265459
0.9735743242853999
0.9931092196158001
1.001349268812
0.982299528358
0.9730715654234
0.9637476118281999
0.9301992938453999
0.887818272746
0.8467367425184001
0.8107863159040001
0.764758512787
0.7105267325798001
0.661096965122
0.6087913630906
0.5565355357112
0.511976845799
0.4785235248848
0.43212981567240005
0.39385104421040007
0.36770388692299993
0.3332247331504
0.30837786805699996
0.28992956245019996
0.28712941179400003
0.2755991789385999
0.2668431240918
0.25665379420379997
0.24838003292760008
0.23836449780819996
0.23082326402679998
0.2215016407658
0.21449991276400002
0.2043966859378
0.1961440367198
0.1874588685764
0.1865674378336
0.17688897438339998
0.1793193205518
0.17704361456979997
0.17616285367059997
0.183745735177
0.19134854237180005
0.20197836620659998
0.21892294184859998
0.2436320896002
0.2746736116528
0.31266472007179996
0.35549873446540003
0.4131644858661999
0.4799101563142
0.544597181621
0.6052479982974
0.6698499848294
0.7242871516922
0.7853929284446
0.8435889682269998
0.8916406740544002
0.9408141773640002
0.9544257992818
0.9730389493354
0.9905349774186
0.9983142125283999
0.9922131788904001
0.9731015339125999
0.9634544955710002
0.9393240231176
0.9245598718825999
0.8909215627641999
0.8341055474921999
0.8010956272380001
0.763127415813
0.7249423782878
0.6840535212624
0.6437757551396001
0.6073965579574001
0.5709373777662
0.5222692830472001
0.4818162885532001
0.45193487831060003
0.421539476203
0.40554740823759994
0.3931270298616
0.371599621334
0.3635072059876
0.3478931886972
0.3341628265486
0.34277955216179995
0.34676803040140003
0.34839736172519997
0.3485472139616
0.349762141884
0.3364846160176
0.33289428461779996
0.3151369778122
0.314356635229
0.2969137796286
0.2736395875046
0.25569745435
0.2388400123742
0.22319114694
0.21688070765319994
0.21105149345939997
0.20847535729419997
0.20322685647940003
0.20718189453320002
0.2162179401414
0.24051391614419998
0.2723825138206
0.30153467942839995
0.3521759643294
0.4042478559456
0.4589531458136
0.5306757373414001
0.5977957225684
0.6681181607855999
0.7273635300657999
0.7975727634713999
0.8605207470135999
0.9252150063786001
0.992654156548
1.0333946290004001
1.0640664154056
1.0810492972827999
1.1156773319308
1.1281681762173998
1.1204431794358
1.0986158752721997
1.0588213139938003
1.0347137741506
0.9725229427132002
0.9170219842152001
0.8583116205700001
0.7973059587978
0.7327624134498
0.6977583666974
0.6488043205081999
0.6019173335356
0.5510106826186
0.5088604583418
0.476242403126
0.452988032239
0.422803386824
0.4052354082052
0.39949016136839993
0.39440964309560006
0.3989983175448
0.40598940244639997
0.41529034741119997
0.4190395484414
0.4249092743176
0.43586832255099994
0.43487586017920005
0.4312600192724
0.43287182805720004
0.43302878951760004
0.4321838058948
0.41551216188640006
0.4193237865145999
0.39841971577540003
0.38005417960460003
0.3665962121126
0.34083206638779995
0.3303452542942
0.315983063633
0.30772069970680005
0.2958922849336
0.29222608674039996
0.2895956335678
0.275004220177
0.2819983013372
0.2929246179708
0.31002387635740003
0.34060309627980007
0.3853853677004
0.42215626091719993
0.457780270689
0.4844650585198
0.5149812352798
0.5512839105522
0.570771765299
0.5940358130828
0.6350043122064
0.6503268349646
0.6687146658864
0.6996228798586
0.724786741043
0.7195333233783998
0.725130283155
0.7498796799160001
0.7423183910794001
0.7260876644498001
0.7101372204608001
0.6760122454315999
0.656573533565
0.6364028294377999
0.6067785325168
0.5708378037176
0.5424355779822001
0.500591372153
0.4741901961338
0.44349105362600005
0.4109950533534
0.39438416477780003
0.3560171413056
0.3511838831462001
0.3501487691926
0.35473490657219997
0.33642009213280005
0.338775627117
0.3429245230279999
0.34815535979400003
0.360624639094
0.37921529009
0.38582090724980006
0.40213703428220005
0.40244303358
0.4066477811312
0.39375198988460003
0.3936544031278
0.3949847823166
0.39033752159199997
0.3855863233142
0.3812662860964
0.3685879451288
0.347831840836
0.3442788146986
0.3418617282124
0.3406811399154
0.35109180051020006
0.36597427750739997
0.3700318176406
0.4029133770564
0.44664106567179995
0.4953302168264
0.5268389433372
0.5769362874896
0.6273086671738
0.675737676435
0.7375160550313998
0.7829638958081999
0.8669258981094001
0.9148510408034
0.9674493023176002
1.003980522024
1.0282795441877999
1.0602542522379999
1.0229656725361997
1.0058288710030001
1.0080600210982
0.9865563682098
0.9231237900614
0.8877816607058001
0.8233084592666001
0.768073290926
0.6953012488054
0.629521559801
0.5878502691764
0.5398650523962
0.505292535587
0.4769046355264
0.4656746250502001
0.45617551397199996
0.46936842556540004
0.4923052215942
0.49194073013320005
0.5217924487344001
0.5555366862018
0.5961277855761999
0.6022354435706
0.6244165199258
0.666244937423
0.6888240842282
0.7272215456245998
0.7222413248566
0.7267419569401999
0.7169996068036
0.6891736527696
0.68212837422
0.6293825818998001
0.5943978204984
0.5429869540512
0.4973753412834
0.4427481017208
0.38853867861139996
0.336115135936
0.29732009580780006
0.2826280907148
0.250934617706
0.225032199842
0.25129816657419995
0.2785575817775999
0.3005994993334
0.3622442700576
0.45653001751380007
0.551874900501
0.6351657675796
0.7401958238224
0.8277434565240002
0.8960879022013998
0.9934625073546
1.0476591551644001
1.1209364779616002
1.1879959615856
1.2313355061762
1.2538107307493997
1.3250639954896002
1.3089611650317998
1.2634823975549998
1.2357336250622
1.2104831071110003
1.1833057829052
1.1469356397393997
1.0845546789434
1.0180423161410002
0.9480239268765999
0.8844257332811999
0.8137037474764
0.7349553491248
0.7060769894776
0.6704974769459999
0.6368235891321999
0.6189633425026001
0.633395340185
0.6415355304518
0.6528169499727999
0.6973524756621998
0.7450022810784
0.8272342857725998
0.9124432162443998
0.9970606072357999
1.0565735893641999
1.0901703791266
1.1160214925912002
1.1259505107180003
1.1337888974830002
1.1651389857412
1.1903293328912
1.2224224594422
1.2375228649856003
1.2297160349536
1.2122395890634001
1.2299122917692
1.2112592923688
1.206175784608
1.2030253981468
1.1583747921508
1.1573440736154001
1.1164292826144
1.0841290959232002
1.0433920908868
1.0043159971472
0.9745403041198
0.901823875774
0.9192028075856001
0.8956443050962001
0.8705724516522
0.8574755126270001
0.8831531851726
0.8661095717342
0.8904424017649999
0.968133814332
1.0140082580669998
1.0554740998971999
1.0929226051