0.
0.
8.810800191027736e-7
8.743540087195794e-7
1.3443870284216093e-6
5.049197335237023e-6
5.573189508698076e-6
0.000012990100210909337
0.000012195031067349171
0.000016816556548344424
0.00002048060685828156
0.000027194386303769664
0.000028844202921311
0.000018822350358252335
0.000022586438740989388
0.000015463465603279596
0.00001530412836188836
0.000013043608065440309
0.000015011046909700319
0.000015845841038742276
0.000012194457490272472
9.40302377652211e-6
5.1215819988235425e-6
3.4718602965534765e-6
2.4294647773880663e-6
3.0343239032000856e-6
4.167049602809309e-6
5.10044788116152e-6
5.695605897709575e-6
6.321404988334048e-6
7.062939353757577e-6
7.912480676776709e-6
8.799069692686523e-6
9.498033535057287e-6
0.000010163952578612175
0.000010730829506585378
0.000010955028900155619
0.000010835758572076573
0.000010190005850529424
9.339879984435741e-6
8.655305036956932e-6
9.103921721458377e-6
0.000011037006980212826
0.000014677274038549055
0.000013547197501229597
0.000014064250135482471
0.000025718524288479042
0.000026420414148124304
0.00005096128955574404
0.000058218446269622524
0.00008145970680938127
0.00006926636292636082
0.00008778555365141183
0.00010992980134278638
0.0001246523483656237
0.00011621612021775399
0.0001223060233633415
0.00013325524636531507
0.0001392665151870949
0.0001439907967485419
0.00015531370877082246
0.00015793136759668388
0.00015605804119429254
0.00016035806350598732
0.00015193573279441907
0.00016162217206265855
0.0001673931005855877
0.00018851703425964644
0.00019047967100595486
0.00015614403169473144
0.0001492815230899075
0.00017250561438854797
0.00016109447722771167
0.00017356693940059922
0.00015689491098698242
0.00014475522000186633
0.0001126918340294469
0.00007063385984927356
0.00004484635566141109
0.00004795552187709487
0.00005560556978057175
0.00004252560990606328
0.00003862250600296724
0.000020532435081500347
0.000015402920511999486
0.000015892692890133374
0.00001948138076015367
0.000025608650576634075
0.000029090243002173784
0.00003207270551943871
0.00003443744153021069
0.00003812060952227116
0.00004089221466708437
0.000044266943773964205
0.000046799177720519606
0.00004823232997483443
0.00004928336973527848
0.00005188712347601874
0.0000532466613628212
0.00005287941432201942
0.000056976406210625336
0.000058099615344973226
0.00005696786979349382
0.00005617062434530958
0.00005402611346669231
0.00005309293595737155
0.000055148511273034144
0.00005951390139151467
0.00007993806119732061
0.000095510856700524
0.00012107802805730722
0.0001509547477246257
0.0001513506270313242
0.0001666395347069333
0.0002162229036390478
0.0003026536456364694
0.0003293067926390823
0.0003739994204238805
0.0004323720277591748
0.0005094236467437467
0.0005867349754853143
0.0006320706477721987
0.0006491226792369085
0.0007061446313151612
0.0007681650587061189
0.0007242843384639581
0.0007269486175792812
0.0007458318538971787
0.0007196186797967418
0.0007141721134981319
0.0006914268287916353
0.0006607364691851392
0.0006718127366630378
0.0006168062477123948
0.0005611859322546585
0.0004796458516445069
0.0004839942179153739
0.00040389871634853174
0.0003492011088612801
0.00027160711043604024
0.00021721081744826738
0.00013867766727895103
0.00009098115158560063
0.00005869136441298965
0.00005404713662943651
0.00006167392869972928
0.00007316361803635016
0.00008590104448550343
0.00008815726146417711
0.00009573417685731001
0.00010219163079261984
0.00010319988921098962
0.00010735858931332023
0.00011452902803912976
0.00012457227090280443
0.00013676959824973184
0.00015006709820966283
0.0001689954843803011
0.00018433535922404422
0.0002004658152467217
0.00021528464584933242
0.00022214954757982848
0.00022672539841751024
0.0002289221006512748
0.00022860256325299942
0.00022194433534292713
0.00021518575136935853
0.0002053581381052398
0.00020156061084034723
0.00020249045813580395
0.00021746482032645586
0.00023818131241628627
0.00027760667280151574
0.0003216220219690476
0.0003736831406289292
0.00045730493209795905
0.0005712392400828159
0.0007069852751603742
0.0007979838853636603
0.0008387892237141069
0.0009138100884170365
0.0009810507161512217
0.0011200894850398513
0.0011949698654423631
0.0012112587663500147
0.0012738513386299569
0.0013330492823405299
0.0013128179520352768
0.0013207658087291338
0.0013278879251198536
0.0012821661891941974
0.0012187200865205077
0.001136277155202555
0.0010822116788578747
0.0010207824538939886
0.0009403073341071052
0.0008531844673257236
0.0007675361027846508
0.000692335484664345
0.0006053527441199247
0.0005533909342751665
0.0004777363137550563
0.0004160033491101372
0.00035564970146635623
0.0002955261824393048
0.00020997584180427727
0.0001432610502905617
0.00007756180412220364
0.000030424472683572536
0.000029659440057326887
0.000051463902578541534
0.00007006852778586415
0.00008505317603498155
0.0001069494031574905
0.00012547967842223761
0.00013835362250841935
0.0001530598803844651
0.00016445482326964885
0.00018184557050792425
0.00019646293588091387
0.00019482434334682977
0.00019147405267932517
0.00018966275083557804
0.0002013960301377554
0.00020931052047043608
0.00023111196158447485
0.00025319912842427036
0.0002810524589135318
0.00031926010403681527
0.0003617364060993697
0.000393676879825112
0.00041967861436326793
0.00045417222249007896
0.00046811631446953855
0.0005057664959724161
0.000548227042903927
0.0005810280196541862
0.0006005501066283638
0.0006031297640906301
0.0006645020694768896
0.000768269914274989
0.0007950099349478217
0.0008491264577126279
0.0009270499206334822
0.0010265599805883458
0.0011596978073933205
0.0011950088460632629
0.0012871369125855797
0.0013236695328053744
0.00136189224312044
0.0014177956476648552
0.0014110559002237682
0.001420730644786211
0.0014133615229760875
0.0012732235063606697
0.0012402496050180419
0.001175229555924525
0.0012040197841051699
0.0010759743538976488
0.0009828631831545255
0.0008904788188282359
0.0008134306436847844
0.0006780336490470444
0.0005834705706665672
0.000520032971021348
0.0004414563461593471
0.0004093048858734218
0.00042421987225357247
0.00045156660306566894
0.0004566733183828046
0.000484473739176353
0.0005249780745025886
0.0005035678472832895
0.0005058871057692208
0.0004946426600724989
0.00046035706650938084
0.00043842541278246857
0.0004094427424695986
0.0003724215874249684
0.00033789265124189674
0.0003220114642885603
0.00032700226594258584
0.0003277316150823892
0.0003390598222636382
0.0003511819853566926
0.00036333953706840446
0.0003804098937874837
0.00038757330423346746
0.0003984824302217922
0.00041895842756360576
0.0004475349210791957
0.00048044364398503267
0.0005212269571112273
0.0005703251830603604
0.0006223282533197823
0.0006779214113376297
0.0007302393282121665
0.0007815267185867045
0.0008117474599841785
0.0008372062787353154
0.0008780275491858532
0.0009188170541499163
0.0009720642155915954
0.0009891606080539455
0.0010460146539339361
0.0010984644431081038
0.001150321559510067
0.0011480927004137828
0.0011556415136158072
0.001150934709991963
0.0011626438264456535
0.001223706972562355
0.0012305113741966054
0.0012269908923383229
0.0012058592725290248
0.0012341010423131851
0.0012856592429086476
0.0011959769211793245
0.0012006117770237347
0.001177793077843904
0.0010918260624793034
0.0010130250065201666
0.0009824543071371389
0.0009010374229037027
0.0008879130214515428
0.0008406541992958125
0.0008297065215595892
0.0007707795424397058
0.0007455963751193543
0.0007541490175782725
0.0007370592337464709
0.0007549229225502932
0.0007475754415449178
0.0007596074855447076
0.0007448780459663306
0.0007513526578037135
0.0007550110735310351
0.0007439193495314178
0.0007262952919690773
0.0007012759616176133
0.0006331435941163412
0.0005693765936283854
0.0005111320244258729
0.00048535144510347716
0.00045596864195563574
0.00040868635662227626
0.00036826724049725327
0.00033495148882860276
0.0002913309039747542
0.0002537731373422013
0.00025200798060462024
0.0002524229516285308
0.0002798029246430257
0.0003108785777185464
0.0003428157120643051
0.00038866578256706086
0.000426419242050121
0.0004925540543049335
0.0005646951377246002
0.000621321941729831
0.0006660050921697518
0.0007001025710779996
0.0007055478197358814
0.0007088222679930646
0.0007073660112714242
0.0006720297534369555
0.0007092060366256965
0.0007452503858373265
0.0007095923532123655
0.0007029331262150632
0.0007185952534214504
0.0007858235273305957
0.0008014833939001995
0.0008438677191264374
0.0009154741636288981
0.000988066271825212
0.001028107347345768
0.0009787023116633049
0.0010248278660747725
0.0010428185121171424
0.0010569454263483914
0.001123434918544888
0.001087847045520874
0.0010288078379577816
0.0009594342290300061
0.0010078595742935438
0.0009886347201573304
0.0010297172073408405
0.0010052106746340902
0.0010343943045943334
0.00098833818252565
0.000992779523344101
0.0009816839523168433
0.0009794741681534269
0.0009473175877369401
0.0008922310378105366
0.0008138258886004655
0.0007583924736380656
0.0007017916533131516
0.0006458225712382168
0.0006002667975788917
0.0005364946138756259
0.0005034461087919417
0.000432797773954954
0.00036710373066968326
0.000359725808510075
0.0004160628656785556
0.00047299434568002493
0.000540740599075473
0.000593229863689396
0.0006182262322310698
0.0006157622509694792
0.0006345854847528088
0.0006685159821937761
0.0006878643020422462
0.0006953692513051754
0.0006842499048343748
0.0007022272626895573
0.0007083294785403609
0.0006996178732977979
0.000693393424699722
0.0006909608141014213
0.0007136195564057019
0.0007191625112178853
0.0007254439036652735
0.0006704784029246453
0.0006417047367953407
0.0006211471351166216
0.0006012520166680646
0.0005301872981526216
0.0006055253372585933
0.0006476611215549893
0.0007039301846957955
0.0007692800447564237
0.0008187242152094608
0.0009807633857295767
0.0011040699802660268
0.001183948741920419
0.0014028861134381214
0.0014867718798122834
0.0016191816629870625
0.0017693563109793921
0.001967657092645721
0.001992123624411295
0.0020180383511037474
0.002048563129449154
0.0020401576258643004
0.0019243068891072997
0.001903588727462317
0.0018026101286115995
0.0017519944328773867
0.0016715751626422152
0.0015678906734174207
0.0014974971478675136
0.001398289109530583
0.0013609020013071534
0.0013473408842706014
0.0013366309958373307
0.001280288221421254
0.0012180865453990891
0.001143635102262408
0.0010487914732573232
0.0009309884594708118
0.0007571739768899846
0.0006049256999355579
0.0004437287460525409
0.0003229249792258186
0.0002637294130011692
0.0002938167688065241
0.00044673292684326975
0.0005707211385429176
0.000690209724764075
0.0007834421899798322
0.0008549337772561075
0.0009455602938648612
0.00096296659198492
0.0010360288504880654
0.001067952316983148
0.0010284465725856986
0.001052568555708298
0.0010580145439650645
0.00099707910277212
0.0009751673624256463
0.0009915717608507796
0.0009449306015415974
0.0008942079636633856
0.0009018866735854401
0.000929393014030259
0.0009671933698262278
0.0009936549885394854
0.000982825596956206
0.0009681541719084224
0.0009908278998169995
0.0010104658000661697
0.0009349592439640036
0.0009942077435431418
0.0010085293277674915
0.001117986577449007
0.001249421745219886
0.001428124966174022
0.0015807351332977713
0.0017975583055726888
0.0019566710193851676
0.002050751152413394
0.0022278977068899224
0.0023153916874256307
0.0023862795822641937
0.0024498254923850625
0.002448939265251682
0.0024161981348494767
0.0023662060073921763
0.0023717592253265393
0.002255337022269959
0.0020786656103379923
0.001980876843274745
0.001820138214698342
0.0017152684798349123
0.0016558855582549212
0.0016331825970567727
0.001596332560640391
0.0015998947141272488
0.0016126167554765295
0.0016010176004153489
0.0015793827922798397
0.0015040024384467047
0.0014343479143644386
0.0013737769628427699
0.0012596927891944708
0.0011850763055604818
0.0011022269402858635
0.0010310943898707977
0.0010081949595921189
0.001028012718698032
0.0010000306403107448
0.0010804264287869122
0.0011723955606159667
0.001213004507502537
0.001329481854997483
0.0013868137442669926
0.0014183889391588013
0.0015059175678593308
0.001523680868993271
0.00154132583959423
0.0014987861518473667
0.001488452220158844
0.0014168408990726093
0.0013724837938321537
0.001348770103268569
0.001319305540908566
0.0012523654424124433
0.001097171774253997
0.0010193484875282626
0.0008741792468703654
0.0007491694405294344
0.000671999130001919
0.0005800597279100239
0.0005777683909209697
0.0006499569087053247
0.0007834963477748875
0.000950034140041173
0.0010677452691005207
0.0012306428918257872
0.0013932094833423098
0.0014873701947272432
0.0016298369185924623
0.0017535443846988753
0.0018136925005881395
0.0019133089637092236
0.0018770902858490943
0.0018468890381737036
0.0018160150977935964
0.0017924857124665694
0.0018111080784935184
0.0017314844554581986
0.0017020273680234002
0.0016897823987491202
0.0017024951771966164
0.0016800248013930483
0.0016995527145434815
0.001736570926133194
0.0018331186128164188
0.0019736133376118277
0.0020974132653657964
0.0021704854859158403
0.0022868144525037748
0.0023120097031066778
0.0022843645265204627
0.002155409139988074
0.002056262730495981
0.0018849399517597192
0.001769677601175495
0.0016639871430086414
0.0014913716768030795
0.0013859762957354165
0.0013415554154368825
0.001312855059927146
0.0012662804746517507
0.0013299420681524034
0.0014160345598217734
0.0014783854388190191
0.001589264805365913
0.0016259664571975161
0.0016173015559592587
0.0016481099228972747
0.0015707034047733888
0.0015272658818332972
0.0014564516059633389
0.0013618049208511472
0.0012634814083868336
0.0011285803136106107
0.0010903664082531684
0.0010320292704123883
0.0010423537299314566
0.0012062303727776637
0.0013866082191023449
0.0015384552347959064
0.0016599916274000223
0.0018424948234407727
0.0020387495314613193
0.0022580110567824952
0.0023594325525400006
0.002466823483475445
0.002605885302131617
0.0026169690704151436
0.002644973927202857
0.0027129064518109968
0.0027023522929542857
0.0026415448765383345
0.0026352462075113665
0.002510618299674568
0.0024136750460330403
0.00234036446497211
0.0022555755151079044
0.002138519432556619
0.0021051944149864856
0.0021378657061322174
0.0020708229842299566
0.002018787679008536
0.001948198139411355
0.00188685025325846
0.0018927867575743234
0.0019957952632487018
0.0020622962521752376
0.00217652511154812
0.002302458071590921
0.0023632263350959384
0.002495375491655563
0.0024837881595556896
0.0024329968198074335
0.0023722890328823957
0.00227509024922813
0.0021406017354580133
0.0019456869364583877
0.0017632752752134648
0.0015178205872455647
0.0012942365421324334
0.0010968219412497602
0.0008774679142094531
0.0007230971822059773
0.0009131822400737577
0.001163493812232252
0.0014756745861603628
0.0017535450022796919
0.0019020996544562342
0.002145015518808128
0.0023334091983774293
0.0024672390471900756
0.0025220937718089817
0.002573771031270109
0.002610868070823791
0.002658305786741038
0.0026845598299836864
0.002598559594735407
0.0024311982066056535
0.002292862090148371
0.002240571991734258
0.0021847652573411687
0.0021802186406112574
0.002210959792129665
0.002261489096947396
0.0023809492890082854
0.002460995510550021
0.0025460426119438286
0.002675178572343622
0.0027660081692198342
0.0029473464614663976
0.0029987675222613685
0.0029779941320194196
0.0030192904101551724
0.003082975433454461
0.0031505209755196394
0.0030758260516520093
0.003127990946978782
0.00299017149300272
0.0029890532119294174
0.0027543871034740137
0.0026465514438843867
0.0024706581608560114
0.0023732984096859616
0.002375190269812732
0.0024003593306568824
0.0025954996992798673
0.0026646311902894675
0.0029361249686359384
0.0031933015604924185
0.003474715222257439
0.003737557520390506
0.00390971272912652
0.00413434918159876
0.004244160598034628
0.004306311595810978
0.004304274663501499
0.004334048191900536
0.004202238975428165
0.004060588198556547
0.003916185538813705
0.003775135561879444
0.00359680570353048
0.003351974299795802
0.003084180062456622
0.002876939493353945
0.0027094991675411574
0.0025320286628728685
0.002477199986916089
0.0025667590010368577
0.0025246255447893533
0.002647729086579204
0.0028698401296388685
0.0029852209840820726
0.0031824779279862867
0.0032791497072835623
0.0034521328723136875
0.0035195217140200352
0.003491371557019238
0.0034115805018035445
0.003352103822975883
0.0032794268479751296
0.003239794585714512
0.003212479406858547
0.0031447108070611174
0.003144591910515629
0.0031346757971919296
0.0031773015093577383
0.003261692174295855
0.003298678588785669
0.00330873639458014
0.0034223501036127826
0.003560180811381314
0.003635657415051547
0.003778985281425872
0.003932422849436317
0.00398383615323664
0.004009157467959338
0.0039789286523098785
0.004094788790855446
0.003936097117951893
0.003683607764406403
0.003445115335695156
0.0030189872984047656
0.0026136495121345735
0.002334246920846783
0.002073258214905841
0.001853355652676992
0.001758476692535219
0.0019669737405795993
0.002266097503696469
0.002665229703112941
0.003074366186109527
0.0034187899200154004
0.0036717320816875326
0.004034365395201523
0.004218800892418498
0.004345971682249498
0.004379182067267644
0.004259968918095227
0.004082556129541695
0.003849163675839899
0.0035715692992682262
0.003351623411992383
0.0031260817336266128
0.0027856436613555424
0.0025391125922652365
0.0026152515432175012
0.0027601912951437262
0.003103407333793741
0.0036298362368198263
0.004178124634532781
0.004478822890655901
0.0047719032210646935
0.005079849604273202
0.005492595386901318
0.0057502466826905565
0.005754405898244629
0.0056408831392042195
0.005654333354094316
0.00545591470729344
0.005195142234277465
0.005015064137564622
0.004730790081243109
0.004428643011716479
0.004243120371011967
0.0040167545676065
0.003714972555536414
0.0035444229006087757
0.003301670732476097
0.0031517758818122997
0.0030404035272565584
0.0030458677528050378
0.003146052946401837
0.00328757792351369
0.0034128153021265525
0.0036280324635744187
0.0038360347827316762
0.003930238707624779
0.004038370121507286
0.004107559699261568
0.004177047223637275
0.00405762055948211
0.0038119197542688054
0.003593783459181331
0.003276151748978996
0.0028631141321775254
0.002511882483240675
0.0021584371375302685
0.0018799906331407952
0.0017403145855964266
0.0018121489553079362
0.0020172221257272758
0.0023707431135757957
0.0026752492933372774
0.002932272903526111
0.0031829517809591817
0.003329308111494895
0.00341945312855451
0.003325093049867168
0.003206852759801841
0.003029967084607417
0.0026747825598162807
0.0022873890009435832
0.0018535153596888436
0.001640844234789029
0.0016884698056404688
0.0022215112239890493
0.0028356523683078392
0.00345584776722098
0.003958105982689501
0.004614010420898611
0.0054296489410284605
0.005839741433512931
0.0062294092135919184
0.006571054032725904
0.0066977025386365276
0.006876654951539037
0.00674310461771029
0.006643658741828722
0.006419165420528203
0.006090389083200705
0.005599117520323877
0.005212590258595544
0.004700824383283698
0.00430573214747456
0.004029685005031927
0.003511239311305303
0.0031250560117957672
0.0027487549281438
0.0023889052519890765
0.0020879059037229655
0.0017983465377348548
0.001596732237563796
0.001463989579627607
0.0015158956614221089
0.001628354081494826
0.001817914678452918
0.0020545799900420166
0.002269922152910225
0.002429546603860833
0.0026363418977379764
0.0027757470508813836
0.002891104682609401
0.0030078298308927817
0.0028879922899754562
0.0028103663962969166
0.0027057485232934264
0.0025919058212648186
0.0023520260747286383
0.0021927628178971107
0.0020414421366024816
0.0017826028529142066
0.0016903952878434237
0.0017324784967165862
0.0018748353052144009
0.0020215164065462746
0.0020652405406003096
0.002132744140831725
0.0020212847746831956
0.0021546338276336335
0.002225426431933409
0.0022662022103204626
0.0020443435076193317
0.001863971119062216
0.0018902279603403766
0.001652350285131307
0.0017309121399629135
0.0019301834607410836
0.002517265804675996
0.0031446771934407628
0.003944264566896834
0.00454455023612846
0.005105197400699582
0.005793435449097576
0.006374456486204599
0.006686263074854833
0.007128446757709736
0.007118185926465925
0.0072842137414930305
0.006999348096697744
0.006665778250861162
0.006076189006403959
0.005508877116551212
0.005082697752609438
0.004514099154014389
0.004015830043711275
0.003500719785797406
0.0029363001640105076
0.0024328230397474286
0.0019326259042484262
0.0016553950421235198
0.001501578107800786
0.0016217498374752933
0.0016703777251209093
0.001807406679396466
0.0019021100532929163
0.0019229013507721818
0.0019948677735335254
0.0020018509452609853
0.0021649974021767018
0.002323504821127551
0.002537570525813314
0.0026363795022576585
0.0027546559826464975
0.0028903002164423455
0.0029852028558988992
0.0030292300318753946
0.003064735428401743
0.0029937729903117684
0.0029970588637078014
0.002791187353810587
0.002553447015897853
0.002327470316566223
0.002032716516333181
0.0017627365071473027
0.0016567001517766872
0.0016116254290824287
0.0016478219555615247
0.001693914106085727
0.0016993640896747582
0.0017120401017869213
0.001487744692626201
0.0015266349549120926
0.0016061399818032996
0.0019590021501764113
0.002565291483888331
0.0029567022319043753
0.003987523713173074
0.004879282477714573
0.005846895111141022
0.006806723517169494
0.007927952328305904
0.008832284486054677
0.009704938241928219
0.010503377446638018
0.011393060759375899
0.012018438441547085
0.012273534743261424
0.012395965858074988
0.012605898779731898
0.012365413434043354
0.012115205153689036
0.01141566210040689
0.010820191423759597
0.009861982766366302
0.008891555246463538
0.008110868876939022
0.006981121883523268
0.00592468256804014
0.004882798232025906
0.003840992374138214
0.0027784120134560298
0.002067018618991605
0.001734853202597904
0.00175265150211503
0.002025665801548371
0.002287919832931153
0.0025103023366343743
0.002699425313960986
0.002827639152910356
0.0027982333841561984
0.002649267836369938
0.0025176018836531276
0.002431428290858924
0.002429999337759262
0.0023346058589415243
0.0023109368745236115
0.00228326830953233
0.002500627843140774
0.0024882281762502786
0.002481287109256847
0.0024326491355703833
0.0022535997447284462
0.002051947907647012
0.0019298016131167309
0.001688206112623223
0.0014213177792966822
0.0012323177536346327
0.001252387144443039
0.0011701958456907325
0.0012210231365859959
0.0012288453276445854
0.001156317273270279
0.0012997727923070713
0.0016545693484454178
0.002072898741221738
0.002747813221673631
0.0036140897322131343
0.004668000659663975
0.006017042359086907
0.007354963210552389
0.008932448323415073
0.010468858502148546
0.011851574361727282
0.01322871435204701
0.014371860060086547
0.01564128348796236
0.01689773344732572
0.017698909355654057
0.01818432861603393
0.018729714912243525
0.019360436801618502
0.019371491661167528
0.019102765730153747
0.01810297427835527
0.01695881823741447
0.015603857877604143
0.014246351558625176
0.012756070779654705
0.011005747799156786
0.009460344372134876
0.0078958609439045
0.006340674949957898
0.0049543374514893525
0.004059627681796244
0.0034319506732001987
0.003366781110762164
0.003409225447755003
0.0038483605433474203
0.004191246698433906
0.0043318416814710405
0.0045142104698089125
0.004461150487712968
0.004287604576169544
0.00395595657792362
0.003536896451030034
0.003048999165480064
0.002611146762108618
0.0022759122717486376
0.001970647197672529
0.0016763093760691723
0.0015069984958468769
0.0014040064337173944
0.001227542643957797
0.001124624161899618
0.0009730719064136394
0.0008702224611622252
0.0008559063639556511
0.0009492602546434276
0.0011645112272391164
0.0013241431121495833
0.0014211181694575967
0.0015282424771446148
0.001364376808094883
0.0013485550968985861
0.001568655238678121
0.0017261736970958868
0.0021414264919041625
0.0029944241579770697
0.004027499841142875
0.005304228674879154
0.007063970120707275
0.008570771935184076
0.010381035498746005
0.011993375068966637
0.013440787281467957
0.015086504114320252
0.01630766757186848
0.017388021045858914
0.01877415361856273
0.01956392996867746
0.02030464196794349
0.020646798044472957
0.020666248876148274
0.020529904690657005
0.02013471837409026
0.01946594922742541
0.01855505148373195
0.017417358951302826
0.01599623374191028
0.014004287382397389
0.012452259176753678
0.010464791004231934
0.008511597278903844
0.006709069380387265
0.005475583585844719
0.00416236494628543
0.0034902616490654786
0.0031441820664312396
0.0031997558519245785
0.0036047572152550253
0.0039663445804867655
0.004070555245032213
0.004004654699501642
0.00407297654282556
0.004000386737291133
0.003768834705958127
0.003461755211119706
0.0030732658855656824
0.002621301187940167
0.0021364968305816363
0.001750210809393059
0.0014179385219410252
0.001132190924274792
0.000982081089160481
0.0007805604907888414
0.0007976795083182529
0.0008550128493509584
0.0009521866348416739
0.001212208631293821
0.0015332158896316892
0.0019178205652568817
0.002211391838356882
0.0026055175618179332
0.0029945430234437406
0.0032538491778664144
0.003460289337489543
0.0034366827767145828
0.0035202056505945264
0.003180926505071583
0.0031584991228439754
0.0035389770236526224
0.004517374679091267
0.006060006225229192
0.007867838580146416
0.009454425687111764
0.011297880477662529
0.013004380431126356
0.01482899116450237
0.016596402181729194
0.018265750099727328
0.019473556956086328
0.02039842728289368
0.0211678063748005
0.021613064948010033
0.0216531810785875
0.02173680192012853
0.021461772757596358
0.021148438785446363
0.02033141118028789
0.019625263361355266
0.018463091615051455
0.017139581659137895
0.015720699794895744
0.014283634323731961
0.012652472464088056
0.011055286809144495
0.009523408037421263
0.008158301634843476
0.007195262499555864
0.006223721360643527
0.005614503164753976
0.005104026861573208
0.004431353109275184
0.00424051273958928
0.0040744144254684315
0.003866540195786708
0.003593678153084492
0.003237397073667317
0.002769264378728538
0.0023003033286557997
0.0018762587449537202
0.0015153588204432572
0.0011355345029037942
0.0008203580192492854
0.0006531628329320277
0.0006119739638348507
0.0006227362454949904
0.0005937743175045519
0.0005509337743513755
0.0005616627834307247
0.0006542702787097881
0.0009269518400260584
0.001373574598673022
0.001813138967039142
0.00228087288820302
0.0029487423865656765
0.003586346183154961
0.004319213431358098
0.004881274502694145
0.005391010668803014
0.005893834975238165
0.006419888808560939
0.0065950183336581664
0.006978110407925605
0.007289421386801832
0.00748131629941354
0.007888209347715044
0.008473372458666683
0.009163103531675286
0.010271750116220984
0.01070179216145916
0.011351364640398034
0.012325208130006341
0.013073448832550781
0.01404007318345036
0.01452693023085554
0.015038652858607499
0.01590192111048914
0.016551366005167177
0.0170164868326756
0.016971790081360134
0.016457808461723553
0.016091269330416658
0.01526490480263821
0.014490864041143295
0.01338674666232172
0.012622429497802058
0.01100303353928192
0.009487358887576057
0.008148567041260591
0.007366411744535825
0.006322823285755378
0.00511206401325233
0.0047550128771463316
0.004171383103081289
0.00376511435926188
0.003367604262011941
0.003193476453843361
0.0029989390925973013
0.002717918805675022
0.002516945803589384
0.0022279569589694513
0.0019020476999345606
0.0015409822507006933
0.0011307331125137592
0.0007328728064012349
0.00039448247623066215
0.00013077595802128022
0.00010186766388229024
0.00018973232848428447
0.00017781352084927015
0.000060082692950376135
0.00024086806838993555
0.0006351826769172164
0.0011350937234530622
0.0017563757283532632
0.002451209833164983
0.0032109428419584566
0.004144757738606514
0.005023998100287932
0.005936592532840172
0.0067820404413047675
0.007410022484005058
0.008269059540304841
0.008631388519894843
0.009518463478591798
0.009915675164128331
0.01005995492656431
0.01021939232715779
0.009989600675834522
0.010151866197199497
0.01000681735470523
0.010022360681563584
0.010346922410633796
0.011164170389416472
0.012702629764321263
0.013887177175691337
0.015584214611039302
0.016339875536517487
0.017531357627368325
0.018864218811991483
0.019941626199940037
0.02104144507394886
0.021629683164304133
0.021500726721897057
0.021599787740392347
0.021058858919311054
0.020570858241553903
0.019610527869316916
0.018513020367195075
0.016580377338341726
0.015205073477416982
0.013555380861431637
0.01180898817093127
0.010192226938295261
0.008413278084535005
0.006950823225631674
0.0054235503921152796
0.004385380502675404
0.003435155729351143
0.0027403402008837445
0.0024295469667263937
0.0021327460153126028
0.0019142570434971017
0.0016736146802965358
0.0014270748357537017
0.0012153996531982325
0.0010376848611555723
0.0009626178315701041
0.0008739259001551616
0.0007794534284478756
0.0006724124963319141
0.0005761176721423664
0.0005222233414186901
0.0005267497737954497
0.0007075320295569201
0.001159651901668053
0.0017120533076179574
0.002323598345080889
0.00293936208199146
0.003625447734843573
0.004354430889464227
0.005025012172471793
0.005653980382719293
0.006039394170832524
0.0063638456152219115
0.00622790975621149
0.0060071611492803455
0.005384812729506468
0.0048548514043008015
0.004194921287952512
0.004372786429488164
0.005128570042994224
0.00611497652320862
0.007845642439438985
0.00912232052973718
0.01059478728195455
0.012481751349006968
0.013346210146344706
0.014676695966878574
0.01579668323883799
0.01737483461336413
0.01897880044461928
0.019549596377120986
0.02047577052471972
0.020327576629719697
0.020081631788783836
0.01935453289969404
0.01849106653741272
0.017006152295860166
0.01614013716742998
0.014889362926434458
0.012965303565617368
0.011205871673559954
0.009255707678982626
0.007398630719753
0.005611636551439236
0.004447731496694599
0.0033671611610566294
0.002062613801830882
0.0014210517633236677
0.0016924624179276127
0.002132991224399461
0.002669119197463284
0.0030820802893748193
0.0032048982659738327
0.0035163723841118437
0.0035508834075655407
0.00356332153669195
0.0036229604471735887
0.003523845039385933
0.003542744440330165
0.00350127114270953
0.0036097909785164474
0.0035798709349654815
0.0035418885785271723
0.0034601777516871193
0.0034681694512467037
0.0036773324948671197
0.004125874380560078
0.004371201213510626
0.004847514745897314
0.005333010500152663
0.005669729486886792
0.005875433613922106
0.006072175453523895
0.006028238403786028
0.005786398796633919
0.00582297387743346
0.005760373219154642
0.005753592456541399
0.006105366905602503
0.006549964842876744
0.007444313338446848
0.008722663639605494
0.010973949481852293
0.013080790501490814
0.015321463118665354
0.017405769513594384
0.019537666958427374
0.02253861956010481
0.024618052063109058
0.026482925755322347
0.028630451428198225
0.02991976662103896
0.03121192252490827
0.031547476180936375
0.03118749069718751
0.030626833378218157
0.03039070161629558
0.029297122679056698
0.027224187519470668
0.02599003538281164
0.024509696057335557
0.021927857229447473
0.019687250311239815
0.01732831003942775
0.015045150415730095
0.012931052779546022
0.011327301768283933
0.009426557726878983
0.0074205927095606005
0.00599292886771767
0.004883918627521701
0.00407622844930297
0.0041354626040893665
0.004572105200066233
0.004930026537147988
0.005313929842937341
0.005571236946904631
0.005758047374835945
0.00610737701103367
0.006610137677613197
0.006695744779692984
0.006788932545662921
0.0068795709486032305
0.006898840516496068
0.006658762270657886
0.0064657790579355145
0.00624019965446125
0.005906194872275654
0.005614391093520917
0.005336467980296407
0.00544773707168811
0.005672122896197274
0.0063348408675970224
0.007238977187987692
0.008193119188008626
0.009225568820728119
0.010021962897492862
0.010932247559780851
0.011831597592483523
0.012194493744460537
0.012345469981850118
0.012430762734944867
0.012172391517529538
0.011952620797161457
0.012000936451720325
0.012929036946219045
0.013865396357838185
0.016682955077988185
0.01893724334990149
0.021137042743005104
0.023818761554587443
0.026076918662054648
0.028139466184178747
0.031445886691043534
0.03422957232572013
0.03522133783291869
0.035809886556315534
0.036916280085934075
0.0379264700369051
0.03727977299640287
0.036825150229769676
0.03500038253100635
0.03382600053844679
0.03209380855176402
0.02983847260253482
0.02700122608697433
0.024610290777954114
0.021900141503086737
0.020386946174664234
0.01800353410503505
0.016219818342907616
0.014952752054685858
0.013652464690890731
0.013140963476445212
0.012560159370166808
0.01255790933169442
0.012652353822949037
0.012163481941151763
0.011834754667635705
0.011687417146514622
0.011440438840875316
0.011119150461079218
0.010685843604995533
0.010274396797550977
0.009943965380505395
0.009427376500112909
0.009186627064556306
0.008868141619930683
0.008224409083320176
0.007711469576570764
0.007384550089272112
0.006852899604392384
0.006444412625634598
0.006137392925109411
0.006719706102631597
0.0075771639102934826
0.00852476247211945
0.009820755346361478
0.01154986311028703
0.012911305221822204
0.014213784644624182
0.01533067853982703
0.01651428290516125
0.01718436862262234
0.017497964916943578
0.017776846032488944
0.017940668996055488
0.01856064796307461
0.019302470982179656
0.020575814463626368
0.021918188620260032
0.02282719104822779
0.024462281995842487
0.02581093834148152
0.026687723322265267
0.02822642593755686
0.029228629758418206
0.029943742974248063
0.02975967007618153
0.030763796836678608
0.03217228950096239
0.03172332447575624
0.03271368197792883
0.032160701673934394
0.03194480569612932
0.03189376085779644
0.031467425934125146
0.030656835625909214
0.029209171722875044
0.02762478928896963
0.026127102371909905
0.023717932234143427
0.02228370093277317
0.02026899646924746
0.018095972421942358
0.016440239876192867
0.015178484143479113
0.014144483722331435
0.013090688772332182
0.012763417048840233
0.011855160872813974
0.011155802457937722
0.01061545905652989
0.010382038238227137
0.010109073706965515
0.009606541198243074
0.00935994989165028
0.009174065021472914
0.009192847965749606
0.008605158689449107
0.008493225182521987
0.008285853526678794
0.008111656562508963
0.008008227465514411
0.007431233922425579
0.007206997429484538
0.007215790090105629
0.008369474092675954
0.009667974569265807
0.011330976449013862
0.012848704682763045
0.01421280208589998
0.015246962635921535
0.01617944311492988
0.016693474635104143
0.01706705127252611
0.017289129601357065
0.01713485437695793
0.016923727431026037
0.016621570944339262
0.01647046531653415
0.018317643561935645
0.018489215763113187
0.0209874772083789
0.023987384990361738
0.02715177564140612
0.03117167962425161
0.035366002947604724
0.0381536642503816
0.04188261930038751
0.04373352952409639
0.045763460462272795
0.04680735701829236
0.048446557526739556
0.04886927227540074
0.047684373447737315
0.047145016170215506
0.046195554853445106
0.04663693604640832
0.044370775439907285
0.042341224534132915
0.0395513879825324
0.037317019075435304
0.0339424929839706
0.031437738401020265
0.02830892087541417
0.02616644939661169
0.02342649411170384
0.021623654336182855
0.020102100891790424
0.01927841134887683
0.01818836376325271
0.017489709403894826
0.01711904556139379
0.016656241291067176
0.016803664376125908
0.016871967721454707
0.017535193561597575
0.01830301401834759
0.018649526867375203
0.019502355612360574
0.019925940834562648
0.020179422999370124
0.0206458613673268
0.02075997577436462
0.020774223741760703
0.019983253184895827
0.01864972013520525
0.016672957816176642
0.014751725913034183
0.012686275073295327
0.01069733173271569
0.008808628708360815
0.008800228986920037
0.009704184597848959
0.011251845733338348
0.014490992849000647
0.016930571161257974
0.01897825829064577
0.020934560099483045
0.021056321910251034
0.021730282749379576
0.02114843017654232
0.018840245896335032
0.017643687964577368
0.015686386443435507
0.01581218604756022
0.01663211537573252
0.018878539896042504
0.022766220318117345
0.028140000654864418
0.03299892248354649
0.03796340116155528
0.04271658474877663
0.047135154395396756
0.052470941019249984
0.056603868748367606
0.058366438354231526
0.06098104200454362
0.06106853214240206
0.059977095734712216
0.05774014912915948
0.05523332705306738
0.051879834042984706
0.047096054097524875
0.04249110304585384
0.03696902124354068
0.031507604145923386
0.027449032366061284
0.024026301978803573
0.0207848405619085
0.01786390774449476
0.015576688828548024
0.014470198213066445
0.014291845491998446
0.014654494846426534
0.016076952366942267
0.01691021517059954
0.01830535113011259
0.01987273653841293
0.0229726003526088
0.026025162942323956
0.029281419919478566
0.03269405165484407
0.035102194127789386
0.037407689433273404
0.03907407740121446
0.03960000221657422
0.04013391088117161
0.039900943612485675
0.0379153896535694
0.035567367340687474
0.03292417590819992
0.029176706996273106
0.024794509426412648
0.01955380881946712
0.01571257840674783
0.012682170805476423
0.012511339654700302
0.0136154098505872
0.016048831647167135
0.01935769452547364
0.02176991229876286
0.023634295459241592
0.0244647554874111
0.024129433447970475
0.023615933671506703
0.022970471549069643
0.023390909384700828
0.023711747755071455
0.025102566699593175
0.028418340261990718
0.0335432888449537
0.03987275163202031
0.04648913418130197
0.05359442972829235
0.05877018208636094
0.06395745434439484
0.06795906724197828
0.0698579361119092
0.07253814742651875
0.07217418098629755
0.07090908146434385
0.06786635264633444
0.06405577107015765
0.06051732568595752
0.05553493147568117
0.04944985820795557
0.04427721731210873
0.03826378455169337
0.03259494000875468
0.028340667135508337
0.02340669347697018
0.019556429422873847
0.01822441668186587
0.01705690039825933
0.017025426880815025
0.017507378353574285
0.0188178003015538
0.020439915070870663
0.02405710020141456
0.027679081405287555
0.03195952576322848
0.03700601321769874
0.040701994989604695
0.045132329594554814
0.04805684122410938
0.05071352187183669
0.05319871431559159
0.05471328482723006
0.0556127837544011
0.056322435679496796
0.055849224305246074
0.054066594981210775
0.05170483401154022
0.04776134534559649
0.0435498439600675
0.03931420161206755
0.03662160154681854
0.03241221941127144
0.028159682600514352
0.025135246752571724
0.023774923219950367
0.02260490946914114
0.02196332722993941
0.023035525564902962
0.02412092517841126
0.025070829186908294
0.026407142327685245
0.025707431257293432
0.02719150521570396
0.026229946982535227
0.026564589270731187
0.02778584990788308
0.028870459756972253
0.030520535514410207
0.033236726340856615
0.03514288885449537
0.03884123465221152
0.042599123044606106
0.045186369193956355
0.04911555558232783
0.049427216279084855
0.05085455256596677
0.052608239803482316
0.05088666794927963
0.048997742893039695
0.044944599320214385
0.04039134170612395
0.03498401476779247
0.031009630388867965
0.026216304958608876
0.020745331860202252
0.017527063850890857
0.014854577078772453
0.014426403276774505
0.015988052212688213
0.01817409885701393
0.021115441775300798
0.02390440011603117
0.026427600771135543
0.027989264851592546
0.028515019853970373
0.02998851064584891
0.031831629807061494
0.03324629963325966
0.03669489878736488
0.03918322896709991
0.0418937820617551
0.0451445740521253
0.048386887566921895
0.05151138746175183
0.05400142460968041
0.05533741569543167
0.05540333209769596
0.05484964090039637
0.05546286491536961
0.05434926034264496
0.05181490533933248
0.04817768763511539
0.04432578586727108
0.040810950156086115
0.03642136911995403
0.029555442670106638
0.024148759180177497
0.02227918295444678
0.019776956885017797
0.01909518443928606
0.021859756556568508
0.02383620842121844
0.026624283511007416
0.028540598574444527
0.03057084550791964
0.03251685098299671
0.03267850772865078
0.03380769031731538
0.035564925553263106
0.037114946992422
0.03836402343371507
0.03948493943697809
0.04036401363594519
0.03974254512406212
0.041502246228622156
0.04110675734259399
0.04070455695336233
0.03818787545775084
0.034909202247109104
0.0326531213747058
0.028394773440549248
0.024430840451676063
0.021625754698309872
0.018355954837231986
0.01579271317956091
0.016462345751400233
0.018324699725295112
0.02073726773831625
0.023757833072738516
0.024629299698788513
0.026301310925010896
0.027453968395796093
0.026557960136727433
0.025717239755337445
0.02405739750474473
0.02104829469326336
0.020396944271736706
0.01956399844933731
0.020434697534550253
0.02291133116830388
0.028122291816230754
0.0343380774341595
0.04025601465269045
0.046649313867436516
0.05391145542165737
0.05992187037248539
0.06625932144908889
0.07203849783272616
0.07619538221402213
0.07980170039729927
0.08404713501104172
0.08605863486827528
0.08619265343794409
0.08331398652441221
0.07900933072805869
0.07386056952619303
0.06911633743137147
0.06339010755492677
0.05736439189268965
0.05078163928809986
0.043672346331211497
0.03694719317708094
0.03052535404857389
0.02444825864391074
0.021717781843569282
0.020226478927573656
0.019648804118228645
0.021885951098586993
0.024539078940171245
0.02626111245477545
0.02859784976364458
0.03205985422817497
0.0333328719670593
0.03502033878398574
0.03575026921138776
0.03679015287975314
0.03833124691216373
0.03790544306019731
0.0372571820742928
0.036720704520386
0.034472655834505074
0.032911300455373285
0.032233422263018466
0.030735861890704808
0.03122692506709921
0.03211589004342031
0.03438626830451005
0.03541610904421849
0.04029046349539955
0.043283205436378334
0.046123854848134936
0.048288171924543086
0.04995413935756994
0.05227250756736815
0.052460040325688476
0.05234223060711065
0.05096915767459204
0.046754394528252925
0.04363968542065077
0.04063029532162712
0.036562883658866965
0.03474558952766791
0.03672266789186446
0.04294366555272356
0.048274098514745095
0.055494832505772584
0.061032011330333584
0.06929885070403968
0.07576975189837083
0.08090325459247616
0.08768641478588389
0.09223021935096176
0.09690034497454547
0.09858205273185078
0.09900310361444262
0.0995411875849059
0.09727531577764072
0.09369902370617939
0.08838966763657387
0.08548928932571331
0.08191064933058213
0.07780599630090086
0.07203225641146185
0.06528385138687601
0.0614142556969863
0.05706741621057261
0.0543891263517248
0.05150444668078626
0.04838420692427958
0.045906871382290694
0.042632881449164536
0.04094541808288196
0.0388865225245729
0.03599127937214452
0.03232775232433855
0.029348720790375555
0.025708435797602847
0.022127869547920693
0.017897139069464007
0.015527753205628384
0.012260690928289545
0.01017026316906027
0.010349275631435286
0.01540055908102723
0.019595745236619087
0.022973810374200522
0.02684191976714309
0.030968112565321317
0.035128627063430576
0.03978592006674734
0.04412412017105674
0.048837364756901876
0.054554963240105774
0.058179075620264545
0.06052170490478037
0.062500958073333
0.0636222165097243
0.0653159422587791
0.06472711161978854
0.06655484558449815
0.06706959302591455
0.0691791777739656
0.06993450678370694
0.07222492140949237
0.0777489651402993
0.08369626586571631
0.08819893512523312
0.09326882979995817
0.09931784691885255
0.10444721842730771
0.10747214923087714
0.11059039989389441
0.11139612679079075
0.11248198858038853
0.11390088942007276
0.10998123778672998
0.10498977269068671
0.10117222173907581
0.0972529547683647
0.09164941173102047
0.08616497540676228
0.08204387081039065
0.07745664479927748
0.07537897253922535
0.06884426745232138
0.0648889138444287
0.06244036427836555
0.059642090081586545
0.05803306464365746
0.056602470235570475
0.054929741331431726
0.05428703781373859
0.05252889975686924
0.05109762449144457
0.04996546111421111
0.04817024754408137
0.04523116035135179
0.0421068449363431
0.03802203013320223
0.03484224549308479
0.032395550211006666
0.02825414273699874
0.023600271862728978
0.01884667806904982
0.01562453079576355
0.016210931719124123
0.01832512881269851
0.023005023334144586
0.029369659927148215
0.03639941839707596
0.042147607285692716
0.04846590251855263
0.0555139612649931
0.060482189055731155
0.06338779817207375
0.06707300823886224
0.07147683861175898
0.07391059727059299
0.07598199010935305
0.07872552591469496
0.08176796007984174
0.08237625007417292
0.08324687760123334
0.08523379040197257
0.087882405467629
0.09427741543595895
0.09637968839018436
0.10190142143158415
0.10913327914325062
0.11346499730784054
0.11572363966210812
0.11777293750705059
0.12319238207800799
0.12659355861953855
0.12915040851306275
0.1300595339366271
0.13239713403619352
0.13284878618293391
0.13229375683600755
0.1255374900161691
0.12137630675040252
0.12017378303187339
0.11434274688237653
0.10800467380594593
0.10326292063213877
0.09832386587962665
0.09101491272609065
0.08684306705568687
0.0808305172672959
0.0760340185886007
0.07334133919468183
0.07132820118875155
0.07030638684019727
0.06849656278294332
0.06567061855723082
0.0625783688832325
0.05864541851919644
0.05360361531929222
0.049625252846111224
0.046073088419586856
0.04215904273435064
0.03744248425819229
0.03244472087522816
0.030779545298406846
0.029378345685988246
0.026745532126778056
0.027697138783821813
0.03130978824390718
0.03841035259662331
0.0454644668799023
0.054578758164340005
0.06065339132735199
0.06953617909657105
0.07658589893992382
0.0839642142279264
0.08891041643972251
0.09533183523514051
0.09983370435263392
0.09955456535877034
0.10125164616256213
0.10303616890448118
0.1039802618360171
0.10367540029269709
0.10548917276727662
0.10446937336137499
0.10342942616516423
0.10324333310168801
0.10267446758377756
0.10305208689517295
0.10618678245044122
0.1155409764848809
0.1275955613864927
0.13633197387392754
0.14768460498936412
0.15772014260702455
0.16803507093345382
0.1761230054287558
0.1847409097136773
0.1915665855699644
0.19577389793414607
0.20103175495179443
0.19724383223955294
0.19078828013749935
0.18287869212577482
0.17822771212470526
0.1655722127451311
0.1548681469624296
0.14375660883555652
0.13134617311968566
0.11803704998351723
0.10698306224970999
0.09413155202215827
0.0814581390164993
0.0768068008973085
0.07096715096712093
0.06882737145688758
0.06945561692784559
0.07157528749782303
0.07170794283316947
0.07128965706845954
0.07022584944800435
0.07048521678064075
0.06982284247086258
0.06640285912895164
0.0632880851456702
0.06166681327051038
0.058970567924051975
0.05353752252550762
0.05168303613423617
0.050830069249851534
0.04847144760719526
0.04816227064561628
0.04637705658218196
0.048289809055829594
0.05137232409553081
0.054192678601062604
0.05560427801902718
0.058274464225271216
0.060366102394963886
0.0630646433914009
0.06609758528625903
0.06637470535449548
0.06721277063695968
0.06561844981986827
0.06731224429644027
0.066438913530523
0.06768538830750319
0.06879117473500979
0.07173756297227372
0.0757094141487407
0.0785639022262159
0.08204533707718645
0.09037661605961472
0.10169738732416421
0.11337758580574833
0.12325591161462549
0.13851169865385646
0.14902010470593433
0.1616610913583895
0.17337487647481428
0.17983509247479534
0.18735624236140733
0.1919110066327183
0.1939524573994754
0.19622454042576823
0.20024333685279389
0.19334115905111635
0.18140902643047999
0.17007593008285382
0.1612554837472578
0.1540204552315972
0.1379963091000589
0.12599118104769827
0.11727387784009664
0.10581453862498374
0.09574494914359574
0.08588612897209327
0.07906974944378575
0.0748214297737855
0.07444020507123483
0.07553434134785278
0.07591568973903702
0.07555353311334036
0.07519651795048284
0.07561291700644117
0.07380571507704195
0.07312719533290359
0.07247254496318423
0.0709685550403871
0.06649907330633081
0.06406564029178645
0.062126524229176985
0.060568311318558374
0.05908785735764181
0.059392561072859264
0.05836827258532628
0.05880149433772836
0.06298371692123032
0.06347074150400547
0.0679735238138114
0.06944252467792351
0.07273159467042985
0.07650548945437956
0.0793584359401676
0.08293909200033184
0.0849064885165529
0.08747123448502699
0.09146720013703927
0.09378997425305563
0.09669402933889186
0.09802419111657189
0.10238839106993937
0.11065173833906984
0.12264444304418069
0.1356163254106333
0.15487529987117746
0.1703374324732504
0.18746609405880732
0.20371831008640365
0.21872838565396274
0.22774620949603702
0.2372363483939207
0.24763817913544858
0.2552725884651932
0.26823443034096106
0.27318871879738055
0.27827525958386895
0.28855788959827156
0.2847264193515162
0.28036759610801204
0.2655652106924815
0.24596885131689414
0.23051639549134373
0.2146978823929991
0.1954968658870718
0.17859117725887994
0.15601814289113206
0.13490751653602379
0.11710630394239922
0.10276113348124752
0.08852052033829687
0.07785291890623984
0.07332126783851989
0.06659725271726305
0.06426450270318411
0.06324735984524466
0.06473670500594732
0.06750129950453979
0.06902322923650776
0.0692276526757484
0.0688784739259983
0.068915086520539
0.0674208961644362
0.06823683994759007
0.06712656334973181
0.0680742782081152
0.06816430842387833
0.06762610780742677
0.06769689536345253
0.06677643037613076
0.06924947542334241
0.07042924310813294
0.07037596116951604
0.07216448841696206
0.07523792038532273
0.08014569417730226
0.08595539394437669
0.0944379224931197
0.1018658118933924
0.10902777827678631
0.11771801320986339
0.12546009963679747
0.1345579382181235
0.1414333959318454
0.1500283496188852
0.15854991646354463
0.1665736178447123
0.1721186516022795
0.17445008522675892
0.17811834960867998
0.18084967683760636
0.18582387878229295
0.19314844765273867
0.20334777030800832
0.2097774821801797
0.21603845910705646
0.23216486638290826
0.2443563907843816
0.25966255868680077
0.27338714854816665
0.29079813792182907
0.30375019754216603
0.3200997252288968
0.31846376292569994
0.3181494831639213
0.3164144361658999
0.3101656761519182
0.3002275268045186
0.28191818009349784
0.25671131210418807
0.23921094864793802
0.2184025664451469
0.1961614994015593
0.17712850816793355
0.16102643600664238
0.14321191844799264
0.12463454501838808
0.10640530463234747
0.09197878821028674
0.0790178558427111
0.07152959348068202
0.06369503658157769
0.061466824476458584
0.05810304592525686
0.05679088717286304
0.05518087940987217
0.054445032202365455
0.053151191400179876
0.05270050791566567
0.05280766606671013
0.05128381184921101
0.0504023201521323
0.04845124422201388
0.04913576584791564
0.05073355095715718
0.051261083330231424
0.05226127390765042
0.05535496410430773
0.06200910698417465
0.07649884363454756
0.09444363448985747
0.11436728690677629
0.14420297460646372
0.17397663203248714
0.20935308008248066
0.24479529136790798
0.2807154615361563
0.3168682889563936
0.33732190069226636
0.35943260318570514
0.370775968775751
0.3862556992806355
0.3949569860071733
0.38918175074636385
0.38054204974306716
0.36820116048828716
0.3605025462700719
0.3462228614737619
0.3335511671582379
0.3306137832482329
0.3238211872259355
0.3279111968504653
0.32964876086127565
0.33037132148799564
0.3344751370715232
0.3360281133989599
0.3355462787007659
0.32379482809694166
0.32382716122238736
0.3200852098644694
0.30667335273739177
0.3003032998236804