0.
0.
8.88837025087915e-9
0.
1.7423888886132946e-8
4.01361353088911e-8
8.570633985621147e-8
1.2068047744389503e-7
2.2386699713712205e-7
3.8089922505538253e-7
4.928066144333921e-7
6.75797117175615e-7
6.775628580318689e-7
1.072178069349286e-6
7.42194897756292e-7
1.0700400960664765e-6
8.908934581731076e-7
1.1386030262468694e-6
1.4816998199918716e-6
1.6068402164046624e-6
1.7094179752207582e-6
2.208545130837389e-6
2.6429904377602657e-6
2.916314055656708e-6
3.451708089655812e-6
3.864447575948292e-6
4.334442553517566e-6
4.579971941803762e-6
5.002129642085235e-6
5.304882837972432e-6
5.4114494171325196e-6
5.327411949809904e-6
5.182697943650735e-6
5.126222828555223e-6
5.240835613875292e-6
5.443296772867729e-6
5.649400210304306e-6
5.912878761423017e-6
6.33849559842275e-6
7.345594840631051e-6
9.558943329388086e-6
0.000012414993548304608
0.00001588408434474713
0.000019607412397312074
0.00002326492740437872
0.000027002196742393888
0.00003132138610255245
0.00003592347838091202
0.00004077981406031396
0.00004532995164756122
0.000050749361763366616
0.000056243208623874615
0.0000630564038685556
0.00006909135617763298
0.0000755769143562283
0.00008176837747883752
0.00008731549916343476
0.00009193003175031671
0.00009490430600323416
0.00009491680313668938
0.00009304569045932838
0.00008835660815225736
0.00008301083974025164
0.00007612434182561473
0.00006597286781368047
0.0000531829949784798
0.000042273029411407486
0.00003387581409737637
0.00003628573633816161
0.000045655632829829164
0.000059694354519489606
0.00007448326565442463
0.00008989683159849308
0.00010356741613566636
0.00011427985549380533
0.00012224784127960048
0.00012885889885444186
0.000135207385077482
0.00013859804503149877
0.00013955287668379737
0.0001374742535240459
0.00013372591009864663
0.00012886623554864103
0.0001229577597829082
0.0001161822342610296
0.00010945809456889004
0.00010298461582529384
0.0000977422058214768
0.00009344416885044846
0.00008987282963292744
0.00008675980857145347
0.00008368771975010075
0.00008145880441204833
0.00007963277648136529
0.00007773411044498708
0.00007596075360208203
0.00007358432537847921
0.00007149554525736131
0.00007071572380060973
0.0000709385955936383
0.00007240532885202922
0.0000753144136042037
0.00008035288625176682
0.00008815990782638405
0.00009853738624493981
0.00011077370078496759
0.00012513444019402348
0.0001407538795492242
0.00015707018799902646
0.0001736353079848157
0.00018825286110365745
0.00019848177572953348
0.00020758526690859618
0.00021682802699212638
0.00022871235593710252
0.00023952576285590148
0.00024651079648161143
0.00024980041359303206
0.0002523064544189038
0.00025369051934909156
0.00025700284637272705
0.0002690577646593949
0.000285685076193303
0.0003018150686103809
0.00031946553272892315
0.0003386057772358836
0.0003618597995801228
0.0003893908452360751
0.00042200071213776235
0.0004494050366478208
0.0004716426258575711
0.0004892361705488285
0.0005003087413069223
0.0005027189729824905
0.0004976710849470492
0.00048665844730371024
0.0004693772503445794
0.0004483490326258581
0.0004218411207902571
0.0003903103744162864
0.00035473705761659475
0.0003180700671828607
0.00027941543175784967
0.00024204302250697081
0.00020674099618398523
0.0001745846478699209
0.00014611581345508622
0.00012167808120353838
0.00010378225173436056
0.00009353875796427652
0.00009414764122803183
0.00010302436488362438
0.00011546245053782971
0.00012989444974430368
0.0001478230978378998
0.00016813662206798517
0.00018770744361230868
0.0002063304834903884
0.00022362839260432272
0.00024036896448968663
0.00025795884819068877
0.00027619512744757297
0.0002968041481819301
0.0003221476260996154
0.0003505753918665622
0.0003791197807047905
0.0004073655744732957
0.0004354815297958026
0.00046368249821404466
0.0004913293561671001
0.0005158992223075147
0.0005360315435126295
0.0005510397120317737
0.0005579393486440789
0.0005516305330643202
0.0005293758502643511
0.0004935397429898554
0.0004479044165882445
0.00039884942293548704
0.0003531884082195982
0.00032461223895039447
0.00033365274364620726
0.00038787478171447995
0.0004762106060472752
0.0005871435190559207
0.0007084448223853987
0.0008347059521024949
0.0009629766740970083
0.0010869839017756153
0.001199540173254462
0.0012932966782177758
0.0013666150907815
0.001425972218837545
0.0014676674981712009
0.0014866813380392217
0.0014880048762550711
0.0014721087740174566
0.0014366704665931482
0.001378195525961672
0.0013017084525966689
0.001210745543398596
0.0011082839009187485
0.0009998798697425963
0.0008854188601418136
0.0007686749809007532
0.0006570596864079274
0.0005562078602946497
0.0004684956811963215
0.00039272770921987754
0.0003305839008785717
0.0002855165661023446
0.0002573974742728692
0.00024409777585851497
0.0002392941314622303
0.00023806540366581145
0.00023862185254867882
0.0002451815697607749
0.00025657187569471887
0.00027353903895108443
0.00029675695076182963
0.00032379934782598264
0.0003542692389070797
0.00038648473514798864
0.0004200537353297644
0.0004543072861463779
0.0004873552998938052
0.0005200037490490078
0.0005545279336740034
0.0005880445728159136
0.0006171837251433551
0.0006385009956013635
0.0006482545506869803
0.000646436170377185
0.000633967373928628
0.0006095357654699403
0.0005743971635732667
0.000528913955544338
0.000473862925255541
0.0004109768484555363
0.00034963915025633125
0.00031218266929848685
0.0003261375603730477
0.0004022533822196787
0.0005260415815438107
0.0006747345573697835
0.0008305021422237415
0.0009809942965532472
0.0011213106991561485
0.0012573343462847196
0.0013923462323804617
0.0015198510732451769
0.0016259992195997645
0.0017111898796562115
0.0017789117905999867
0.0018184775748364922
0.0018294931320954767
0.00182289212988889
0.0017901695299738641
0.0017341418690314926
0.0016598602447777425
0.0015660508399081487
0.001450241905417414
0.0013178768965275089
0.0011805865703628403
0.001047029602107302
0.0009153159113265251
0.0007931991463897906
0.000683443824112545
0.000581779439004073
0.0004917118243258559
0.00041357503391636994
0.00034528188748819797
0.00028941887933689166
0.0002468408562367913
0.00022279964525810355
0.00022038784201991378
0.00023582573693370273
0.00026747445670745925
0.0003115337059613202
0.0003620337175105353
0.0004143817844525675
0.0004611681407898435
0.0004978612624584286
0.0005280647518392091
0.0005522561505825178
0.0005686389683583788
0.0005758379651742934
0.0005744903681892142
0.0005666200157689213
0.0005549799369486916
0.0005431597239316554
0.0005343444725834035
0.0005329612133735807
0.000537790568192732
0.0005423936466676349
0.0005465767636422151
0.0005506104304346387
0.0005429399660034397
0.0005171636885034481
0.00048746147485116616
0.0004683822963306463
0.000474516206522016
0.000520292716366595
0.0006069776006662747
0.0007229655293210215
0.0008563859053252791
0.001006899405334081
0.0011630778450552482
0.0013148799810185363
0.0014609026518131898
0.0015823976730564935
0.0016833010616238695
0.0017826694608989923
0.001861318654443055
0.0019087587681337335
0.0019246669196033722
0.001916240817043858
0.001883552717512886
0.001825989391003638
0.0017465709669967277
0.0016508833213468882
0.0015444721995578087
0.0014378845062325693
0.0013445468415044404
0.001252829376800545
0.001160331492692597
0.00107176873421021
0.0009826279731474227
0.0008973232047926222
0.0008169246760345991
0.0007445750860088582
0.0006801736154429548
0.0006201030240106544
0.0005661463651507087
0.0005167030475343989
0.0004647598542372573
0.0004076789479913236
0.0003471594740105166
0.0002857340090912377
0.00022798917257620994
0.00017653310570974162
0.0001437636619822735
0.00015010382366192944
0.0001878297201345198
0.0002405796373840899
0.0003045095402008332
0.0003760729762292669
0.0004518920383196155
0.0005263727845936211
0.0005969997370522664
0.0006634926154559574
0.0007247963946716558
0.0007848573612707822
0.0008471347000531975
0.000904027027154013
0.0009484121832220551
0.0009795096307921468
0.00100517651755162
0.0010282313515646668
0.0010398417261627947
0.0010460926003695392
0.0010572108929033514
0.0010753721100743695
0.001110474127249761
0.0011634821314149885
0.0012447310115825483
0.0013508139110560557
0.0014667061731249477
0.0015847858703106979
0.0016983150248250844
0.0018090752156513215
0.0019145100809083218
0.001999683914985799
0.0020529579850851777
0.0020703648549603663
0.002052508428562907
0.001998253244419109
0.0019118340443348713
0.0018044067461176025
0.001684534984188296
0.0015610363033319637
0.001446164845459729
0.0013474224682002269
0.0012828192519848576
0.001265017730242438
0.0012848303550684734
0.0013258204487264361
0.0013815661855870478
0.0014435103170160665
0.0015043823649980794
0.0015497892786686127
0.0015611201393332867
0.00154303477361027
0.0015076081886378203
0.0014502045666926994
0.0013635670830358364
0.001246368950626066
0.0011060188245154705
0.0009554097537177136
0.0007984798091907066
0.0006490144778247078
0.0005344405918233471
0.0004852831104279569
0.0005250228855568427
0.000637000200177799
0.0007899095799018219
0.0009612638298576907
0.0011250941248609875
0.0012791088677702523
0.0014180315377586197
0.0015360615595841941
0.0016376969010375598
0.001718322819846197
0.0017764177101421083
0.0018211703953888467
0.00185431725947554
0.0018750710166276724
0.001888691201212954
0.0019000824888605154
0.001912559614898666
0.0019334720183344228
0.001973748426525987
0.0020380554672932948
0.0021222642501704664
0.002217018648646415
0.0023172655143487673
0.0024165413518137647
0.0024976689453540977
0.0025601283231347018
0.0025998496378403305
0.0026071217058808147
0.0025784262668097336
0.002518486864671397
0.0024419511715878563
0.0023552014773202765
0.0022461391910728592
0.0020902170356088432
0.001909154939779239
0.0017129237769913236
0.0015003614092492811
0.0012951134821511867
0.001112561043948925
0.0009813701794516834
0.0009388187287264579
0.0009812929093954887
0.0010899466355398788
0.0012369061395586928
0.0014048871848898498
0.0015759206057813547
0.0017369815555384315
0.0018828142253070202
0.002008417110321408
0.0021078586488262998
0.002176476370021175
0.0022133851790083125
0.002228368597059596
0.0022269905765926737
0.0022154242009163484
0.002193245857393201
0.0021524895083158187
0.0020806241207198895
0.0019859164660486314
0.001879591355818241
0.0017588669835786096
0.001625048856931491
0.0014990802059697537
0.0013872069726753354
0.001286165639245769
0.0012076805482514402
0.0011514726423640183
0.001136275370179472
0.0011649994216192106
0.0012208480330356188
0.0012930574041458776
0.0013717830805210227
0.0014473772349200048
0.001501956751558527
0.0015338698818738834
0.0015568201048984944
0.0015871794063879137
0.001637369920484458
0.0017014279615786138
0.0017930238075334292
0.0019221176740120993
0.002087253175824141
0.002287312495320873
0.002507104906225384
0.0027370710909077715
0.002973347458809814
0.003201648222011695
0.003412757396711493
0.0036005095838758192
0.0037568285609635636
0.0038682459610702522
0.00393157567027425
0.003940237389296799
0.003890103908646196
0.003778951948049288
0.00359744838549532
0.003368153097291589
0.003103025864811767
0.002800266055661151
0.0024833610396403872
0.002193739165529246
0.00198688098717088
0.0019261584778130136
0.002022802380893883
0.002223504923450407
0.0024652123604240414
0.002730505223835389
0.002991978182303621
0.003218024394222477
0.003397790377456759
0.003528517595405423
0.0036050691223483648
0.003630940472279555
0.003613249141792048
0.0035511494159080263
0.0034533388872956894
0.0033252872559944037
0.0031850676854157387
0.0030358278090754343
0.0028674900182477834
0.002694003780336003
0.0025398396355159917
0.002415537748336095
0.002313608727734254
0.0022179082425833685
0.002111397607551096
0.0019995628400759423
0.0018897326185374679
0.0017827266869101142
0.0016713205004257922
0.0015383875680971544
0.0013869773569941898
0.0012363448778394007
0.0010849899918309164
0.0009303308181406686
0.0007819343749203863
0.0006407847954356955
0.0005365154412818143
0.0005314044218301053
0.0006678980840444196
0.000935358275239637
0.0012902934499005637
0.0016916008466575
0.0021193999301550603
0.002572940982325102
0.0030326082869615045
0.0034969196491986595
0.00396666254040026
0.004429244313334226
0.004869125867284113
0.005261665438415818
0.005595430090250865
0.0058615312593787074
0.006063652118866238
0.006187859653566401
0.006207289626052889
0.006120809036277495
0.00592468828470912
0.005618339188871247
0.0052210498075611934
0.0047727227390137435
0.004286399683959406
0.0037581917190069696
0.003227415192659573
0.0027327389871342382
0.0023410061890596283
0.0021457479297829945
0.0021818983050249327
0.0024118385243286
0.0027459299817276348
0.0031012643402064696
0.0034472764124631188
0.0037408574306404354
0.003955774223486944
0.0041002062101786405
0.004170551698372351
0.004179823362890294
0.0041205297944783455
0.003991294207098725
0.003813260708480299
0.0035915816231716353
0.0033452754274102326
0.003096732655507597
0.002843638265437156
0.002609370377308845
0.0024132327559171145
0.0022455194898585414
0.0020837652205761277
0.0019153181222186764
0.0017535914160433414
0.0016021125985430983
0.0014529633714604133
0.0013088220963998463
0.0011874871486336972
0.0011016272802667698
0.001064486357502586
0.0010787341166242678
0.0011307346365465696
0.001202630014254674
0.0012612439003584425
0.0012764153488117383
0.0012708494515842434
0.0012863424750151123
0.0013610001745278032
0.001536304266461651
0.0018307999025856578
0.0022408435835870543
0.0027355326011342072
0.003308220484360089
0.0039295775073708026
0.004573035911558321
0.005217194924734087
0.005815757789313978
0.006344972902053595
0.006793664557112427
0.007146912691943545
0.007397546800611737
0.0075539469862532065
0.007615969976452686
0.007555972567621573
0.007377666109245069
0.00708690650094586
0.006705301866776789
0.006275715841474744
0.005831544802620328
0.005414741329293628
0.005069943723564558
0.004843645947127494
0.004775978535545458
0.004851165515485152
0.005005675993634761
0.005197671891131601
0.005388706940448081
0.005556579908486365
0.005655520133389216
0.005657244810535674
0.005570444351005092
0.005405614945698798
0.005166851740033612
0.004891692645697022
0.004615595350003981
0.004339228236628352
0.004082702857699207
0.0038800027674843677
0.003748470536230001
0.003685678944197701
0.0036737147957179414
0.003693528382523711
0.003712484259115686
0.003711147646766417
0.0036937512379419234
0.0036311740589913028
0.0035187023967718084
0.003385722953284485
0.003220606405331815
0.0030081068800261158
0.0027664428034151296
0.002525167822473349
0.0023437382022406398
0.002222664820144637
0.0021221383452201177
0.002057804979047072
0.0020354738480546767
0.002058572000296219
0.0021322329722229887
0.002237073352348096
0.0023372382265873545
0.0024504853422692378
0.002618043697737144
0.0028675155039064922
0.0031896400473615753
0.0035429105142798785
0.003893952769250576
0.0042320764198292005
0.004544091473174411
0.004789315360041371
0.004975193038933157
0.005105939033492933
0.005164046926958285
0.005166492662061378
0.005120002030339547
0.0050145979979727496
0.004864909704149677
0.00467856999904062
0.004445360676543692
0.004213586432640799
0.004012378223794612
0.003829809687285435
0.0037014879804339457
0.0036979351739632703
0.0038154354673647388
0.004039131611935225
0.004333509237076557
0.004633534958043259
0.004905800025664073
0.005136434640064537
0.005342531512082739
0.005520416614022071
0.00564969457381809
0.005706782174461643
0.005658258835559324
0.005532096473113691
0.005358678877150348
0.005151034502140324
0.004933423118034138
0.004721126827277725
0.0045350639674074465
0.004394757669198357
0.004282899492018171
0.004155180436319203
0.004020835615493847
0.003895603180774779
0.003756408624060811
0.003565963907471607
0.003334668841437306
0.0031113323509671244
0.0028739908058742886
0.002591819203405506
0.0022359927569940803
0.0018547335098394867
0.001503028235265671
0.001222536019584587
0.0010551697422656952
0.0010993934983385583
0.001347240368433103
0.0017107185565416471
0.002103345813803779
0.0024428117178644164
0.0027077266459645606
0.002920134781339711
0.0030399393157421483
0.0030564184668544097
0.0030406212571756283
0.0030212169733024328
0.0030539505920422583
0.0031671216446101345
0.0033786998494912644
0.003677207292521472
0.0039886597230487306
0.004305532669535765
0.004617935141362343
0.004897128544219198
0.005108098419630689
0.0052087669548573435
0.0052032690609588594
0.005093422715031484
0.004863161153133618
0.0045032925990053764
0.004030089730376892
0.003521042968542386
0.0029936089708233657
0.0024391181590746646
0.0018799103752194797
0.001391722297896289
0.0011269965050268837
0.0012262038110212536
0.0015764311948400494
0.0020107477230052184
0.00244527113753851
0.002810491880819201
0.0030837617494368463
0.003281937154525441
0.003447605015990576
0.0035928534320394147
0.0037110773047774335
0.0038053714391941
0.003869179756413323
0.00391228904642204
0.0039529822645669255
0.004032177128201411
0.004191997492134303
0.004446398583333814
0.004736916140118357
0.005052331122580591
0.005367593927366287
0.005639924344142522
0.005858728943521746
0.006042430668188464
0.006250195234909995
0.006461788084672393
0.006663702072512978
0.0068285136515660785
0.006927234767539099
0.00696302314513183
0.006985833804827821
0.007006803763243845
0.006969576269339589
0.006885489235500512
0.006762991978816055
0.006604231550068827
0.00641814736599535
0.0062377048655758134
0.006056165583769964
0.005873740883562942
0.005702967984267198
0.005558856307142378
0.005473405116872007
0.005433373800115166
0.005411198529137306
0.005392694219085874
0.005383954847808436
0.0053701611542740805
0.005343997746037282
0.005264696600744299
0.005128570776601168
0.004950833965916004
0.004721899318333632
0.004434419445943146
0.004135329713186164
0.0038778554273486477
0.0036560956799850863
0.003512051197267651
0.003439839273516651
0.003397294142677067
0.003402328959087973
0.0034331078536485554
0.0034741106065598096
0.0035344422322854626
0.0036188475604853458
0.003783513153650159
0.004011004826917489
0.004236501857664035
0.004493062742054655
0.004855924712831299
0.005323015926258433
0.005863770029172852
0.0064662446736213465
0.007072649497310782
0.007665817926494673
0.008223979827621233
0.008687560764997961
0.009034651544087627
0.00926433965139393
0.009384414149271875
0.00939397057792301
0.009309087235119688
0.00919867768780665
0.00908374864036992
0.009004901592873892
0.00895968616254969
0.008894373293817289
0.008772036850399791
0.008699196150549772
0.008727154791182851
0.008720288714281875
0.008669547887738589
0.008633759357391952
0.008573927507033424
0.008465009107215362
0.008355413771263878
0.008245785931377288
0.008060094085777667
0.007780225309850061
0.007429194045531182
0.007074184021409995
0.006775354432762992
0.006581846346196395
0.006515379069227152
0.006526735222324377
0.0065796134185552475
0.006658299783032014
0.006745106743134691
0.006848331490037488
0.006975041335902336
0.007085617707178451
0.007159331421091857
0.007173144086963212
0.00708966358227352
0.0069277691430695
0.006693230990097865
0.00640652215157611
0.006069332885311425
0.005662548367801549
0.005253528394428282
0.0049053692432408985
0.004648971820422453
0.004498864049925953
0.004424760794237559
0.004405256209493748
0.004430336600408647
0.004492002859742756
0.004584638614418321
0.0047230213351617005
0.004887721462087423
0.005034966061403015
0.0051991131914975106
0.005414110311457734
0.005683713839184369
0.005991325776718977
0.006294306660955719
0.006631115253349407
0.007072434101056431
0.0075525642299031255
0.00802167669497251
0.008492550225236116
0.008899036674269013
0.00921362398298285
0.009439847676713969
0.009609416351323478
0.009753873626959177
0.009808475161606631
0.00974399983932154
0.009563240453264588
0.009275944808310758
0.00886607270049401
0.008383059536056416
0.007942369589173942
0.007518889446826478
0.007143177349297954
0.006856627709698552
0.0067141150602342955
0.006716755821247716
0.00680796906063411
0.007044066561790026
0.007339685410184959
0.007656882506475411
0.007981863571680249
0.008372590448500151
0.008810152616651294
0.009178069177363335
0.00949836364349997
0.009768715458174938
0.009927590848684088
0.009903972513111375
0.00971647971702662
0.009389690756286833
0.008908986737258245
0.008349177112772867
0.0077713958834771
0.0071755709597994865
0.0065320788179977106
0.005808665501179778
0.0050419542091527875
0.0043072146533327344
0.003628904126969311
0.0030255647935145714
0.0025213743837008496
0.002213019273249781
0.0022118587163562626
0.0024889174984831152
0.0029074284964611913
0.003403692044013125
0.003971921515899491
0.004526151696359665
0.004992708029151895
0.005369070061865603
0.005637430352182393
0.00582070413428102
0.005921314697475492
0.005952936621110776
0.005922158565881124
0.005812387117915017
0.005652633836062381
0.005476593816559871
0.005332252344439347
0.005260578608835694
0.005301581787148122
0.005430711948777478
0.0056200138480041505
0.005801460969036455
0.0059728943752579795
0.0061897886288631255
0.0064301602874042765
0.006694524186223097
0.0070569312078512395
0.007426244886573108
0.007685095437733435
0.007922839361902493
0.008150850945612213
0.00834894669930163
0.008516280898000933
0.008681192522808363
0.00878843930682694
0.008834061546379697
0.008801801608706897
0.008733572482807242
0.008650002138744095
0.00845265347351109
0.008201682589510081
0.007919166976499442
0.007593989904561482
0.0073228466938568436
0.007125243359493611
0.0070127548199278855
0.006951262571027336
0.006921334194969828
0.006859900083363534
0.0066725786095522795
0.0063121773843662025
0.005782605046403309
0.005138036453115265
0.004431332358900357
0.0036895527629700847
0.0029360933744930636
0.002261560176041327
0.001894945608694282
0.002127728746946962
0.0028616740776509922
0.0038531542236143294
0.004938361589006749
0.005980088022542639
0.006978889099677415
0.007923783867483504
0.00874179387257802
0.00941621078618898
0.00995750195621361
0.010312849470994053
0.010482486477773422
0.010528107831528147
0.01048018048021185
0.010348222618003507
0.010148382342710255
0.009960371397824975
0.009862574504977554
0.00990635181683857
0.010138190850853022
0.01061196212306861
0.011319992984202996
0.012263350063389869
0.01343280315113734
0.014718203246266156
0.016023976668430254
0.017295320693420015
0.01847664287774906
0.01951401451953551
0.02041601290254116
0.021226371190728892
0.02184345313202773
0.022068427189321952
0.021968562149375412
0.02173249224122805
0.02128738056957441
0.02059505851172793
0.01968412128129048
0.01859676922811407
0.017418243343024057
0.01622511933810099
0.015045035250550901
0.014003152063917742
0.013315911539219905
0.013049053494853545
0.01309408255688007
0.013357966591976717
0.013701149260130375
0.013980519595011056
0.014102555479113215
0.01404039562601185
0.01369260960163766
0.0130113688945863
0.01207075043109855
0.010896248712175588
0.009609823980132633
0.008303962649406044
0.007100349838359159
0.006254261680360673
0.005939656770405657
0.006157680318748199
0.006799549745197813
0.007610722298753317
0.008380176224388887
0.009056105150837285
0.009624281336779275
0.010074930371294973
0.01039146988619354
0.010598744127105719
0.010695306041365428
0.010646215217063175
0.010489356631745413
0.010275906083182934
0.010056028833881316
0.00987710735043124
0.009732440855303361
0.009633234004024794
0.009619117906405296
0.009695370428366318
0.009930900874989908
0.010469536581627898
0.01124107748581019
0.012147891062115758
0.013261421354813532
0.014573350591205968
0.015968637054945667
0.01738716420257691
0.01884573461668056
0.020143955624240158
0.021135548512040192
0.021873818260721413
0.022276014489749033
0.02223333877360365
0.021725014875674648
0.020814469457304387
0.019708720076491958
0.018339843964468867
0.016589825894838352
0.014782923420799305
0.01318121578793964
0.011980731641089839
0.011413451280109095
0.011628818487594185
0.012573814316002154
0.01400884272141236
0.015707938845065005
0.017300328587917142
0.01867693658707331
0.019898481649983
0.02094632606032971
0.021693110286342337
0.022074426192719973
0.02217828834072877
0.021992317816098828
0.021371370594261266
0.020333002920880246
0.01898219879824954
0.017444420986593344
0.015745754725490068
0.013962644232303052
0.012180715284991487
0.010416062134524917
0.008750977312492202
0.007261422561123254
0.006061539398078944
0.0052435954569913365
0.00480885306270054
0.00465076431736414
0.004613808981600567
0.004615643412622356
0.00459412839816497
0.004514684443840143
0.004425716936644039
0.00438733024731463
0.0043897208020939335
0.0044709324096307524
0.0047394581157032415
0.0052452956818817495
0.006013335342064792
0.007042153939342154
0.008324544461268612
0.009916940450358463
0.011817838333979813
0.014009097905733575
0.016475425073994427
0.019049097786478314
0.021710570831382992
0.024471161226833484
0.0271307644922768
0.02953140987235167
0.031551296686111514
0.0330259335136587
0.03382412627645529
0.03408562757849747
0.03373274867290681
0.03274315937675893
0.031185648729156783
0.028985212313872254
0.026234547051557904
0.02297706763362548
0.019514848289386853
0.016591912957896252
0.01525575796116932
0.015844515906850848
0.01823452939672917
0.021897710819530035
0.025998218795293467
0.029907509874579047
0.03347122972019098
0.0368022978776717
0.03971612872445745
0.04205117386243341
0.0437744034064277
0.044689635204851294
0.04471200247540645
0.04402397929170212
0.04264127748121632
0.040524914367544705
0.037779133493773556
0.03452462300374796
0.031013540782513928
0.027363953930485817
0.023638230541029287
0.020017522083666573
0.01655911337056557
0.013296137442702721
0.010346822107652198
0.007832990747585483
0.005833685871769904
0.0044229498680391
0.0036488120290023678
0.003423229697654629
0.003479755235598343
0.003582301477111082
0.0036037905661334725
0.003525080736597357
0.003392830939152364
0.0032609644218973117
0.003280194749854948
0.0036763042743477975
0.004601820484858112
0.006091097050011627
0.008088874476322321
0.010514833500711187
0.013328523949586326
0.01649270588798016
0.01992650982883636
0.023578829812160675
0.027394960735410562
0.03129221978735584
0.035103862192004495
0.03890012372055993
0.042598060881972544
0.0460465002421079
0.04942253918529272
0.052460991280770204
0.05489951646766237
0.056874105325755465
0.05834085914805146
0.059078736198780096
0.058858540192864295
0.05743015276531192
0.05494883303673876
0.051807320549041504
0.0478175414444262
0.04270445510091719
0.03683706163778195
0.030849975136809066
0.025221831503840483
0.020849445933026633
0.019098354539375306
0.019858266453583105
0.022468359212203748
0.026265443295060868
0.03024608469706041
0.03406802297129626
0.03729981831990058
0.03950824756334283
0.040897647952600716
0.041499598951980694
0.04113935473081238
0.03987279914416521
0.03790760824026576
0.03533484740412654
0.032186534831741005
0.02864564595304281
0.024923730650016462
0.021080940230180735
0.017276274010319913
0.013724612984568856
0.010551678021949598
0.00786197226219797
0.005619079652930315
0.0037982962379717825
0.002406444450897545
0.0014228434030986769
0.0008302504324704137
0.0005866118426307794
0.0005446190677731023
0.0005574688701528466
0.000611748025625357
0.0007903148758743764
0.001171639426925709
0.0018146733755933257
0.0027893931302570125
0.004176676303677296
0.0060212567501189175
0.008318379127968503
0.011140946683710864
0.01445102071856253
0.01830063982086202
0.02257459234017499
0.027123620885602898
0.03197466497395394
0.036877156963531055
0.041563960039069196
0.0460680231272878
0.05025923359676566
0.053932586350066807
0.05712424108297172
0.05946727926739903
0.06095607219096932
0.06166022292445982
0.06131640971032335
0.05977939516430729
0.05709433124694005
0.05346725061199119
0.04906063143413925
0.043816234774298905
0.03767400541096426
0.03109491481879429
0.0246423275700662
0.01928355082736673
0.015491527656396225
0.014017963728860921
0.0161662854428424
0.020898877796544434
0.026282170681233903
0.031102882694144122
0.034908561375333956
0.03754577941380958
0.03917450026240711
0.03979961475376775
0.03950041186749783
0.0383793398408285
0.036633663698833877
0.034304111784587074
0.031478082027961006
0.02833045081313078
0.024956295702080498
0.02153873383840062
0.01824663138740051
0.015108437556228625
0.0122488841139169
0.009838549904588175
0.007932551332805028
0.006568858597457323
0.005741669060963482
0.005349517576480454
0.0052531928191148
0.005351633722015528
0.005544098586656866
0.005754277738901656
0.005887933659926965
0.005882535475276758
0.005775433531082407
0.00578000851384734
0.006394630550137632
0.007931810569096566
0.010470544357228995
0.014044623013215525
0.018445816436927265
0.02340133575224912
0.02864379567767804
0.033922450830745146
0.03898529038476507
0.043665158781102685
0.047698454460273834
0.050876306709935766
0.053037827610112664
0.05421757341204106
0.05470408999889094
0.05449448515530727
0.053507309805281775
0.05227288323400554
0.0511992741908062
0.0502595416857692
0.05037913349123018
0.052360353732733074
0.05571926882402498
0.060422809881576126
0.06591009197623082
0.07197569717286595
0.07892081130062653
0.0862482876406911
0.09282204761520313
0.09810458057062484
0.10183454398521423
0.10403290262893052
0.10497328340482656
0.10444049658647482
0.10199772134778216
0.09769931599026205
0.09193927325836844
0.08475348669049838
0.07670929504187204
0.06813592972804587
0.059074680391806175
0.04997766950082403
0.041116399783456395
0.03269211027940684
0.02508063705644614
0.018603049636676177
0.01351478328950977
0.010102541393513926
0.008538110932205595
0.008493184133504849
0.009091087746682021
0.009747349816460936
0.010268835547420073
0.010655561877153111
0.011020575959458677
0.011489507803986908
0.01221522250954034
0.013234533751302584
0.014486626095109825
0.01601154610696665
0.01772187012584272
0.01956545512292487
0.021715737187929195
0.024242583969980122
0.027203128352381204
0.030801288426345608
0.03526952966433374
0.040717568518766366
0.04695160718533579
0.053688641275589116
0.060648255003128884
0.0674031011919355
0.07369840949244394
0.07946544726576922
0.08452955979002137
0.08864406075188494
0.09134257906320806
0.09261509003762733
0.09331823963920859
0.0934634384152187
0.09291428638780712
0.0924849094737431
0.09283518354632107
0.09421989743230537
0.09663531646750233
0.099981096668704
0.10416892688981626
0.10873046913638032
0.11315592923116319
0.11674416627418101
0.11926518330289625
0.12098628662765416
0.12161342344927596
0.12133034393764884
0.12021872465491963
0.11768703972410241
0.11389408199700427
0.10941134306143624
0.1041036379070883
0.09748845272576816
0.09004163884109842
0.08188519753970099
0.07308440150179187
0.06401813448710876
0.05500701107851535
0.046377633237683534
0.03831872464137953
0.03089144835045775
0.024440857236234646
0.01916007256197609
0.01504055091713889
0.012504530209748382
0.011657001398691401
0.01197104405763527
0.012674351811247772
0.013308448064051718
0.013826360322065497
0.014339592370995526
0.015061583667536158
0.01603674122966892
0.01725296541679687
0.018745564965708682
0.02043116369941887
0.022333029870378746
0.024353994166097608
0.02627774812001412
0.028204151923446292
0.03038098694564265
0.03276718183447131
0.03534427543046436
0.03839656028040199
0.04217280975239497
0.04684912678987705
0.0522120776875315
0.05808853326258919
0.06440949042285316
0.07072640162414646
0.07654423832216714
0.08217780686161104
0.08790530640523682
0.09324625372035633
0.09796827986903481
0.10220534783209335
0.10563158953628211
0.10820592651886465
0.11038827828522246
0.1126057103530733
0.11498635788574268
0.11790373971485456
0.12129844140459155
0.12471368980173857
0.1282605511179246
0.13113182300128054
0.13290205030759006
0.13353898649128257
0.1323261056276999
0.12905113160571463
0.12435665473297894
0.11858246998592512
0.1114159093382136
0.10338224914682935
0.09511744352509358
0.0865862610314181
0.0783360152384887
0.0703365674920049
0.06234961486243622
0.05468355446122445
0.047501360686036456
0.04091944954702498
0.0352630491593099
0.03035858770452625
0.026103028358632117
0.022641633514605592
0.020303537293578325
0.019273107055859644
0.019193369419451392
0.01968534816711793
0.020204902932026546
0.020585339072578934
0.020934204178153067
0.021101499292566397
0.021054224279888532
0.021375237904863283
0.022302466450675115
0.023629338967775828
0.02550220109146273
0.027833540111321827
0.030357934948841068
0.03292153001831568
0.03581986043657787
0.039328914993049004
0.04356881431279935
0.048211065538402084
0.05342686112505196
0.0592757858330905
0.06476093584983471
0.06933845662045862
0.07326668290071113
0.07755774852386858
0.08259313436796342
0.08740505433634053
0.09282127684692558
0.09969183780944063
0.10702883549691618
0.1145600384825352
0.12172071329467743
0.12853196062393454
0.1353891463270368
0.14281646673761822
0.15059603128041124
0.15863426888093513
0.1664860359401768
0.17254698820167444
0.17657295394594003
0.178898799764608
0.1801008815681984
0.1803980962903266
0.1795606942967753
0.1770433482260224
0.1723142408808638
0.16615655690901907
0.15902379764310076
0.15053173107248452
0.14138289659088474
0.13173004291601842
0.12119857375093834
0.110773478454224
0.10034232834349441
0.08979610048781439
0.07979762480584057
0.07074096308161855
0.062309521509114195
0.05426535256787674
0.046804953030288955
0.04020852891315481
0.03441368687176132
0.02926443519205333
0.024967660180584897
0.021738934757147665
0.020287815339803773
0.02088972078207551
0.02252668734022278
0.024496573622579298
0.02627957457434136
0.02817866598977537
0.029806278777760868
0.031225713299931988
0.033591291847102495
0.03662404234440618
0.040218542289208764
0.04500945467998512
0.051120210322909414
0.058297617868063374
0.06601856752684392
0.07335417064013376
0.08008244592993785
0.08678868867003747
0.09348366013174235
0.09965885941662937
0.10521474771822316
0.11069536727598477
0.11500703668601506
0.11640457086618558
0.11528280389254703
0.11295491323795667
0.1103781823106401
0.10844442864192101
0.106930208075789
0.10702253091308621
0.10975168393705052
0.11439885034574221
0.1217895982814642
0.13121036896715757
0.1414100513493663
0.15297070798319837
0.1645641683798792
0.17463445323788296
0.185022184481043
0.19527530928694764
0.20351748580819323
0.208675117003733
0.210724382096228
0.21007319021996357
0.20689684522177687
0.20107440363821186
0.19290271985186308
0.18239505675215137
0.16991950681156404
0.15698393185789078
0.14400574872810645
0.13113580525923182
0.11897653879967474
0.10736311066433407
0.09645340940440664
0.08720603737831528
0.07952533091996505
0.07318029431082536
0.06821108073528578
0.06458902628901077
0.061712342563987256
0.05935294147459516
0.05841107025332518
0.059104372037224795
0.06101192827944059
0.06355088813263081
0.0654854144896983
0.0665065185174996
0.0675926251405462
0.06877572601302878
0.0697072649826873
0.0708549154400963
0.0726840434093359
0.07613280352856593
0.08269481317143039
0.09330733279836184
0.10714923721440481
0.12331626055694103
0.1414233574161619
0.16102430669074128
0.1801569429210696
0.198192723533459
0.2180541345881355
0.23873494700881612
0.25976064122702286
0.2810852764507011
0.29916923867151696
0.3122864534333008
0.3218162543435489
0.327426955458423
0.32759849859181966
0.32074273106644396
0.3056783923163568
0.28549721343430884
0.2639025672447726
0.24328039933859608
0.22478552707461
0.20708756324893138
0.19184677133231484
0.1825774985707859
0.18093174583763552
0.18623691005749188
0.19525354974560843
0.20481303234758824
0.212982424213666
0.2183195161297069
0.22075363704605921
0.21851168248355823
0.2101850140008471
0.19760671136906782
0.18168169830894443
0.1617558736855795
0.13853498674914994
0.1127346650399685
0.08568862842009256
0.06128481835365136
0.0501085975245754
0.05829101307558178
0.07383117846171172
0.08678878007291149
0.09340466139898886
0.09315873141409693
0.08855122495879315
0.08411288254491492
0.08045261699098996
0.07837900379337519
0.08009645627273848
0.08501857358406999
0.0922194813048476
0.10010040972327693
0.1083221474686034
0.11592111561613425
0.12233401654259739
0.12813729935965834
0.13302527853129606
0.13764416473536353
0.142821999902016
0.15093665502514655
0.16284200889953604
0.1785581590544006
0.1990794958842292
0.2232938846989608
0.25164988665892163
0.2855657530686007
0.32557585669983446
0.3679408475335591
0.40761721862919
0.44232090421234593
0.469164916446653
0.4837918704772586
0.48856674760403995
0.48271346775192725
0.4643527436252166
0.4382958281480286
0.4029488285074
0.3569909470986269
0.3091683898193258
0.264360151925093
0.21980377357227257
0.18465400701823045
0.165495859488404
0.16280798910173436
0.17609374726427762
0.1960155788071788
0.21665005288711778
0.23507171613103733
0.2474792179423589
0.2533068889640366
0.2526119291583371
0.2456606297385253
0.2343604803824524
0.22002128514509872
0.202506976099333
0.1816559715997882
0.15840644027275982
0.13407638890463747
0.10794254279649505
0.08236237048787759
0.06067056635029949
0.04532876033853047
0.038691868810400404
0.03915879333102002
0.04290337698824983
0.04624625134701501
0.0486099145832993
0.05083378962441483
0.053800001370010814
0.05814392261059271
0.06429675671218196
0.07244778775224413
0.08046755446014497
0.08746029070714306
0.09411864084155606
0.10109975826946146
0.1088185934306187
0.11961651795678921
0.13444838724053387
0.15166423018782346
0.17175811511019212
0.1949837414333862
0.21827564908779112
0.23971470102069486
0.2626770921182701
0.2870457565947359
0.3093095605316119
0.33073101170038616
0.3529552092394707
0.37568141523718407
0.3940043009403727
0.40914819221124343
0.420108457545418
0.41892003061365435
0.41204439795222547
0.40414533613157044
0.3877571162986987
0.3606625093631032
0.3264953278744928
0.28785369842354835
0.24724900313745593
0.2052901457986117
0.16581663074859151
0.13945345908334097
0.1330696110274187
0.1463531545112124
0.1685828499550182
0.19073741934820132
0.21074995661334192
0.22658791462662278
0.23812306208649384
0.2472402813767515
0.2526679452187883
0.25296491880608274
0.24850676378660919
0.23943911423959946
0.2266232792693087
0.2114166626199194
0.19521901821038837
0.1793269939892279
0.1642409520402586
0.15012868804311547
0.13663493970857887
0.12427054738241736
0.11459289353687065
0.1087243213243646
0.10745676609444113
0.11139120602854634
0.11986552023021302
0.13109486911206888
0.1437398865464081
0.15686125872551768
0.1688028881737588
0.17850287210099283
0.18725487654343986
0.19497407340382464
0.20007871886572254
0.20215490419543272
0.201399021169805
0.19877024256427547
0.19613519009585392
0.1942509681079869
0.19303201032850595
0.1935992743557506
0.1970758984001777
0.2040618048951563
0.21327996799211646
0.22460427589635182
0.23709899716188607
0.2484019569416741
0.2575096711644701
0.2639633223963286
0.26861282911228895
0.27032533832450534
0.26863522629688763
0.26490770975457256
0.25822733909049556
0.24741828500441201
0.23505066925877813
0.2205636772914169
0.2036746435683608
0.1871101393927994
0.17285277116839112
0.16011691665374314
0.14955537553140935
0.14175386144049962
0.13457857746026514
0.131654122105436
0.1332809594965803
0.13552430977760324
0.13766211839752532
0.1407365554732148
0.14495304255598293
0.14866674206458294
0.15019236046168005
0.14870418061135818
0.14532512885409318
0.1408383595987364
0.13588706029695055
0.1308731191373907
0.126085813375859
0.12133502089677162
0.11645979819531097
0.11236997779890656
0.10862448931002835
0.10486063359834576
0.10292845838640038
0.10655437440378322
0.11745804561736309
0.1359811830379042
0.1609073332146581
0.18833198955587263
0.2154935592135739
0.2423316442019036
0.26851992024886373
0.2908349447272856
0.3074272747151952
0.31854875753703094
0.3244333845950013
0.3274123011184613
0.3296047351811031
0.32685950696890786
0.31626001219589617
0.30094185588663347
0.28238922306812214
0.26324496716647927
0.2489732403184839
0.24142566252958753
0.2449442020487197
0.2593733131416564
0.2819705576503638
0.30992312419722506
0.3395846950328273
0.36730781946968843
0.38929688937603124
0.4051491664824691
0.41533399103719093
0.4179066365436955
0.41182495565339305
0.39752213604897463
0.37602527870047814
0.34700912618745156
0.30899302796476713
0.26458027722930894
0.2194873171301756
0.17938338964666187
0.14749050847374337
0.1293810264828204
0.13030910697414505
0.14634438794686863
0.16866112521966187
0.19244134971289326
0.21676947852384326
0.2380059001634719
0.25144265450220493
0.2572946602573974
0.2580263270099714
0.254122108648849
0.24641642425007726
0.23601588382904037
0.22377739407320543
0.211432412872069
0.1999082354229563
0.19012052127378223
0.18250038415348754
0.17695622075420078
0.17366115375614227
0.17241976418666538
0.1759801835779676
0.18640975872748225
0.203666443125028
0.22818865147149917
0.2581448367832742
0.2910943010901031
0.32484591085024833
0.3584566140846432
0.3903115394981386
0.41898092321839914
0.44294100954037763
0.46101017397158633
0.4709817694970191
0.47588578377837176
0.4772585298251676
0.4695594154258
0.4591162841130696
0.4472570232265077
0.43119235178110615
0.4152765521109352
0.40372385551541023
0.4025257262161561
0.41843666955200204
0.4492659024747684
0.4896203435025215
0.5336834595182358
0.5783041623329161
0.6200885921479126
0.6545342808918526
0.6774277719469245
0.6861754569240139
0.6776551309579503
0.6553787682255365
0.6225161650771557
0.5795103355734827
0.5277018614324933
0.46764353327925756
0.40155186759185285
0.33051735743530714
0.25817344228461253
0.18876119660134333
0.1271339380897296
0.08822462332081249
0.09281518536449325
0.12260147099997479
0.15282565198734402
0.1763651074736134
0.1920141547571581
0.1968582818500127
0.19114840410143122
0.17858084275615294
0.1635103058858343
0.1504779446457464
0.14533159921316213
0.15189370876008274
0.1701097129467759
0.1986545891726215
0.2365970150211342
0.27974666485455724
0.325728255781359
0.37513069195810816
0.428755814913623
0.49100521420711957
0.5620568032161737
0.638726132031989
0.7187200440557501
0.7991468249811654
0.8796207344912047
0.9558589705696843
1.023835508203072
1.0832152762080582
1.1366549703980668
1.1844385338536378
1.2197093240219183
1.247046423285417
1.2725078902641334
1.2850339353073919
1.275273626944593
1.2472995143489514
1.2140851956215564
1.175973955473647
1.1276690441232382
1.0702687387889513
1.0037497164761877
0.9416858481600819
0.8926338093418948
0.8598176963422881
0.8502068376406361
0.8550869499975106
0.869591449122911
0.8877719478827845
0.9014378091474128
0.9062522915634141
0.8998021486677937
0.880876185613318
0.8476934418792333
0.8039560244510804
0.7420779619023605
0.6630067807526917
0.5779155975948537
0.48966306809701726
0.39957154690122837
0.30740806441621327
0.2220594194437992
0.15891974674680207
0.13785671214123202
0.16029858247596696
0.1980328073189042
0.23109099527594013
0.24977593155501884
0.2535072853187492
0.24303829339435926
0.22061790593169678
0.19107306054718967
0.16208143865367639
0.14567075560975926
0.15227292475105167
0.17966332290247958
0.2169469192290588
0.2548067933271089
0.2909598833201242
0.3253382358466379
0.36038191647540274
0.3960931185186768
0.4305209627433735
0.4659599134271659
0.506169519288097
0.560300682953824
0.6330270179107025
0.7201649049936202
0.8143151917873249
0.9096271480637701
1.0014918145556175
1.0851552857043456
1.1535895156567098
1.2034272356494928
1.2350463724920804
1.2476030391771704
1.2413715207765739
1.219666224399734
1.1871849178725478
1.1373799046710786
1.084392192838896
1.0468947574204321
1.0166688763577385
0.9987752474269076
0.9966420449289226
1.0026940186562423
1.0085605761395793
1.005182431490709
0.9941690411587178
0.9825620068067583
0.9672537899527061
0.9478858190418973
0.9234931435872079
0.8902230242469099
0.8502926952069253
0.7997179962960625
0.7416993470549527
0.6818331788251586
0.6142525271257795
0.5390409748324654
0.4625760887768981
0.38454262200357997
0.3044874271488911
0.23037202715653357
0.1787475390317207
0.17555567653105406
0.21958019489219288
0.28056419785801623
0.3414224767282536
0.39652486063227405
0.4460258546804548
0.48480184734424986
0.5100208099149187
0.5178095537206008
0.5030303742626725
0.46985123026098674
0.41959241016272275
0.3595697736278699
0.2991693895844688
0.2537586716351668
0.24689898647399297
0.28326492593527464
0.346058175721412
0.41753857512694426
0.4831358552785486
0.5387539177143765
0.582900394855022
0.6155427093806524
0.6382848632073989
0.6536194791646677
0.6696442791242164
0.7043038112900291
0.7752113622774931
0.8845410821933584
1.0232080232428584
1.1888568969596744
1.3678272753227796
1.5573316729763595
1.7677863368989388
1.9871496313266381
2.1746771844384782
2.305528411681356
2.399786571773068
2.4835771263744104
2.548313876305875
2.569696032141627
2.553911669431952
2.5032280962994795
2.405140366961168
2.2530199340449313
2.0676584492094534
1.8735624477268467
1.6630474921806238
1.4314159567927474
1.1906614244163227
0.9612097084351089
0.7496850882715232
0.5735085945745168
0.4682166591670334
0.4351179900827689
0.44017632793901323
0.4488736613174602
0.43947819406886107
0.4038009359029374
0.3447430123101087
0.2719168791539568
0.2180170641198474
0.23605276273646528
0.3295700610088092
0.4582862093939121
0.5900024449730438
0.7148413457313254
0.8180683785590539
0.8948755073498211
0.9572352917008563
1.004434947962255
1.0180661102488244
0.9851410121557772
0.920505546580007
0.8507566438146247
0.793506630921493
0.7594979123518741
0.7685670655815326
0.8395080895608463
0.9790100762994667
1.1751431606720812
1.408884722079796
1.6567757220323358
1.8980245356600551
2.1202700051725487
2.3045185501729604
2.451398606058629
2.584019973845014
2.707813586183783
2.818684220730486
2.859019175690118
2.830619082261299
2.7694113105570892
2.6673021791591456
2.5473707383146156
2.423053628801277
2.3183504509247754
2.231984079951255
2.156092917252136
2.118143946558352
2.1319019211555212
2.189442595464161
2.280537182472932
2.3941139721375886
2.5322131942360633
2.674031804687243
2.7939100629984273
2.88800779755688
2.937104562239318
2.9364180801805007
2.8944922487135583
2.8052148495149054
2.6725723240387955
2.500275166181441
2.290760708817988
2.070744255538172
1.8492013413426578
1.6201637699239175
1.4004640457337283
1.2126802823755667
1.0643121837935852
0.9557113824764244
0.8768011592684258
0.8182734886268451
0.7733501904767742
0.7283035499183954
0.6806608385270426
0.6329804361379749
0.5826921513203025
0.526483676761558
0.46809088200142956
0.4228334822429102
0.396583187276046
0.3944772465873929
0.4251964694448392
0.4821067507055401
0.5537807681384264
0.6341807834591602
0.7103696377313201
0.7741406479359303
0.8319548336721793
0.882161184839499
0.9155649973151594
0.930813520278572
0.9475241234758381
0.9748057282644639
0.9954048647206952
1.0093574178171927
1.0270296475801575
1.0604339473499893
1.1186720536973158
1.1931784810637382
1.2744148384176466
1.359086636841328
1.4259912002453703
1.469446452541475
1.4959182089026712
1.510519699478442
1.5194074830251623
1.5299923064410947
1.5486337783826263
1.5899648535635578
1.657161443733054
1.7638519882270465
1.89932246267166
2.0452524035653044
2.220935786864178
2.3880097109200347
2.5097803523426014
2.6097022773802823
2.6754492412633875
2.7213483724023906
2.7791078845927113
2.847467178285158
2.9008130199809936
2.8994259395463957
2.853575293141219
2.7622907432534847
2.5935499922890295
2.3666332201464226
2.0995022736980635
1.8135762183401465
1.5213153394464616
1.2331728043962293
0.9888996682243938
0.8227546300646978
0.7605730284114528
0.7774437204150849
0.8141113473239063
0.8235772265125462
0.7928696360566715
0.7343167527272308
0.6669522553721157
0.616263686772659
0.6077852188456725
0.6739969911916033
0.8207374226241474
1.0235197797679307
1.2595902148038622
1.4984323962459636
1.7369475086156827
1.9702180647192697
2.184089898371735
2.3684557561292587
2.4999427260478897
2.5504693909423493
2.531906275821717
2.4644220826080407
2.3613056979478158
2.2484010761820703
2.1119039991798263
1.9779886021530666
1.8911740283398122
1.8433223519797208
1.8261050214015164
1.8389552115084655
1.8854265438339413
1.9248788991012313
1.9252578625553098
1.9093100380486367
1.8699854876027693
1.8110543886427728
1.7346658451817598
1.6259328742818622
1.505002197992782
1.394729744238377
1.2957954226067583
1.2134820632723717
1.153497107424063
1.1519646647840625
1.217390144276283
1.330209364013627
1.4830725441439518
1.6546554434866418
1.8296774763677264
1.9912233408652817
2.1100994980169068
2.182186712235539
2.2058159514290003
2.167370140871727
2.097997875876503
2.0250567529058046
1.9537378218537984
1.9229117906519981
1.9412075433460838
1.999792179211725
2.091339152307751
2.2072095918752708
2.3738285533394485
2.5641392609478637
2.696560112354398
2.7654352590002325
2.7851228972633675
2.7079531168621385
2.5349789005332104
2.278624032643262
1.9546771049907414
1.6065691423040214
1.3126866864512825
1.1941484661377377
1.331123386866366
1.6376987356985269
1.984039436026538
2.2679845852514453
2.476230464185417
2.6261126557451826
2.717582754833402
2.740080557123564
2.6932146714950496
2.5833492262511144
2.4297862872971088
2.296399566341654
2.219010723267239
2.1967002909071307
2.2089358967745594
2.2638791615241356
2.4213546718318653
2.667458083094865
2.9382092217849176
3.192192390456437
3.4176676778430926
3.5837900314760653
3.64531050589875
3.5981760767995308
3.452826352539453
3.1981497474800644
2.8925750847043825
2.6406246993995626
2.457543402352886
2.372568184977415
2.4180416117225687
2.5358095175847293
2.656559219545366
2.727486107363058
2.742492145675451
2.6905328339796655
2.526026430115629
2.266323058056648
1.9268057249757546
1.5843388000062233
1.3786699743546755
1.3916634987195928