1.
0.9950137394049999
0.9801899266807999
0.9559363521258
0.9229090454742002
0.8819966563848001
0.8342885482288
0.7810286671398001
0.7235811721798001
0.6633751860592
0.6018601450944001
0.540458541097
0.4805133008614
0.42325045909680004
0.3697387662068
0.320858809642
0.27727924057220005
0.23944788564119998
0.2075829819162
0.18167831323919997
0.16151206027440002
0.14668090492519997
0.1366295758114
0.13066959986260002
0.1280220034088
0.1278616854614
0.129361718731
0.13172890189439998
0.1342392834972
0.13627222951799997
0.13735128186419998
0.13715753737560002
0.13551855152679998
0.1324292358136
0.12806257654339998
0.12273845224819999
0.11690229588679998
0.11109887947779999
0.10594795778840001
0.10210821831699998
0.1002262815966
0.1009199646676
0.1047429501244
0.1121345782848
0.12339739963620003
0.1386782708424
0.1579540869666
0.18103023609020003
0.20754501730879998
0.2369585736164
0.26858676691440003
0.3016256839664
0.3351819707136
0.368306529419
0.40003496782020004
0.42946790299500004
0.4557483423474
0.4781192575586
0.4959616943212001
0.5088222853442
0.5164423376124
0.5187753998014001
0.5160232730487999
0.5085278545512001
0.496822106594
0.481723335679
0.46422637262340005
0.44535919432120014
0.42622964979179995
0.40805772106599997
0.3919847569242
0.3790491134904
0.3701938438408
0.3661732136507999
0.36760883697839997
0.37496803129240003
0.388477607114
0.408128937439
0.4336846857856
0.46451285836440004
0.4997412330096
0.5384280036424001
0.5794393891138
0.6214928634404
0.6632737508112001
0.7033568534612
0.7403141985839999
0.7730593535902
0.8003756142503999
0.8211744828312
0.8348142820454001
0.8404938923851999
0.8376574981633998
0.8263666058678
0.8069181151645999
0.7797279347444002
0.745501818065
0.7051696250334001
0.6595938985608001
0.6096596358054
0.5565285743234
0.5015325555782001
0.4458129552622
0.3904739040212
0.33661541357599994
0.28534986166600007
0.23764411049120002
0.1940074697138
0.1549596259066
0.1209500121064
0.0919929908156
0.06781763724499999
0.0481619315896
0.0328649316132
0.0214656437134
0.013369663759999997
0.008000577851599999
0.004731656009200001
0.0029710582985999997
0.0021950722515999997
0.0019780474309999997
0.0020609384202
0.0022816182836000007
0.0026225584211999995
0.0032304747774000004
0.004361679547399999
0.0063686001968
0.0097390710682
0.014974719870999997
0.0227501446862
0.033837898707200005
0.048589502117600006
0.0673910188324
0.09074914060620001
0.11885536577860001
0.1520370371718
0.190131738195
0.2331136594848
0.28084619529719995
0.33240421738279996
0.38737812418039996
0.4448868987008
0.5033753340494
0.5614442436516001
0.617351371491
0.6702926581438
0.7203215628566
0.7658723531834
0.8057239970014001
0.83849316696
0.8634662847110001
0.8819689300642001
0.894864331574
0.9015059327924002
0.9023697018176
0.8962066270576001
0.8796279892172001
0.8537286558026
0.8211841707576001
0.7845511292948
0.7428029475724001
0.6994698476474001
0.6614224955743999
0.627167231493
0.5933707298582
0.5606608282158
0.5325698360778
0.5089346212652
0.48946679029339996
0.47402006897839993
0.46357708658080005
0.45917383800180006
0.4564330623608
0.4530634154484
0.45238239175199996
0.4586083481658
0.46783246956519997
0.4743710179741999
0.47473079997519996
0.46901430500179997
0.4587432269624
0.44511091850160006
0.4308859041823999
0.41441344719100004
0.3961727909816
0.37822430416959996
0.3568919027128
0.3346471771792
0.31742621548680006
0.30491046378500003
0.2961524971588
0.2929267962142
0.29968511921540003
0.31643057843260003
0.333074937624
0.3428583286446
0.34999832834679995
0.36000881872179996
0.3788636759592
0.399990943641
0.41918092928319994
0.44266463673059997
0.4638169945964
0.47772228060339994
0.48749067148540004
0.4837899961682
0.4737314645810001
0.4747410498592
0.47846347842160003
0.48210515744019994
0.48570720668980005
0.4818706886526001
0.4856343543906
0.48595116634839997
0.481948919589
0.4878812653306001
0.49967896947300006
0.503639312181
0.48657417339239994
0.46989538747339993
0.473759746043
0.5219392668064
0.6150211472238001
0.701798048933
0.7963896384728001
0.9457181483298
1.1891894771204004
1.5016363506576
1.8757794486854
2.4229465760368
3.2721214251746
4.3471884404417995
5.5512170936196
6.778736311889
7.8411289346882
8.710582660138801
9.4823994213606
10.155627698668999
10.667737102569602
11.1753116397818
11.6843708971626
12.073218914396598
12.1500640024306
12.0774310818976
11.8217343992502
11.350631105848198
10.7878944923106
9.960757053307999
8.998268892106399
7.966312394126599
7.150405210839399
6.8680055005137985
7.045354215224
7.6532863017946
8.771984687625201
10.1193059988832
11.326266454805399
12.3833159705412
13.7091423564152
14.9253035853982
16.197361685087202
18.069510589999403
20.3504541605978
22.9749134077856
25.608785573879196
28.2360754714182
31.7510020856324
36.7283234055678
41.550858426919405
45.693062562434605
50.525643992240795
56.39741250657879
63.6945069151242
72.04640657238399
80.0773311324818
88.59710424661219
97.24410842986839
105.32651319051058
110.2520441566242
113.63144787312021
116.17763649384358
115.58153652308518
118.51353413630099
124.19569890319558
126.03535591898803
122.20034554882882
119.40033608321221
121.99609220994998
127.80237261398182
139.2325987627672
167.470059696159
220.60836826320238
296.72654297545847
404.40501631183076
538.4052497747518
682.3669268348315
832.734372468711
965.887498285488
1063.9559995938234
1150.573354532824
1227.6247761345076