0.
7.985481738404622e-7
3.531700548058738e-7
6.067114191131413e-7
1.5605804931685837e-6
3.921917093119173e-6
6.80390264236459e-6
8.852563155351471e-6
0.000012815139071149668
0.000019592132638052154
0.00003057386398823826
0.00004601930099086593
0.00006375944035284623
0.00008643165141484009
0.00011405741675406752
0.00013918351429144507
0.00015643131647819197
0.00017096114891223868
0.00018510129335120787
0.0001956773732868574
0.00019881900418888726
0.0001971916822079116
0.00020324980756631443
0.00021548766061664406
0.00023357223643032715
0.00025499391170384026
0.00029428913231456446
0.00036018173844418275
0.0004530123206497224
0.0005630157439579345
0.0007202847036680599
0.0009000257096822302
0.0010600081991274672
0.0011875536971905072
0.0012516999364783417
0.001234429255824676
0.0011784056814959703
0.0011120952501087755
0.0010425157127227217
0.000988988373628851
0.0010331636686282035
0.0011530867097299196
0.0012614846007687499
0.0013378960296985317
0.0013834579618619257
0.001429235863592391
0.001493824884410757
0.0014948489083584382
0.0014797496264522465
0.0015909235718332005
0.0018641388149108727
0.0022098720351985406
0.0026043802230637045
0.0030043504772235734
0.003402697986030001
0.0039400798788989545
0.004736857318305966
0.005472217960768339
0.005993184534462743
0.006328115942765142
0.006335588730781555
0.0063115064577214984
0.0064920911478792845
0.006661654420650618
0.0064377392098924876
0.006784075393498584
0.008289561334499105
0.009721968285608602
0.011652920354037267
0.013581172103801293
0.015024515248721919
0.019288559583101363
0.029035756571142587
0.04515683100303839
0.06640298235376293
0.08773797162895926
0.10944291311309769
0.1323607903148397
0.1557958889651733
0.18001131921377736
0.20122046492743953
0.21664424152862746
0.22451651444227555
0.2144822120662386
0.1830741049758616
0.16687249894511724
0.21127846405288467
0.3174924343832145
0.4643797538621774
0.6356141361908353
0.8167111852421489
1.0130378091471348
1.1977778019444547
1.3133243986869858
1.372055420493878
1.405459608941045
1.4155210193991652
1.405678077895511
1.3469213138467433
1.2161957259240677
1.0057604645598284
0.8692113844678445
0.8847991957377425
0.9534396779708162
1.0040149060863013
1.2628662221976472
1.6990701035162181
2.068703418011875
2.48187766402432
3.4506855268438943
6.389479972145748
12.325981673396543
24.013584754436714
43.206003783704354
77.4449527064034
141.22627961705442
245.06949922810182
427.05552295683793
683.4093997793627
1043.1100379579998
1577.3772802735925
2294.2205243804246
3335.2208862550838
5151.27198581048
7900.803994664176
12574.26156197879
19299.863915404996
26229.658497376156
30333.564322233906
34095.67461597233
41067.63961951938
50144.28815453448
60933.400289952544
72488.48390448144
81675.86942762234
85989.69455969999
84828.68498146889
81989.21428998206
81105.46741350667
85190.66223363872
87914.01899107062
81774.02351258628
70692.16765455391
59308.866540492316
51030.29986593995
45253.6906611132
41268.9093673467
36982.03504376312
30489.630723335977
22941.57218941097
18051.836111878816
19334.249068513476
22355.473365985952
24306.30178839891
25746.453835292297
27041.030669884494
32501.022992013084
44409.00567031789
53408.22811375837
57530.767780580056
58733.88398259264
58015.79930443375
57316.26725087992
55595.006821449235
53412.726766784726
54387.51809484418
57672.34728262015
62231.43092187542
67455.15401489547
71756.4621238099