0.
1.0872429697942571e-6
2.735091784762452e-6
6.238565538446031e-6
0.0000154042162465429
0.00002680688646827189
0.000032149808262622894
0.000109970212814201
0.00008151295025713431
0.000035082397526973234
0.0000882682897645956
0.00011758268555927078
0.00006495195911770397
0.00002473478843901139
0.00011962882273383935
0.0000805798338511204
0.00015182985750896198
0.00010788959592027342
0.000057729362701328263
0.00014158217047384637
0.00014359209857590872
0.00011485845143264653
0.00015022001969147063
0.00016570083806547378
0.0002246925028938514
0.00022930206685192246
0.00020053826869391076
0.00018595992634019422
0.00020601124630230066
0.0003353685872117785
0.00023472405957985509
0.0003747392808963375
0.0004933795768675795
0.0005374163497484372
0.0006633553916034037
0.0007421989412258903
0.0007244078572663886
0.0006753662296303607
0.0006696301744878247
0.0006334841742794379
0.0006346700965325381
0.0005817286001434224
0.0005194941424290784
0.0005062496127054685
0.0005069320440004759
0.000484723092760981
0.0004908366433906974
0.00046827831496961173
0.00039500957639270455
0.0003854466338784759
0.0004153438904256598
0.0004172669945741867
0.0003622074934045956
0.0004020456627081508
0.00039328641518239884
0.00032934226316796116
0.0003137460585826278
0.0003120948872184752
0.0005272714454180126
0.0006100699962052782
0.0007396889076096856
0.0008694354759818688
0.0009479637871728259
0.0010400587104025952
0.0013576212220958695
0.001784205218023845
0.002027856591499566
0.002566882121625708
0.0030124745118364107
0.0035056625374351724
0.0035282047884895446
0.0032649279683910674
0.0036574731255639746
0.0038319650104637866
0.003881838538360024
0.0037349608181139566
0.004320299760434256
0.003906594279687931
0.0034958877079418896
0.0024098129585901976
0.0025194474570455457
0.0043802977269722584
0.0044262808553610315
0.0036916873220035878
0.003310340639028629
0.005049234409310808
0.00703366473423794
0.008186324276744967
0.007850210867999275
0.007459382376997658
0.008873758685647663
0.009044398079516442
0.007808536000235631
0.008618427303748255
0.007878971079739842
0.010220450674113384
0.008260005157210688
0.009830518202294228
0.011386470453949105
0.008572499043742481
0.0071015229562477805
0.009244977778725457
0.007737611746901407
0.012617864116692742
0.016228826892311643
0.02443159435817724
0.029212579755962056
0.03388685212561841
0.04007630366643177
0.04306481381919488
0.049413111137959584
0.04598140414825653
0.053919205957735944
0.057952384353514665
0.0587768963406627
0.05969040592763517
0.06167509611701141
0.06608968454010244
0.05701060613343198
0.06251281002206718
0.057317202775029684
0.05938703050395976
0.05684070339392867
0.051668104808687214
0.06153845796474267
0.06673159468372869
0.0711935961562003
0.07414991468102541
0.07097983492406502
0.07121305624012854
0.07745851705684466
0.0646261972222752
0.0509172850841848
0.05352657024774802
0.049316401325675066
0.03892251557794634
0.03977732751530757
0.042999163899591054
0.03132372262972972
0.03635782511906723
0.030475097554457594
0.028598214584653257
0.030883664825858397
0.021649476796477846
0.022674709096604462
0.015666237216256915
0.015059977944188795
0.014397308501103443
0.022532170860397185
0.02887591129043322
0.028724391179014087
0.021351718528458057
0.025039713508621445
0.02329082632297899
0.02462947076684036
0.03381340197291235
0.06110093429490514
0.0652664408118482
0.06891659934494468
0.05043928899887219
0.06479208923405179
0.08877729972429124
0.1159136918577674
0.18061201976327593
0.266663573695468
0.36503133869628673
0.45282814853524705
0.5209412070803454
0.5219927009240078
0.6510548528614966