1.
0.9950137394049999
0.98019036039
0.9559345957302
0.9228973104698
0.8819661425077999
0.8342548072047998
0.781005600154
0.7235525106242
0.663363446124
0.6018378250359999
0.5403670618168
0.48046972384959996
0.42328074497159995
0.36977578811420003
0.32093010405460004
0.27734506893059996
0.2394529954012
0.20751875317859997
0.1815399977548
0.16129611966840002
0.14637081950779998
0.13620365377600002
0.1300525295574
0.1271801149706
0.1267560270666
0.1279446577706
0.13002990189980002
0.1321987097908
0.13390287094659997
0.1346666198294
0.1341894830808
0.1323135900964
0.1290503479324
0.12453708413640001
0.11912032042700002
0.11321314750120001
0.10741579699980001
0.10232014710000001
0.0985915847212
0.096823263353
0.0976769352662
0.10174572289500002
0.10941372436660002
0.1208915416076
0.13643023959599998
0.1559928007008
0.1793279904688
0.20616863772559996
0.2359402622962
0.26792963705179995
0.3013250565694
0.3353103829378
0.3691209699634
0.40139863392340003
0.4314478933322
0.45849353403680004
0.4817035660027999
0.5004600363422
0.5142695012538
0.5231247435659999
0.5265809860846
0.5250881648526
0.5184261676364
0.5079317801044001
0.49402121073160005
0.4774683089298001
0.45939425818819996
0.4406998934812
0.42287844118599993
0.4067962668174
0.39328206060759996
0.38377637072779996
0.3784518965398
0.37856065568380004
0.3844162315479999
0.3960560220584
0.4134307075562
0.43642505233740003
0.4644719333636
0.49678560876019995
0.5328180937375999
0.5707248053482001
0.6096674792994
0.6485175940182001
0.6859263055268
0.7204605899654
0.7509541077426
0.7761907406785999
0.7952541783842
0.8074944116742
0.8121534572860002
0.8091324106466
0.7979149070853999
0.7790658788652
0.7529145638178
0.7194661950582
0.6797444164576001
0.6351692706793999
0.5862669279894
0.5344488803799999
0.4806643625154
0.42651229753880004
0.3731481484212
0.3211898902975999
0.27152934223740005
0.22546000491899995
0.18337774919839997
0.14575377016719998
0.11298428692600002
0.0851611352942
0.06210155265999999
0.0436532253058
0.029564750606
0.0191158849134
0.011854434094599998
0.007268666707999999
0.0046415204400000005
0.0034613775740000006
0.0031752041178
0.0033450406016000004
0.0037165775328
0.0041529076928000005
0.0045773599734
0.005088930509
0.0059895906424
0.0076367974854
0.0105109236126
0.015279827296399998
0.022317952074999998
0.0323227357644
0.0461321932412
0.06425531674860001
0.086851369449
0.11438333177919999
0.1469445624836
0.18485176495100003
0.22768662394339997
0.2750705276022
0.3271336951342
0.3819632982512
0.43939342371680007
0.4981455743156
0.557621499889
0.6160971647482
0.6738506127112001
0.7260275343328
0.7739220696576
0.8162988859280003
0.8530464173481999
0.880365976989
0.8982586510692
0.9092330121506
0.9122344780769998
0.9047685277726
0.8881193616474
0.8662187189220001
0.8387528652345999
0.8039956171672001
0.7646931747774002
0.7202313727104
0.6759296728748001
0.6309956383828
0.5861726989758
0.5432871077858
0.5034543257890001
0.4653521795852
0.4327145916616
0.40667165674519995
0.387194898208
0.37021673864599997
0.3602313752434
0.35611414138299996
0.356578498619
0.3610459072358
0.36901149751900003
0.3764946798404001
0.3839707178338
0.390916497725
0.3968592748178
0.40064474935139993
0.42275528834899995
0.428295216469
0.4298436848290001
0.42707902433300005
0.4198844580020001
0.40834265690499993
0.3927346719409999
0.37351639232499995
0.35129767363299996
0.326810157346
0.30087186730900006
0.274353467994
0.248134226132
0.22305986053000001
0.199913349114
0.17937407484100001
0.161994116045
0.148173027221
0.13814453770899998
0.13197072258
0.129541178474
0.13058475697
0.134686296621
0.14130865216
0.149825158884
0.15955151468799997
0.169782240004
0.179830290289
0.189060830864
0.19693055091699996
0.20301207061
0.20702479249999997
0.20884916109799997
0.20853772686900002
0.206322110506
0.202600759348
0.19792963744900005
0.19299866737299998
0.18860000501000002
0.18560141865
0.184896545936
0.187372827017
0.193864842
0.20511138045700003
0.221718515965
0.24412557858099998
0.272574728744
0.30709058381
0.347468755792
0.39326952418000005
0.443824673585
0.49825172136100004
0.55547882585
0.6142736284010002
0.673285440196
0.7310829954689999
0.7862109619809999
0.8372308913059999
0.882777627461
0.92160012724
0.9526113457330001
0.9749223549530001
0.9878760678019999
0.991073108084
0.9843752046650002
0.9679213444489998
0.942117985744
0.907618365877
0.8653069670439999
0.8336024164542
0.770981190206
0.7153315390556
0.6608417416916
0.6113462430707999
0.5504067667348
0.5032366722938001
0.43971555506560006
0.38596834966579996
0.34554634686819996
0.2921806552386
0.2491155094336
0.210162010409
0.18168747726299997
0.15224563904960003
0.1338960716732
0.11518620533260002
0.11199312198659998
0.10034582357460001
0.1020647794124
0.1030415668394
0.0993205656202
0.10193328037659999
0.10628273603860001
0.09631447695199999
0.1048749294102
0.114594047282
0.115564128708
0.1105874065186
0.11005972358420002
0.1101356379072
0.116164110046
0.12891758521979998
0.13215068119480003
0.1469600510556
0.1732802164976
0.18771949554219997
0.2053679526686
0.23080255278640002
0.2718291229346
0.30855997348600006
0.3381199260618001
0.40021841467720004
0.43947019170839996
0.4575736892412
0.4666084763084
0.5151894729496
0.5191098718730001
0.5816535837204
0.6580923316830002
0.7527657387535999