1.
0.9950135810329999
0.9802311486260001
0.9561655553060001
0.923648213809
0.8837949283879999
0.8379571212520001
0.7876596552980001
0.734549949005
0.680315483425
0.6266247336
0.5750498671450001
0.5270175006500001
0.483738605649
0.44617679322500003
0.41500948420000006
0.3906070798880001
0.37303062086600003
0.3620383170929999
0.35711263684
0.357481542577
0.362175898625
0.37007389924899997
0.37995684457
0.390576761405
0.4007074070650001
0.40920728297
0.41506315374400005
0.41744274506599993
0.41571623535700003
0.409486793092
0.39859728443200004
0.383128603229
0.363384724112
0.3398696487220001
0.31325295042
0.28433170215700004
0.25398211452200004
0.22311447301799997
0.192624480801
0.16334979989200002
0.136027019754
0.111264530297
0.089512407994
0.07105321221699999
0.055992667705
0.04426924449999999
0.035668238146
0.029845618580000007
0.026359714617999998
0.024708679585000008
0.024367342479999998
0.024828964161999992
0.025644203833000003
0.026454476880000004
0.027020459427999997
0.027244087525000002
0.027178587140000002
0.027033101505000004
0.027162043216999998
0.028049981305
0.030283877898
0.034518673485000005
0.041438667524
0.05171398215399999
0.06595449084900001
0.0846687361
0.10822059187600003
0.13679929381
0.17038958509699997
0.20875799299999998
0.251445503489
0.29777700987399996
0.34687086537800005
0.39767666788999995
0.44900742152499995
0.4995873539049999
0.5481068931649999
0.5932762269730001
0.633886569842
0.66886122024
0.697310848301
0.71857907101
0.7322706483919998
0.7382861193779999
0.736822210514
0.72837724752
0.7137307889479998
0.6939194005610001
0.6701849629459999
0.6439411973699999
0.6166974152609999
0.590002892648
0.565374332329
0.544232046709
0.52783754453
0.517233105412
0.513194978484
0.516198169825
0.526387617869
0.543579049026
0.5672540712490001
0.5965859534850001
0.630469471892
0.667574216104
0.7063885533159999
0.7452953581969999
0.7826332147279998
0.8167681287249998
0.8461620376100001
0.8694387010849999
0.8854400671610002
0.893271506049
0.8923376120579999
0.882366235049
0.863414413992
0.835858815482
0.800383425661
0.757935688109
0.709692868789
0.657002673333
0.6013224732260001
0.5441618666970002
0.4870188908819999
0.43131353281
0.378338847172
0.32920928150800005
0.28482103709300005
0.24583138217300002
0.212636238085
0.185370824473
0.163923159497
0.14794809528199998
0.13690684241
0.13010023044999997
0.12671772896899997
0.125887066001
0.1267225594
0.128373101649
0.13007031005199998
0.131161344725
0.13114200800200002
0.12967792478600002
0.12660985580500003
0.12195802534399999
0.115910528557
0.10880044711299998
0.10107939054499998
0.093282831513
0.085991574906
0.07978962901299999
0.07522386170000002
0.072768306805
0.07278806674000002
0.075516887746
0.081036183461
0.089268762186
0.09998076483200001
0.11278953253
0.12718962108200002
0.14257588109299998
0.15828351960099998
0.17362655817699998
0.18793940298500003
0.200619122509
0.21116945981700003
0.21923265354399998
0.22461974415400002
0.22733135666100002
0.22756715194399998