1.
0.995011220164
0.980166984745
0.955836018425
0.92262055034
0.881334526769
0.83297589218
0.778689892669
0.7197417220010001
0.6574640235410001
0.5932201423129998
0.5283575989129999
0.464170919301
0.401856120905
0.34248468974600005
0.2869671332899999
0.236038628432
0.19023683408099998
0.149902990345
0.115177963882
0.08601233167299999
0.062184247784
0.043321061561
0.028926376349000003
0.018414737345000005
0.011144448961999998
0.006454827460999999
0.003701153794
0.002289764945
0.0017080129250000003
0.0015504166970000005
0.0015393089300000005
0.0015383898899999997
0.0015596634730000005
0.0017629662770000001
0.0024474230800000003
0.004036842339999999
0.0070579101849999985
0.012113646376
0.019851665044999994
0.030929575155999995
0.04598021191999999
0.065573608997
0.09018531636999998
0.12016070893799997
0.15569305273599998
0.196797860045
0.24329906038400004
0.29482081826600004
0.3507920374400001
0.410446696725
0.4728459745439999
0.53689854202
0.6013907783050001
0.665022623044
0.726445278536
0.78430207025
0.837278019185
0.884134825538
0.9237542770599998
0.9551783498649999
0.977636240125
0.99057309497
0.9936737449969999
0.986858477874
0.970307487986
0.944433315113
0.9098837001279999
0.8675071326849999
0.818333501333
0.763537023602
0.7043909532839999
0.6422396439679999
0.5784409814129999
0.51433103124
0.451183470985
0.390167787685
0.3323188144250001
0.278510139722
0.22942911434000002
0.18557084522499998
0.14722551841
0.11448957074000002
0.08726787505800002
0.065298592397
0.048171977248
0.035362284689000004
0.026260088501
0.020206544227999994
0.016531641029
0.014588892305000004
0.013788603928999998
0.013628802773
0.01371965905
0.013803256465999999
0.013766133065000002
0.013645047665
0.013624337225
0.014027215568000002
0.015299003572000001
0.017984785069
0.022702207050000006
0.030107604749000004
0.040863493738
0.055600798684999994
0.074883951997
0.09917561832099998
0.128807783012
0.16395165837
0.20460320006399998
0.250562014946
0.30143242157199995
0.35661910276
0.41533962360499993
0.47664157025
0.539422172714
0.6024662296850001
0.6644779061839999
0.7241182668900001
0.7800509010369999
0.8309849475280001
0.8757147528520001
0.9131615540890002
0.942410048333
0.9627378510439998
0.973642044005
0.974855935885
0.9663551496849999
0.948360916418
0.9213375066049999
0.885966975189
0.8431310526410001
0.7938851815699999
0.7394160088819999
0.6810050994169999
0.6199896687169999
0.557716394449
0.49549600566500007
0.434569403101
0.37606534106
0.32097101618
0.27010735867400004
0.224104654514
0.1833994433
0.14822309507200002
0.118611688117
0.094417854589
0.07532575321
0.060881763332
0.050520701565
0.043601694865000006
0.03944335145
0.037359510669
0.036696772944000006
0.03686650866
0.03737415073
0.037843608497
0.03803653921700001
0.037862344964000004
0.03738262685
0.036809584353999995
0.036492513612999995
0.036902720557
0.038608877024999995
0.042247546421
0.048492547925
0.058016653857000014
0.07145872867400001
0.089385713801
0.11225794404200004
0.14040180586899997
0.173981108029
0.21298128500199998
0.25719294990100006
0.306206152778
0.3594203492129999
0.4160459923560001
0.475126088905
0.5355649730900001
0.596154686164
0.6556129877569999
0.712623076282
0.765876953125
0.8141165648369999
0.856177639594
0.8910259866169998
0.9177959881039999
0.9358159502179999
0.9446356804000001
0.9440378087619999
0.934049862073
0.9149415425299999
0.8872123602889999
0.8515827231880002
0.8089583282649998
0.7604080909219999
0.707128965617
0.650397098221
0.591532133741
0.5318567711080001
0.472647099713
0.41509741274499995
0.360284212066
0.309135223877
0.26240461013
0.22065415228899998
0.184249839941
0.153351026937
0.127926970244
0.10776272317200002
0.09248363738000002
0.08158145429200002
0.07444476579999998
0.07039416547999999
0.06871982119700001
0.06871523499700001
0.069716231909
0.071132174613
0.07247387724999999
0.07337838802900001
0.073626093106
0.073150471426
0.072040863112
0.07053869584
0.06902332985599999
0.067996380581
0.06805507865
0.06986246657
0.07411386804999999
0.08150293532799999
0.09268230312999999
0.10823073884999998
0.12861685460000002
0.15417142793
0.185061244349
0.22127229784999997
0.26259365659399997
0.308621476501
0.358752628613
0.41220630752499987
0.46803297170499997
0.525153532301
0.582377095953
0.6384466793679999
0.692076194164
0.7419947878579999
0.7869843951680001
0.8259302912690002
0.8578474773410002
0.8819191695730001
0.89753127524
0.9042856596979999
0.9020184088360002
0.8908051714970001
0.8709557206249999
0.843006754085
0.8077077470249999
0.7659806783049998
0.7189066996250001
0.6676755075399999
0.613549878421
0.55782725258
0.5017887750439999
0.44666573938600007
0.39359625352
0.34358918479299994
0.29750199533
0.25601040205000003
0.21959823596800002
0.18854690119700002
0.162937826768
0.14265804322900003
0.12742139256399998
0.11678239155999999
0.110172795668
0.10692817567699997
0.10632509600000002
0.107619863797
0.11008395764
0.11303817460999997
0.115887242888
0.118148646442
0.11947082399299999
0.11965424998899998
0.11865783029000003
0.11660104152100002
0.11375760312900002
0.11054170550900001
0.107489285605
0.10523142250000002
0.104462527028
0.105909013949
0.11029020209800001
0.118282821413
0.13048441923200002
0.14738156650900003
0.16931851997300001
0.19647586414099996
0.22884724136500004
0.266237790061
0.308249863309
0.35429849389300005
0.40361394277799995
0.45527309126800003
0.508213384848
0.5612770395560001
0.61323873821
0.662853820522
0.7088914486250001
0.75018541117
0.785669635585
0.81441265537
0.835657890212
0.84884287696
0.853624775504
0.849888464578
0.837753872625
0.81757544042
0.7899177654439999
0.755549925512
0.715408531929
0.6705733307299999
0.622221145681
0.5715947147089999
0.5199506953999999
0.468524883653
0.418490005905
0.370916258084
0.32673677786500005
0.286724724749
0.25146938713000005
0.22136315785000002
0.19659719822900001
0.17716186077199997
0.162857893097
0.153315681481
0.148016144889
0.14632233361699998
0.147513401984
0.15081754141599998
0.155454246337
0.160667831449
0.165764854877
0.170144979344
0.173330314184
0.17498263990099996
0.174924903805
0.173142756553
0.16978845910100002
0.16517094446799999
0.159745237396
0.15408446308
0.14886069307199998
0.144804863249
0.142681125285
0.143240968016
0.14719235173200004
0.15516043091200002
0.1676574818
0.185050817285
0.207541165493
0.23514396212
0.26768312018499996
0.30478279193299995
0.3458797378600001
0.39023133805
0.4369403611040001
0.48497886650600003
0.5332238516690001
0.580492095385
0.6255852929529999
0.667321233485
0.7045875660849998
0.7363704297380002
0.761800384484
0.7801747027240001
0.790986567456
0.7939479262129999
0.7889932784970001
0.776283234281
0.7562067100959999
0.729356526205
0.696514014016
0.658623638489
0.616753958564
0.572063295321
0.5257590937999999
0.47905381946599995
0.43312480182799995
0.389078477554
0.34790376297799996
0.31044964145000004
0.27739706259400004
0.24923718249700003
0.226263601397
0.20856886401599997
0.19604326287999999
0.18839638560500002
0.185168689298
0.185761795842
0.18946677690000002
0.19550085128500003
0.20304167436800002
0.21127035047400003
0.21940362421
0.22673184983200004
0.23265126281299997
0.23668874378500002
0.238521284756
0.237995512769
0.23512808581300004
0.230105708425
0.22327943170900003
0.21514459906599998
0.20632088384500002
0.197522740237
0.18952601445799996
0.18313597941700005
0.179144538137
0.17829656070500002
0.18125335049300004
0.188558357648
0.20060896466499997
0.21763628831299997
0.23968268610500001
0.26659967354499997
0.29804219254400005
0.33347502404100005
0.37218975524
0.41332483614500004
0.45589141098399993
0.4988098970660001
0.540945091817
0.5811452765009999
0.6182857676259998
0.65131028145
0.679264323125
0.7013325522639998
0.716875388557
0.7254398437129999
0.7267894833249999
0.7209036489249999
0.7079843534650001
0.6884481959210002
0.6629095718329999
0.6321611512689999
0.597142576865
0.5589048139280001
0.5185807798400001
0.47733551833999993
0.4363254133609999
0.396663522749
0.3593753392969999
0.32536613650599994
0.295390070645
0.270025865905
0.24966186037000004
0.23448400738100003
0.224477984538
0.21943375022500003
0.218959100281
0.22250266990899997
0.229383317069
0.23881660868499996
0.24995566158100002
0.261929135236
0.2738761648180001
0.28498646668999994
0.294536192305
0.301918513517
0.30666527592100007
0.30847520108500004
0.307218381754
0.302944240925
0.29588073572
0.28642252303999993
0.27511080573799995
0.2626147276960001
0.24969645717699998
0.237182816762
0.22592440817299997
0.21675944898500002
0.210475258177
0.20777357398099996
0.20923620525
0.21529818568900003
0.22622378908899998
0.242091145017
0.262785520978
0.28799575418500006
0.3172249562050001
0.349803736762
0.384909225386
0.421598062033
0.4588395646130001
0.49555006267599994
0.5306299938500001
0.5630137495130002
0.5917019828740001
0.6158013593940002
0.6345575962760002
0.647382389
0.6538844891449999
0.6538707828650001
0.6473672199080002
0.6346120401969999
0.6160441498760001
0.5922959746249999
0.56416143429
0.5325693184970001
0.498552389197
0.463204764752
0.427640035378
0.3929566035620001
0.360190890881
0.330284409314
0.30404727696500006
0.28213319856499997
0.265014045442
0.25296709349
0.246067089028
0.244187582885
0.24701293432400004
0.25404813893699996
0.2646477139399999
0.278043737273
0.2933774955619999
0.3097383383209999
0.32620106364499996
0.341868722005
0.35590576446899996
0.367573229101
0.376262658306
0.381517920964
0.38305633416999996
0.380779846213
0.3747732882439999
0.36530750969999987
0.3528233227689999
0.33791637293
0.3213046528809999
0.30380577761300004
0.2862988726049999
0.2696846248930001
0.254851644973
0.24263431058499998
0.23377922674000004
0.22891209328100004
0.22850746355700002
0.232870799696
0.24211710272899997
0.25617232666100004
0.274762719661
0.29743384677800006
0.32355667941200006
0.35235449560400006
0.38293374967300003
0.4143122489650001
0.44545909256500005
0.47533433052200014
0.5029298868100001
0.5273049037699999
0.5476258224049999
0.5631961596820001
0.573488138537
0.578156779369
0.5770614130970001
0.570265479401
0.5580374176129999
0.5408388945449999
0.5193100445000001
0.49424439179700014
0.4665550453640001
0.4372448008969999
0.40736583504
0.377975397509
0.350102872789
0.32470657440499995
0.30263496066000006
0.28460136310100004
0.271150185869
0.26264305145
0.25924175880999994
0.26090643297699995
0.2673998349849999
0.27829402574500006
0.2929922038419999
0.310753303793
0.33072456653
0.351970497917
0.373520237461
0.394398913626
0.413671592293
0.43047911583399995
0.444072975713
0.453848075245
0.4593601627130001
0.46035235076500003
0.456756265876
0.448699035317
0.4364971583290001
0.42064516960199994
0.4017888607329999
0.380704045185
0.358263531522
0.335403653897
0.31307864520400003
0.292228976954
0.273739968104
0.25840717825
0.24689929426099996
0.239737201684
0.23726585089299998
0.23964446311300003
0.24683680182500004
0.25861479109
0.274563367978
0.294099362825
0.31649547664
0.34090361352500004
0.366394920538
0.39199425514600006
0.41671925131699994
0.4396171127779999
0.459808595316
0.47651883221700014
0.489107974304
0.4971023165649999
0.500207880785
0.4983259589049999
0.49155750530499986
0.48019606343300003
0.464723319348
0.4457813340039999
0.4241573954600001
0.400743608612
0.376509776464
0.352457277985
0.3295862651769999
0.30885093640399996
0.29112399799200006
0.277160585697
0.26756956969999995
0.26278768447299994
0.26305930516
0.26843286521
0.278751709088
0.29366441570900004
0.31263340998500005
0.33496063777800006
0.35981129592200006
0.38624761652199996
0.413263638554
0.439828294585
0.46491828025000004
0.48756873543999996
0.506899448794
0.5221561529860002
0.5327388429169999
0.5382215470449999
0.538373124112
0.533163219593
0.5227623563649999
0.507537979648
0.488034865156
0.4649581356019999
0.4391424937530001
0.411517919997
0.38307872031300005
0.35483381682500004
0.327779892961
0.302852582257
0.28089640908499997
0.26262687879700003
0.24860902514500002
0.23922952794000002
0.23469269700499998
0.23500144497999997
0.23996993271700004
0.24922704672099996
0.26223477866
0.278310118853
0.29665739532999996
0.31639803877300005
0.33661190616099995
0.35636953784900005
0.37477801591400006
0.391014836689
0.40436169456500004
0.41423387805
0.420209092648
0.422040010626
0.41966876306
0.41322744917000004
0.403034923882
0.3895822452040001
0.373516090177
0.35560891628200003
0.3367303854769999
0.31780926459399994
0.2997984052370001
0.28363069230800003
0.270184691554
0.26024526718099994
0.25447280208399997
0.253367612612
0.257257873458
0.266273548537
0.28034654924900004
0.29920589922499996
0.32238656577700003
0.34924570862900006
0.37898480584899996
0.410678309002
0.443309654177
0.47580360604999994
0.507074537573
0.536057969833
0.56175920825
0.5832846694980002
0.5998767116499999
0.6109466783399999
0.616090595482
0.615109303586
0.608009806445
0.5950112025040001
0.5765330676239999
0.5531776754650001
0.525706845201
0.4950166829220001
0.462094350545
0.427992974032
0.3937798757
0.36050310732999996
0.32915023368400004
0.3006134031519999
0.27565386028199995
0.25488068939599995
0.23872273993799997
0.227422639525
0.221025784282
0.21938578863699998
0.22217263476200005
0.22889047616999997
0.238904095201
0.25146270899999995
0.2657377132329999
0.2808609412639999
0.29595651408
0.31018654532500006
0.32278281412000004
0.333079980389
0.34054739714000004
0.34480821215300006
0.34566002413299995
0.343082434985
0.33723554852200005
0.32845749007299996
0.31725012150900006
0.3042543370490001
0.29022990674000004
0.27601739320900004
0.2625053663299999
0.25059116045
0.241143085313
0.23496074501
0.232740834841
0.23504385241800002
0.24226938151400002
0.2546333545479999
0.27215475888799995
0.2946509241650001
0.32173827960499995
0.3528442449939999
0.38722323117599994
0.42398202545299996
0.462108468996
0.500512729298
0.538057933333
0.573606081908
0.6060594483410001
0.6343988692729999
0.657723178052
0.675277476413
0.686488359265
0.69097819348
0.6885806605120001
0.679349979117
0.663554242201
0.6416666780800001
0.6143464446250001
0.5824165788519999
0.5468295664490002
0.5086369478260001
0.4689451284049999
0.428877587065
0.38953415680000003
0.35195029951699996
0.317066592914
0.28568576930499995
0.258454814868
0.235844345698
0.21813154678400004
0.20539978858100005
0.197539388212
0.19425833111300003
0.195101575609
0.19947179707600002
0.206663999492
0.215896251844
0.226347312685
0.23719098272499997
0.24764141164099998
0.25698001311999996
0.26459284039400005
0.26999771213000007
0.272862472277
0.273024102745
0.27049424389
0.265460608106
0.25827690421800004
0.24945157938499998
0.23962005918499998
0.229524430276
0.219975253825
0.21181874248
0.20589777016100003
0.20301267414500002
0.203886185114
0.20912764786000002
0.219201102685
0.23440496322499998
0.25484695956100006
0.280438339045
0.31088676276999994
0.34570255800500005
0.384209050132
0.42556477761800005
0.4687872174769999
0.5127866909529999
0.556405826465
0.598450734293
0.637743857378
0.6731548671250001
0.7036529105930001
0.728329369888
0.7464406910089998
0.7574350932530001
0.760962620993
0.7568991208999999
0.7453419352339999
0.726614263285
0.7012426560969999
0.669945315874
0.633605388968
0.5932358605489999
0.5499409916240001
0.5048858699299998
0.4592446206160001
0.414166330538
0.37073181342500006
0.32991913016900004
0.292571686129
0.259373433133
0.23082533149000004
0.207238622329
0.18872669185600002
0.17521175277
0.16643428474600003
0.16197318394
0.1612670957
0.163650927789
0.168381966409
0.17468348172500003
0.181774588417
0.18891476072
0.19543289070499997
0.20076153549700002
0.20446118336499997
0.20624331962600004
0.20597914512499998
0.20371176709
0.199650892545
0.194164648453
0.18776409977
0.18107967030400002
0.17483330541200004
0.16980561282099998
0.166800740692
0.16660588622500003
0.16995744983300004
0.17750238991999995
0.18976342663999998
0.20711501666
0.229756089989
0.25769370997
0.29073444929299996
0.3284850214899999
0.3703537534330001
0.4155683326449999
0.4632007481449999
0.51218728586
0.56136763769
0.6095237895219998
0.6554170690290001
0.6978339890499999
0.7356244933609999
0.767746257553
0.7932958278769999
0.811546407081
0.8219685063330001
0.82424871828
0.8183070294820001
0.8042877641799999
0.7825675491399999
0.753731013265
0.718553322752
0.6779759464129999
0.633066746545
0.584987829773
0.5349517339250001
0.484182022792
0.433869800218
0.3851361121140001
0.338993066834
0.296317263706
0.25781891745999996
0.22402663168500003
0.19527525810000002
0.17170441956200003
0.15325900878600002
0.13970601434
0.130652111732
0.12556517512499998
0.123811987745
0.12468550705299998
0.127444987997
0.13135044936500004
0.135703009273
0.13987286150899997
0.143333812258
0.145688434658
0.146682581057
0.146222583637
0.14437805136799997
0.14137970854500004
0.137607015605
0.13357418720199998
0.12990414744199996
0.12730043478500003
0.12651366878800002
0.12830681752200002
0.13341488487999997
0.142512070837
0.156172950517
0.17484121368200004
0.19880328921799997
0.228166164409
0.2628424442329999
0.30254390079399995
0.3467813449850001
0.39487177462399997
0.445959540434
0.49903201837
0.552955817585
0.6065123790650001
0.6584319683770001
0.7074395330129999
0.75229314824
0.7918320440969999
0.825012894356
0.850942015892
0.86891455153
0.8784278169249999
0.879214694605
0.8712352728039999
0.8546862966259999
0.829998838369
0.7978129932650001
0.7589628061220001
0.7144412465209999
0.665372506129
0.6129663982899999
0.55848265108
0.5031835304770002
0.44830101784900006
0.39498323481799996
0.3442734562
0.29706759034900004
0.2540992456
0.21591315338499997
0.18286186433
0.15509859876100002
0.13258619792500004
0.11510794002500001
0.10228954754600003
0.09362261970100001
0.08849640942800001
0.086233451265
0.086123382098
0.08746019867599998
0.08957981217700002
0.09188992498600002
0.09390192069700001
0.09525162463699999
0.09572247450000003
0.09524899974500002
0.09392603400499999
0.09200238284199999
0.08986950013699999
0.08804396585
0.08714093895999998
0.08784644368000001
0.09088489372500001
0.09697954333600001
0.10681780568499999
0.121015296949
0.14008029476199998
0.16438275766599997
0.194129461098
0.22934363044
0.26985026668999995
0.31527599184800004
0.36504662551399997
0.4183960924609999
0.47439266696199994
0.531956674244
0.5898942764899999
0.6469352757640001
0.701770660498
0.753095638217
0.7996571148040001
0.840285556864
0.8739459025809999
0.8997615104419999
0.9170542979559999
0.9253612872999999
0.924451159673
0.914337142132
0.8952683746760003
0.8677257063559999
0.8324078384899999
0.790200322157
0.7421496551060001
0.6894275003719998
0.6332875837010001
0.5750279557290001
0.515946867097
0.45730076041000006
0.40026301955599997
0.345894550625
0.29510507594600005
0.248637171305
0.20704470720799997
0.17068532028500003
0.13972011350900002
0.114116085994
0.09366600753699998
0.07800460240500001
0.06663800117
0.058972029194
0.05434892174500001
0.052082420304999995
0.05149403213
0.051948808145000004
0.052886554515999995
0.05385046452199999
0.054509428165
0.054675893409999995
0.05431392391999999
0.05354062093700001
0.052622694149000004
0.051962626557
0.052079424217
0.053584218073
0.05714678138
0.06346750529000002
0.07323524675299999
0.087095379265
0.10560996596200001
0.12922827438599999
0.158253984793
0.19282329010100002
0.23288339682
0.27818483857700005
0.32827588944399994
0.38250745481700005
0.44004556900899994
0.49989484277199997
0.5609143678499999
0.6218648182480001
0.681434765026
0.7382892004160001
0.7911061930850001
0.838620082564
0.879670488328
0.9132363378260001
0.938466016064
0.9547142492810001
0.961555788037
0.958807724305
0.9465308440250002
0.92502852149
0.8948355496689999
0.85670015488
0.8115604888769999
0.7605087721039999
0.704758272917
0.645600840769
0.5843655934740001
0.522372854194
0.46090018867600013
0.4011325312450001
0.34413714898000003
0.290829179426
0.241948225705
0.19804610858600002
0.15947541341000002
0.12639017161799998
0.09875598565299999
0.07636286478500001
0.058845906842
0.04571437352
0.0363833401
0.03020718125
0.026516014176999995
0.02465166073
0.024003303999999996
0.024036694001000003
0.024323658088000005
0.024561811465
0.024590796061
0.024400332905000002
0.024130584488
0.024065531797
0.024619564160999998
0.026315984509
0.029762816978
0.035619572657000005
0.044565253635999995
0.057261222940999994
0.074314987585
0.09624490560400001
0.12344824966500004
0.15617157360099998
0.194488451141
0.238282657988
0.28723918346
0.340841409152
0.3983795612449999
0.45896010002599996
0.5215342613299999
0.5849173129000002
0.6478345580049999
0.708945637768
0.7668960416649999
0.8203593432490001
0.868075067249
0.9088930263080002
0.9418135570000001
0.966018437162
0.98089953768
0.9860745968050001
0.981411438013
0.9670205411770001
0.943253767816
0.910702503245
0.8701599306500001
0.82261194437
0.769191141204
0.7111451699530001
0.649793432864
0.5864872199929999
0.522563711093
0.45930524943700013
0.39789901505299996
0.339409074437
0.28474047539600006
0.234620858305
0.189585291725
0.149970537425
0.11591477086499999
0.08736758773200001
0.06410583258500001
0.04575597809
0.031821669986
0.021717026420000007
0.014800066970000003
0.010411005025
0.007905266714000003
0.0066900560500000004
0.006252849104000001
0.006189402527999998
0.006223267697
0.006219721349
0.006192647749000001
0.0063043982170000006
0.006857353282
0.008278972013000001
0.011100330864999999
0.015929486404
0.023419953895999997
0.034235474255999994
0.049016038685000006
0.068339112482
0.09268625466000002
0.122413010756
0.15771855174799998
0.19862500209700001
0.24496421951300001
0.296366212073
0.352263401681
0.41189478638800014
0.47432340836500003
0.5384592693250001
0.6030874004040001
0.666903706874
0.7285573191620001
0.7866881589459999
0.839967507769
0.887151945962
0.9271126381729999
0.9588788432810001
0.981668898869
0.994916866373
0.9982903368690001
0.991702889684
0.9753186490970001
0.949540850905
0.915005936509
0.872554606225
0.823210856
0.7681407047889999
0.708618560128
0.6459852866050001
0.581602768949
0.5168092312090001
0.45288539759699986
0.39100890665
0.33222405962500007
0.27741572010499993
0.227286075298
0.18234344984499998
0.14289421125199997
0.10904921343700001
0.080730539765
0.05769205852999999
0.039539836433
0.025762669385
0.015765144316999997
0.008902402932999999
0.004515487380999999
0.0019683637700000003
0.0006806483299999999
0.00015748263399999998
0.000015182869
2.6298499999999997e-7
2.274473e-6
0.000059310553000000006
0.00035607658499999987
0.0012146696480000003
0.0030783652199999996
0.006489262899999999
0.012060467872
0.02044364176
0.032295393044000004
0.048239544557000004
0.06883328622599999
0.094531270705
0.12565570114100003
0.16236841531300003
0.204653963012
0.25230180563199994
0.304901864397
0.3618451211720001
0.422335188146
0.48540205433
0.549928671885
0.614680854196
0.6783453894890001
0.7395613603850002
0.796977677285
0.849279373444
0.8952424454340001
0.933768657125
0.9639255098290002
0.9849706187380001
0.996385439674
0.9978882710210001
0.9894434494250001
0.97126232645
0.943798532885
0.9077322388500001
0.86394552557
0.8134921381450001
0.7575673831849998
0.6974602507490001
0.634524222545
0.5701169112260001
0.505572678922
0.44215484559999996
0.3810178304720001
0.323177008765
0.269481742184
0.220596138657
0.176987798105
0.138922553474
0.10647041008500002
0.079515331997
0.057776847713
0.04083157647999999
0.028143401617999997
0.019099626169999998
0.013043730844999997
0.00931236722
0.007271862913999999
0.006349424131999999
0.006064087753
0.006050126485
0.006075348677000001
0.006052881960000001
0.006044911352999998
0.006260229385
0.00704258393
0.008854387453
0.012252928085000002
0.01786121333
0.026336270425000002
0.03833300704999999
0.05446953780500001
0.075288938381
0.101229548797
0.13259068635199997
0.169510207689
0.211943220661
0.259650164008
0.312192737345
0.368935530202
0.42905690780199984
0.4915704978090001
0.5553417372130001
0.6191315553410001
0.6816241708250002
0.7414696863850001
0.797327303525
0.847909463474
0.89202266605
0.928602718964
0.9567586192840001
0.975797815889
0.9852521836879999
0.9848851238289998
0.974716521616
0.95500542184
0.9262506493849999
0.889170849153
0.8446834000800001
0.793865974032
0.737931488762
0.6781793750170001
0.6159561158560001
0.552615256085
0.4894688673860001
0.427748093721
0.3685746898249999
0.312922080754
0.26158987763599995
0.215191569818
0.17414269949
0.138655787714
0.108747041749
0.084253924145
0.064849017985
0.05007050781300001
0.039349582389
0.032047356199999995
0.027489176304999995
0.025001563525000003
0.023947841125000004
0.023759390945000004
0.023966184749
0.024217967826
0.02430328169
0.024158349128
0.023871124001000006
0.023675503829000005
0.023940798610000005
0.025152171745999995
0.027886746938
0.03278338134799999
0.04051030068499999
0.051729927312999996
0.06706053477700001
0.087043659545
0.11210824052499999
0.142543451944
0.178471576736
0.21983143149
0.26636783976899997
0.31762584356900003
0.37295558532500006
0.431523968129
0.4923370672099999
0.5542601007289999
0.6160596557090001
0.6764265528740001
0.7340338002920002
0.7875623566759999
0.83575780546
0.8774647664899999
0.9116594829970001
0.9375041443400001
0.954352215592
0.9617869455999999
0.959626446641
0.9479370902919999
0.9270232055859999
0.8974299905600002
0.859905593149
0.815394971725
0.7649982310569998
0.709929973325
0.6514920225249999
0.5910195990500001
0.5298382453050001
0.46923109569000004
0.410391631684
0.354387301157
0.30213796897699996
0.254384591861
0.21167654153
0.17436277777
0.14259153805000002
0.116316835204
0.095315730674
0.07920717610000001
0.06748064760099999
0.059527137684999995
0.054674671844
0.052224785684000005
0.051488661123999996
0.051822107525
0.052658140706
0.053534777554000004
0.054116949139999995
0.054213075176000006
0.053784459976999995
0.052944807972999997
0.051957257981
0.051219126601
0.051242851129
0.052631074756000006
0.056044471248
0.062169628841
0.07168312739599998
0.08521416384199999
0.10330927613000002
0.126399414761
0.154772875141
0.18854908322900002
0.227661610073
0.27185007912500003
0.320654783293
0.37342424436500005
0.42932679476800006
0.487372129506
0.5464346530249999
0.605297018369
0.662674067602
0.7172636800179998
0.7677810374649999
0.813011695285
0.851844073385
0.883306470573
0.906605337829
0.9211546475210002
0.926585447825
0.9227718826119999
0.909822478825
0.8880903146689999
0.858152399348
0.8207895410650001
0.776963159365
0.7277843445490002
0.6744693148019999
0.6183026087889999
0.560598392369
0.502651874888
0.445696721785
0.39087416405199993
0.33919549742500005
0.291507478561
0.248480486224
0.210589381765
0.17810507457000002
0.15110242074000002
0.12946075349
0.11288850024999998
0.10094248752399998
0.09305551508500001
0.088571157973
0.08677941968000001
0.08695263091299998
0.088381755081
0.090413949106
0.09248036381600001
0.09412567033
0.09503081218
0.09502353995299999
0.09409161888199999
0.092378385556
0.090177477682
0.087919472912
0.08614860552399999
0.08549778218499998
0.08665672327999999
0.090337283314
0.09723758044099998
0.10800521530600002
0.12320231414499999
0.143270703172
0.16850774716899997
0.199039095329
0.23480638364499998
0.27555302024199996
0.32082615305000006
0.369984543629
0.4222067929219999
0.476518266505
0.531815236745
0.586904761053
0.640531231385
0.691429947905
0.738359708489
0.780149912008
0.815737170484
0.8442045187460001
0.86481507412
0.8770353660850001
0.8805483419850001
0.8752788489250001
0.8613853851079999
0.8392558029199999
0.8094981150159999
0.7729193696689999
0.7304913766529999
0.6833245205449999
0.6326264618
0.5796605043699999
0.52570665082
0.472011501833
0.419759556688
0.37002263393300006
0.32373982003400004
0.281679934874
0.244430850308
0.212379152737
0.18571181990600003
0.16441475783200002
0.14828928736400002
0.13696554372500003
0.1299283885
0.12655074398600002
0.12612264566800002
0.127890146317
0.13109270488400002
0.134999735504
0.13894561030600003
0.14235989608
0.144795131065
0.145945358789
0.14566174992499997
0.14395955920399997
0.141013967625
0.137153941301
0.132846656693
0.12867367159700002
0.12530322869799998
0.12346108200499999
0.12388993978400002
0.127318077121
0.13441853354500002
0.145776900866
0.16185638467700003
0.182972036393
0.20926542538100001
0.24069328989699998
0.27701666266099995
0.317799547465
0.36241656638800007
0.41006923160200004
0.459809009314
0.51056376253
0.561168429064
0.6104112268009999
0.657069268441
0.699947639065
0.7379286010330001
0.770004537284
0.7953152630800001
0.8131773012410001
0.8231103351970002
0.8248575201320001
0.8183862032649999
0.803897300825
0.781818932
0.7527806509839998
0.7176058559929999
0.6772720395859999
0.632882956786
0.5856264816100001
0.5367336832040002
0.487440398449
0.43893933914500005
0.39234582667300005
0.34865960554000003
0.30873531195700005
0.27325228910500005
0.24270522598600003
0.217386243073
0.197385616298
0.182596620433
0.17273055799400003
0.167334286113
0.16581779432200006
0.167485014541
0.171569532452
0.17727158406500002
0.183794451028
0.19038429312499996
0.19636136252500003
0.20115457424000002
0.20432292872900004
0.20557709599999996
0.20479336939400003
0.20201688910600005
0.19745729545000001
0.19148348986
0.18460341604
0.177440412069
0.170704705181
0.165161929501
0.16159424912499998
0.16076551141299997
0.16338187545799998
0.17006014606099998
0.18129161280400002
0.19741753876
0.21860515638399997
0.24483422880500003
0.275890543209
0.31136423298500004
0.35065594515400006
0.3929990502049999
0.43747728854599993
0.4830521011649999
0.5286055285690001
0.5729661129249999
0.614962695593
0.6534553784959999
0.6873768496260001
0.7157793844799999
0.737860317605
0.752995016905
0.760758078545
0.7609407668000001
0.753561022073
0.7388570604999999
0.7172861961250001
0.689498985314
0.6563276740339998
0.6187499809279999
0.5778522162169999
0.5347928004499999
0.4907656039809999
0.44695009435700006
0.4044758397160001
0.36438239911299997
0.3275837782899999
0.294842807428
0.26674084690899996
0.24367148990100002
0.22582186306899996
0.21318140488000004
0.20554361172499996
0.20252331879399996
0.203579492317
0.20804181706900002
0.21514411482499998
0.224059597546
0.23394101955199997
0.24395402825
0.25332108327700004
0.26135085486500004
0.2674692035780001
0.27124447350100006
0.27240855656500007
0.27086093016400004
0.26668125328
0.260119395509
0.251585700337
0.241634813393
0.23093432322500002
0.22024319258
0.21037256461
0.20214761928500002
0.196376261005
0.19380281472499997
0.195082276825
0.20073970676500003
0.21115013304200003
0.22651320298000002
0.24684020300899998
0.27194696965299997
0.301455370193
0.3348036684809999
0.37125913391300003
0.40994449808000005
0.44986696016199995
0.489952088105
0.5290821596319999
0.566136361504
0.6000290602609999
0.629758622777
0.654429991552
0.67330279985
0.6858063947920001
0.6915730749250001
0.6904429605450001
0.682475136578
0.6679433559140001
0.64732987268
0.621302631605
0.5906944863129999
0.556474537098
0.519705098713
0.4815120772180001
0.443037841384
0.40539963466400003
0.3696543024050001
0.336758930048
0.30753468288999997
0.28264215944500004
0.262559894693
0.24757209930399998
0.23775746394500002
0.23299627328000003
0.23297700396199997
0.23721784223400003
0.24508456221599997
0.255823799666
0.26859769601600003
0.28251857713300005
0.296688980845
0.3102415079540001
0.3223740421130001
0.33238316866599993
0.3396957289159999
0.34389220825700006
0.34472403055399997
0.342123085145
0.33620359946000006
0.32725881507999993
0.315746149882
0.30226785258500005
0.28754479434399993
0.27238599770500005
0.2576523453799999
0.24421897118599997
0.232939305625
0.22460494218500002
0.219910698653
0.21942441692999998
0.22355715195199996
0.232546502722
0.24644152039399997
0.265093263493
0.288162868093
0.31512584264500004
0.34529240268899997
0.37783033581599995
0.41179123835199993
0.44615245500999995
0.479850547604
0.51181900601
0.541034340725
0.566549933153
0.587532987805
0.6032993285929998
0.61333929521
0.6173345722099998
0.61517181973
0.6069483907239999
0.5929719627239999
0.573743686321
0.5499416638689999
0.522393976026
0.4920571001049999
0.45996133507400006
0.42718932743399995
0.394829516233
0.36392900482900004
0.33546616609999996
0.3103046409859999
0.28916902339999995
0.27261393934100003
0.261006987842
0.25451853018100007
0.253114641378
0.25656321762900003
0.26444856271999995
0.276183172789
0.29104295236899996
0.3081917403050001
0.32671622435600006
0.34567151783199995
0.364112683994
0.3811355471649999
0.3959166016
0.4077462895300001
0.416053721925
0.4204347033859999
0.420662021621
0.4167040833
0.40871425898
0.39703142020899995
0.38216322044499995
0.364765935829
0.34561367837300006
0.3255715445
0.30555208958499996
0.286486350025
0.26927517089700004
0.25476043992499997
0.24368349925799998
0.23665318983699998
0.2341258146
0.236378592405
0.24350048060499999
0.2553827358580001
0.27172805462800004
0.29205419069
0.315715877609
0.34192555904800004
0.369788483837
0.398332569973
0.426547831505
0.453428162177
0.4780058416899999
0.499396543465
0.5168240991890001
0.5296657943449999
0.537462747405
0.539947362866
0.53705026121
0.5289050833300001
0.5158451315450001
0.49838717356099993
0.4772160208850001
0.45315017283399994
0.42712201337000005
0.40013150035999995
0.373209081989
0.347380794514
0.323622428729
0.30282505379599994
0.2857580407210001
0.273040337041
0.265119345657
0.26224693041700003
0.264478126861
0.271664437465
0.283461435737
0.29934265776200003
0.31862243806600005
0.3404817953050001
0.36400352855400003
0.388205074996
0.412081187293
0.4346444290449999
0.454956211994
0.472178848968
0.48559459740800004
0.4946403839620001
0.4989281513
0.49826351137999997
0.49264650384500003
0.482276820658
0.467542674274
0.449004729896
0.42737342861699995
0.4034830429760001
0.3782547841999999
0.352657335661
0.32767732831699997
0.30426893036800007
0.28332395380000003
0.26562928340499997
0.25184400569800003
0.24246486706
0.23781309462800002
0.238018160738
0.243014566957
0.2525468389250001
0.266175773937
0.283302774121
0.3031865465
0.32498308727299996
0.3477741600039999
0.37060299752500003
0.392522587682
0.41262128522499997
0.43007398456100004
0.4441637889140001
0.4543202119450001
0.46013901856100003
0.4613977408089999
0.45806804791399997
0.4503160340500001
0.438497625424
0.42314063271300006
0.40492933750400006
0.384670246248
0.36326759618000004
0.34168191904799994
0.32089272085
0.3018576687080001
0.285474482026
0.272545985213
0.26374374193699995
0.25957968784400004
0.260388539581
0.266308394581
0.27727814729
0.293032693186
0.31311457313
0.3368940852100001
0.36358435556999996
0.39227751518799997
0.42197418118600005
0.45162851735299986
0.4801795040359999
0.5065963065320002
0.5299191989890001
0.5492903161780001
0.5639923744099999
0.5734762688680001
0.577374412628
0.575521084577
0.5679615273649999
0.554940495496
0.536897763553
0.514450328765
0.48836614806900003
0.45954033956000007
0.4289511704650001
0.397626878408
0.3666081493700001
0.336903283457
0.309454525
0.28509804876800005
0.264536678578
0.248313792445
0.23678934230900003
0.23013647317
0.22833091490500004
0.23115730640200002
0.23822131348
0.24896636226499996
0.262700525077
0.27862816896399994
0.29588054821000004
0.31355806655299995
0.33076447523999997
0.34664897669000005
0.36043895717799995
0.371474964653
0.3792375623240001
0.3833720194250001
0.3836988483380001
0.38022837742899995
0.373153511545
0.36284831623299996
0.34984962751299997
0.33483636366100006
0.31859899177600004
0.302013389434
0.28599380426900006
0.271464817
0.2593159849369999
0.25036407830799995
0.24531984452199998
0.24475643828000004
0.249080500205
0.25851222285200004
0.273079049618
0.292601492585
0.316702991824
0.34481718241
0.376209155624
0.40999804741799994
0.4451897752899999
0.48071285699399996
0.515455235333
0.5483093648499999
0.5782096823289999
0.604171101265
0.6253287459129999
0.6409716164370002
0.650561610016
0.6537613035600001
0.650441064466
0.640685932874
0.6247914497480002
0.603253349541
0.5767471489959999
0.546099936229
0.512263377665
0.47627788229300005
0.43922919229299995
0.40221224576899994
0.36628780647700004
0.33244727993
0.30157378665299994
0.27441406740099994
0.25155161478800003
0.23338917893000002
0.220135924733
0.21180748392499998
0.208227691954
0.20904190991299998
0.21373600246100002
0.22166292489999997
0.23207091892999998
0.24414199458499997
0.25702609843299995
0.269878548292
0.28190273544000005
0.292378991092
0.300698165114
0.306392034325
0.3091510066690001
0.308835366469
0.30548685795300007
0.29932676479399994
0.29074196266
0.280274639329
0.26859593258000003
0.25647921634900006
0.24476385522500005
0.23432247718099997
0.226020098149
0.220675883353
0.219027208018
0.22169404264500003
0.229149376105
0.24169496096499998
0.25944434161299995
0.28230929345
0.31000284061600003
0.34203686920000004
0.37774249662500003
0.416283337556
0.45669357486499995
0.49789583352399996
0.538752315329
0.578094505525
0.614772896933
0.6476907455690001
0.6758503131250001
0.698381437
0.714581299746
0.7239356257570001
0.726133203605
0.7210879585059999
0.708928915645
0.6900061699610001
0.664870857872
0.63425403953
0.59904771565
0.5602597435730001
0.518988635092
0.47637522571299995
0.43356921264500003
0.39167965788500003
0.35174396010099995
0.3146888473000001
0.28130129972099993
0.25220083549699995
0.227826841685
0.208422876857
0.19404038830899997
0.18453473798499997
0.17958948110499995
0.178727149717
0.181339757861
0.186718392362
0.19408866766900001
0.202647457178
0.211598339258
0.22019270077300002
0.22775906602100002
0.23373989930000003
0.23770875050100002
0.239399007593
0.238708581049
0.23570892768200005
0.230640812173
0.22390683453799998
0.21604926763300003
0.207731647765
0.19970429674499998
0.19277458247200002
0.187769114312
0.18549337709799998
0.18669963993699998
0.19204437506
0.20205876493799996
0.21712149307300002
0.237431218676
0.262996021109
0.293624155466
0.3289187853220001
0.3682905471249999
0.410973474056
0.45604026225
0.5024401327399999
0.5490271024580001
0.5946007832499999
0.6379473726099999
0.6778773575330002
0.7132754374249999
0.743132872501
0.766585753497
0.7829428632250001
0.791716428845
0.7926326364340001
0.7856435718729999
0.7709319379239999
0.748900229657
0.7201552247090001
0.685488630125
0.645848571365
0.60230392021
0.556004475857
0.5081479531329999
0.4599284130500001
0.412503666053
0.36695032119399995
0.324232593849
0.285172504461
0.250420557392
0.22044634184
0.19552201280999998
0.17572460345600002
0.16094146874
0.15088343089300002
0.14510582925799997
0.143033362778
0.143994454682
0.1472521258
0.152045066405
0.157620314977
0.16327206306500003
0.168375303353
0.172414537825
0.17500574473699998
0.175919394361
0.17508787344500001
0.1726088465
0.16874349536899996
0.163903996386
0.158633837746
0.15358525294500003
0.149487875338
0.14711576284800001
0.14724944732499998
0.15064045783399999
0.157971430746
0.169823840913
0.18664499285800001
0.208719594661
0.236153361665
0.268855330816
0.306530195204
0.3486859828250001
0.39463935853
0.443530622068
0.494353005968
0.5459813420259999
0.597207306625
0.6467788778689999
0.6934409661800001
0.73598041361
0.773264958833
0.804284518544
0.8281862451249999
0.8442984965570001
0.8521651466529999
0.8515512705049999
0.8424548898119999
0.825109545076
0.7999706410559998
0.767705067344
0.7291599767460001
0.685338936808
0.6373675552009999
0.5864475841640001
0.533821739386
0.480727484378
0.42836336914600004
0.37783961763299995
0.33015188912499993
0.28614690618399996
0.246501346417
0.21170425036999999
0.18204995270599997
0.157635924625
0.138369364445
0.123983193809
0.11405680430500001
0.10804276072999998
0.10529734902499997
0.10511693696500002
0.10677496250000003
0.109555365533
0.112792075042
0.11589837184400001
0.11839799725000003
0.119946324034
0.12034660328
0.11956196983700002
0.117715054162
0.11508430060100003
0.11209082166399999
0.10927817969000002
0.10728934924900001
0.106832136164
0.10864909549799999
0.11347835490899999
0.12201793014100001
0.13488788138600002
0.15259817756799998
0.175516685581
0.20384424785000002
0.23759666694899997
0.27659140999700005
0.32044334589800005
0.3685697539879999
0.420201444466
0.47439983194
0.5300862344170001
0.586073121156
0.6410955736930001
0.693862471913
0.7430863425609999
0.7875399069130001
0.8260821850570002
0.8577093500899999
0.8815848969999998
0.8970644240890001
0.903728269197
0.9013824404290001
0.8900731613249998
0.8700874954600002
0.8419353551010001
0.806338890484
0.7642008782740002
0.716578604213
0.6646460738289999
0.6096497892609999
0.5528757064569999
0.4955991894020001
0.4390469743540001
0.384356899856
0.33254522980199996
0.28447908535399996
0.24084698971600002
0.20215250645
0.16869990744999996
0.140597766802
0.11776584966100001
0.09995009981300002
0.08674586771300001
0.07762292246899999
0.071960473988
0.06908016166900001
0.068282253657
0.068883333408
0.070249948786
0.07182997461700001
0.07318176658600001
0.073994034001
0.07410248208199999
0.073496546114
0.07232248057000001
0.070874877793
0.069583917448
0.06899399324500001
0.06973745357
0.072505065397
0.078009607514
0.08695043484500001
0.09997694969799999
0.117653228145
0.140421937025
0.16858086675300002
0.20225221759700002
0.241372837994
0.28567837447199995
0.334702164384
0.38778183822499995
0.444073512898
0.502571122821
0.5621334397640001
0.621519830621
0.6794262932360001
0.7345247733650001
0.785515655681
0.831155622298
0.8703124832979998
0.901991327197
0.925380328581
0.9398715479209999
0.9450774190889999
0.9408532769059998
0.927299230778
0.904747392434
0.873768921741
0.8351353878499999
0.789800533325
0.7388734874649999
0.683567880749
0.6251737254819999
0.5650096870100001
0.504376500829
0.44452510660000005
0.386609090634
0.331658661524
0.280544591722
0.23396194576399998
0.19241612836100003
0.156210985682
0.125457544705
0.100075842313
0.07981619198899999
0.06427890974800002
0.05294524672
0.045207683737
0.040404451444999996
0.03785761129299999
0.036907867204
0.036949852706
0.037460306825000005
0.038028235570000006
0.038372763169
0.03835767013
0.037998465026
0.037463341149000004
0.03706244761700001
0.037235242085
0.038527702064999995
0.041566406884000005
0.047025865402
0.05559393046499999
0.067936958442
0.08466183992500001
0.10627995528999998
0.13318020964000002
0.16559362289000001
0.20357755614800002
0.24699693747399998
0.2955164494160001
0.348598535437
0.40551532068100005
0.465359193685
0.527066830216
0.58944568709
0.6512176526260001
0.7110465661130001
0.767586524849
0.819524205236
0.865619306125
0.904748786001
0.935942667434
0.95841751981
0.971599322728
0.975151080146
0.968969989261
0.953205607874
0.928251874468
0.894721607194
0.853442063604
0.8054134459010001
0.7517869609449999
0.6938137131879999
0.632816757162
0.5701345406089999
0.5070910826339999
0.44494634975400005