1.
0.995011643332
0.9801816344050001
0.955918094489
0.9228776273050001
0.881950002946
0.8342219701220002
0.780943441969
0.7234765878080001
0.6632518561849999
0.6017236969130001
0.5403116607459999
0.48036143401600007
0.42309712255700005
0.369587162493
0.32071100449599993
0.27713974666599994
0.23932000765300004
0.20746965023299996
0.18158323861
0.16144683975399998
0.146656494253
0.136648950794
0.130737026026
0.12814487533
0.128050031504
0.12962762604500003
0.13208515990899997
0.13470439336099999
0.136869220098
0.13809968412999998
0.13806173422399998
0.136588316693
0.133677533785
0.129490208626
0.124335661588
0.11865458302100003
0.11298992609599999
0.10795865133699999
0.10421339304999999
0.102408828265
0.10316295128900002
0.10702074138499998
0.11442487908099999
0.125684004368
0.140954477221
0.16022418808500002
0.18330416372199998
0.209833389169
0.23928515124999997
0.270985497064
0.304138699325
0.337855062032
0.37119135808399994
0.40318737944199995
0.4329025301250001
0.459465248245
0.48210484722099994
0.500187066017
0.513250177585
0.521021352025
0.5234365923400001
0.520646280237
0.5130151439299999
0.5011107822099999
0.48568588405300006
0.467649081314
0.448030155473
0.427945603765
0.40855025881000007
0.3909879782799999
0.376356197204
0.365646099325
0.35971501166899994
0.35923669987599993
0.3646823510800001
0.376287366069
0.394048009477
0.41770917966499993
0.446774277428
0.4805156577289999
0.5180066307810001
0.558142662356
0.5996884328410002
0.6413191872399999
0.6816650715009999
0.719367505013
0.753121978289
0.781727437573
0.8041276433529999
0.8194549689249998
0.8270509062370001
0.8264946918609999
0.817615896725
0.8004960731170001
0.775459625873
0.7430709664450001
0.7040950862500001
0.6594789226929999
0.6103067043050001
0.557763301538
0.5030879334730002
0.44752369361800004
0.392286635858
0.338509362473
0.28721319864500006
0.23927294645199998
0.19539227256199998
0.156088829905
0.12168636110899998
0.09231315845000002
0.067914146484
0.04826273185
0.03299012793
0.021610689469
0.013557510594
0.008218023145000001
0.004971604345
0.0032263291450000007
0.0024526069000000003
0.002213770442
0.0021902403700000002
0.002197925
0.0021987284530000004
0.002303561332
0.002766722561
0.00397322026
0.0064181187849999995
0.010680333325
0.01739057608
0.027196110625000006
0.04072281720200001
0.058537746061000005
0.081113488996
0.10879370083699999
0.141762802285
0.18002844676099997
0.223401944077
0.271491311965
0.3237046375139999
0.37926049330000006
0.43720188504500007
0.49643090457999994
0.55573426393
0.61382749858
0.6693952205140001
0.7211371943450001
0.7678203880209999
0.808312982282
0.841638940468
0.86700613666
0.8838405105439999
0.8918066987569999
0.8908298599369998
0.8810945133250001
0.863036049265
0.8373367630659999
0.804899088145
0.766808533341
0.724301906666
0.678722651909
0.6314701235050001
0.583950906405
0.53753393236
0.4934967200899999
0.45298426850100004
0.41696840643299987
0.386220512105
0.36128463829
0.342463892957
0.32981426388800006
0.323153761552
0.32206964925199993
0.32594806203700005
0.33399714519699997
0.34529161978
0.35880688368400004
0.373467398312
0.388191452877
0.4019359089530001
0.41373799989800003
0.42275528834899995
0.428295216469
0.4298436848290001
0.42707902433300005
0.4198844580020001
0.40834265690499993
0.3927346719409999
0.37351639232499995
0.35129767363299996
0.326810157346
0.30087186730900006
0.274353467994
0.248134226132
0.22305986053000001
0.199913349114
0.17937407484100001
0.161994116045
0.148173027221
0.13814453770899998
0.13197072258
0.129541178474
0.13058475697
0.134686296621
0.14130865216
0.149825158884
0.15955151468799997
0.169782240004
0.179830290289
0.189060830864
0.19693055091699996
0.20301207061
0.20702479249999997
0.20884916109799997
0.20853772686900002
0.206322110506
0.202600759348
0.19792963744900005
0.19299866737299998
0.18860000501000002
0.18560141865
0.184896545936
0.187372827017
0.193864842
0.20511138045700003
0.221718515965
0.24412557858099998
0.272574728744
0.30709058381
0.347468755792
0.39326952418000005
0.443824673585
0.49825172136100004
0.55547882585
0.6142736284010002
0.673285440196
0.7310829954689999
0.7862109619809999
0.8372308913059999
0.882777627461
0.92160012724
0.9526113457330001
0.9749223549530001
0.9878760678019999
0.991073108084
0.9843752046650002
0.9679213444489998
0.942117985744
0.907618365877
0.8653069670439999
0.816260781236
0.761716995577
0.7030248820130001
0.6415936079619999
0.5788568905250001
0.516213555152
0.4549828742119999
0.3963681042499999
0.34141632904099994
0.29098849105300006
0.24574234344399995
0.206115730564
0.172324114157
0.144370459265
0.122054171125
0.10499561090499998
0.09266572425700001
0.08441864100500002
0.07953019769
0.077237432068
0.076780261145
0.077436664097
0.07856214998599999
0.07961618440899998
0.080190735821
0.08002451808799999
0.07901370512499999
0.07721317622500001
0.0748299877
0.072208979813
0.069809957152
0.06818395880499999
0.06793627633999999
0.069694015637
0.074069705012
0.081622167489
0.09282547474000001
0.10803420467299997
0.12746072634500002
0.15115216169800003
0.17898352600400003
0.21064505705300002
0.24565552570400004
0.28336568711300003
0.32298609761800007
0.363607182545
0.4042383040889999
0.443842544996
0.4813753158250001
0.515829588877
0.54627969028