1.
0.9950129234559999
0.980190739201
0.955932509594
0.9228906249250001
0.881929098674
0.8340957971299999
0.780574175645
0.72263399842
0.6615874457
0.5987463310579999
0.5353787849450001
0.47267652969999996
0.4117286813320001
0.3534916982579999
0.29878416452900003
0.24826570888099997
0.202436262692
0.16163204775399997
0.126026508836
0.09563788327999999
0.07033632413799999
0.049855865858000004
0.03381384451700001
0.021729608834
0.013049923220000002
0.007177951777
0.003504288401
0.00144035744
0.00045107693
0.00008566280499999999
4.627170000000001e-6
1.62e-10
8.218249e-6
0.00011401543400000001
0.0005452504250000001
0.0016587700449999996
0.0039192285960000005
0.007871271245000002
0.014108713121000002
0.023241093619999993
0.035860726177
0.05251193197
0.07366331106900001
0.09968202302500001
0.13081431564499998
0.16717106020500003
0.208710617652
0.25523832361599996
0.30639239546399993
0.36165124377999996
0.42032934962499996
0.48159202056200007
0.5444584979600001
0.607825552456
0.6704888363450001
0.7311714801919998
0.788556869224
0.8413397234210002
0.888256086868
0.9281406503199999
0.959971086325
0.98291046789
0.996340111909
0.9998976757460001
0.9934836019879999
0.977275508225
0.9517116983410001
0.917474356585
0.8754589058450001
0.826735366181
0.77249973058
0.714032580868
0.6526494619779999
0.5896547906849999
0.5263120794409999
0.4637985153219999
0.4031825238249999
0.34540726607999994
0.29126286332999995
0.241390605725
0.19626575137699998
0.156200293717
0.12134601577799997
0.091699013992
0.06710798986399999
0.04729094522
0.031848726733
0.020288283077
0.012048908261000002
0.006529710484999999
0.0031224440960000003
0.0012439557969999998
0.000369519785
0.00006293045299999999
2.3658930000000005e-6
1.3504999999999999e-8
0.000013580365
0.000148859236
0.0006532779170000001
0.0019006875940000003
0.004368945521
0.008611830361999999
0.01522715317
0.024824542408000003
0.037990728596
0.055261532989
0.077091117361
0.10383192338
0.13571064415399997
0.172816938148
0.215088434705
0.2623055680809999
0.314084936657
0.36988008455699994
0.42898537196500003
0.490540646437
0.5535497227780001
0.616891936061
0.6793494773129999
0.7396392076449999
0.796446096389
0.848461387986
0.89443711737
0.933225833025
0.9638277514639999
0.985433317609
0.9974617767199999
0.999588071113
0.99175248538
0.9741689652500001
0.947313055053
0.9119003572450002
0.868851933841
0.819260850065
0.7643388746339999
0.705370627341
0.6436772261439999
0.580557105748
0.5172630032050001
0.454958324785
0.39469692900500003
0.33739675022500004
0.283830795833
0.234613597985
0.190199197604
0.1508765681
0.11677317048900002
0.08786397365800003
0.06397876394000002
0.044816440069
0.029963434912000004
0.018915556899999998
0.011103936856999999
0.005925050388999999
0.0027719457800000004
0.0010680796569999998
0.00029954425700000006
0.000045053537
1.0550899999999998e-6
1.0352500000000001e-7
0.000021203737
0.00019110942500000003
0.0007764686810000001
0.002167605058
0.004855092643999998
0.009401101085000002
0.016407098105000007
0.026481578125
0.040205299165
0.058104436275999996
0.080620183826
0.10808740767399999
0.14071404161599999
0.17856968818000002
0.221567852161
0.269467142625
0.32186016555299996
0.378177992506
0.437690443024
0.4995188999090001
0.562647346669
0.6259394066499999
0.688166477869
0.748038151426
0.8042359492039999
0.8554594493839999
0.900471664513
0.9381415767490001
0.9674971401489999
0.98775884852
0.9983799996579998
0.999074373709
0.9898201432530002
0.970870983178
0.942737750217
0.9061667205930001
0.862110665357
0.81167680738
0.756093035941
0.696653559589
0.6346747950050001
0.5714555207400001
0.508234658585
0.4461612379540001
0.38627135936999996
0.32946277058500006
0.27648762246499997
0.22793622119999998
0.184237825837
0.14566028689000002
0.112307591141
0.08413310594000001
0.06094722721
0.042430956629000004
0.028156713785000002
0.017609357873000005
0.010213265608
0.005362015621
0.0024512506579999994
0.0009112969449999999
0.00023990990500000003
0.00003127313800000001
3.82661e-7
3.9734499999999996e-7
0.000031657348
0.00024167518600000005
0.000916023844
0.002461116368
0.005379425105
0.010240963813
0.01765031101
0.028213751248999993
0.04250649100099999
0.06104289337
0.08425188903400001
0.11244919059999998
0.14582610265
0.184428489362
0.228149355845
0.27672209165
0.32971719248
0.38654125412499996
0.446443936569
0.508524302152
0.571748814481
0.634965955297
0.6969356583250002
0.7563597024529999
0.81192217973
0.86232879412
0.906353039905
0.942886204853
0.9709798528329999
0.9898850908179999
0.999094107161
0.9983550129940001
0.9876875881999998
0.9673826617690001
0.93798701489
0.900280104937
0.8552357530130001
0.8039866537370001
0.74776837952
0.687883130469
0.6256486475919999
0.562355016913
0.49922989337
0.43740980933
0.37790935421
0.32160948195700007
0.26923523303299995
0.22135826701
0.17838303556900004
0.140551764977
0.10794906685700001
0.08050509329
0.058011587981
0.040132922764999995
0.026427008772000004
0.016368375459999997
0.009374836045000001
0.0048388669810000015
0.00215858564
0.0007722505969999999
0.00018962502099999996
0.000020916844999999996
9.800500000000001e-8
1.0864179999999997e-6
0.000045557856999999995
0.00030161448500000003
0.0010734427880000003
0.0027827736249999998
0.005943852722
0.011133494474
0.018958523365000004
0.030022864840000003
0.044894746145000004
0.06407813913299999
0.087985826002
0.11691851862500001