1.
0.9950099929289999
0.9801663575210001
0.9558366578080001
0.9226213894580001
0.881334523585
0.8329730772200001
0.7786853515719999
0.7197333960610001
0.6574466347450001
0.593189010896
0.528306834373
0.46409059085000004
0.4017387607249999
0.34231818348900006
0.28673951495300004
0.235737915002
0.18985194867600003
0.14942396632500002
0.11459494133199997
0.08532008309799999
0.061379554106
0.042402749856999995
0.027897724932999995
0.017280853456
0.009913881780999998
0.005137839841000001
0.0023104756819999996
0.0008393288179999998
0.00021256891300000004
0.000025392628000000005
1.9616500000000004e-7
7.03429e-7
0.000038707443999999995
0.00027348560200000005
0.001003899109
0.0026531929850000004
0.005747831089999999
0.010890203472000003
0.018727865410000002
0.029918249653000002
0.04509418034499999
0.06482642323999999
0.08959057641
0.119734099972
0.15545015086899996
0.19675697424500002
0.243479954353
0.295247229328
0.3514874907850001
0.4114375561960001
0.4741599442759999
0.53856350533
0.60343444325
0.6674699383700001
0.729319810565
0.787622482706
0.8410540469050001
0.8883673374850001
0.9284397682720001
0.9602960217650001
0.983158559953
0.9964635748999999
0.9998744706530001
0.9933117638650001
0.97693501309
0.951152801
0.916600756277
0.874125203269
0.8247461624450001
0.7696334832289999
0.7100616058650001
0.6473727694849999
0.582928847176
0.518067107597
0.4540697992419999
0.39211345397799996
0.333244641385
0.27834731708900007
0.228123718997
0.183084167988
0.14353758043600004
0.10959597009999997
0.08118383321799999
0.058056881345
0.03982331982500001
0.025974339865000005
0.015915343329
0.009002349938000002
0.004576581763999999
0.0020016308930000002
0.0006956708889999999
0.00016240697800000003
0.00001583812
2.9705000000000007e-8
1.8458959999999997e-6
0.000056656121000000005
0.000346557394
0.001191230696
0.00303193576
0.006408911167999999
0.011934084125
0.020258741076999997
0.032039017706
0.04789991724999999
0.068399798725
0.09399557704999999
0.12501285514000002
0.16161716049699998
0.203797348893
0.2513490965049999
0.3038669646850001
0.36075036711399994
0.4212054139520001
0.484269242977
0.548830482768
0.613657916845
0.6774399165799999
0.7388165564370001
0.7964358421129999
0.8489798199129999
0.895219345864
0.934050511498
0.964531428706
0.9859133691849999
0.9976662404839998
0.9994997166799998
0.9913641707169999
0.973467572697
0.9462503309529998
0.9103824423810002
0.8667418377009999
0.8163745202450001
0.760468570756
0.7003136321320002
0.6372556719700001
0.5726574879939998
0.507849928912
0.444100826885
0.38256712010900007
0.32427239560900006
0.270072166505
0.22064008004199998
0.176454372797
0.13779248677199998
0.10473536602
0.077180342042
0.054856915625
0.037353948841
0.024146120297000005
0.014628751476999997
0.00815305705
0.004061581850000001
0.0017242844679999998
0.000571172292
0.00012165559200000002
9.279625000000002e-6
7.250000000000002e-10
4.015589000000001e-6
0.000080225273
0.000433265477
0.0014033585689999998
0.003448966841
0.007123801939999999
0.013048131469
0.021876393181
0.03426224642
0.050822333537
0.07210143873000002
0.098537265242
0.130431715145
0.167924388026
0.21097352086899998
0.25934314324
0.31259660809
0.37010190759999995
0.43103912373700004
0.4944185064400001
0.5591055398900001
0.6238575057490001
0.6873487517409999
0.7482212282530001
0.8051228138500001
0.8567469465650002
0.901884639841
0.939452724116
0.9685371583250001
0.9884256676449998
0.9986206833639999
0.9988733447050001
0.989175183016
0.969765692941
0.9411298137759998
0.90396936089
0.859189508281
0.8078633046250002
0.7511975458580001
0.6904919102650001
0.6271011712100001
0.5623816887290002
0.49765870637299997
0.4341864894850001
0.37310181432099987
0.3154016392
0.261916262021
0.213288801881
0.16996347565600003
0.13218831570499998
0.10001323648000002
0.073308086125
0.05177820933200001
0.034992283805
0.022410353005
0.013418388424999999
0.007363318868999999
0.003590411656
0.001476515962
0.000464060133
0.00008908485700000002
5.000125e-6
4.9999999999999995e-11
7.693984999999998e-6
0.000110453249
0.000535203649
0.001642257986
0.003906814194
0.007894954989000003
0.014234757741
0.023582999845
0.03658982997699999
0.053862745123999994
0.07593230036800001
0.103215273444
0.135991199233
0.17437093241300003
0.21828287874099997
0.267459338484
0.3214335575049999
0.379541667537
0.440934222901
0.5045990931400001
0.5693821727380001
0.6340242927729999
0.6971922698120001
0.7575248011279998
0.813676045306
0.864353154418
0.9083588834000001
0.944641594714
0.972312316004
0.9906940911400002
0.999326167738
0.99799852337
0.9867394544570001
0.965832289265
0.9357947072810001
0.897362861345
0.8514721795329999
0.79921825076
0.741824405282
0.6806036298170001
0.61691146218
0.552104876597
0.48750046423199994
0.42433309908199995
0.363720900925
0.3066372439649999
0.25388373680799997
0.20606981714500003
0.16361189234
0.12672419777799998
0.09542827925000001
0.069565517957
0.04881862837
0.032736185056999996
0.020764705393000005
0.012281335177
0.006630781621000001
0.0031606149249999993
0.0012560947599999997
0.00037264681599999996
0.000063513586
2.405261e-6
1.2697000000000001e-8
0.000013461424999999998
0.00014845444999999998
0.0006539779610000001
0.0019098583329999997
0.004407546201999999
0.008725027265
0.015496858728000001
0.025381435613
0.039024524304999995
0.05702370453800001
0.07989382573600001
0.10803197916900001
0.14169160590500002
0.180956843689
0.22572458356500003
0.275696897945
0.330374115266
0.38906337475299996
0.450886983688
0.5148085140249999
0.5796558366729999
0.6441535078249999
0.706963292633
0.766724367649
0.8220919650529999
0.8717893081610001
0.914642083322
0.9496138184650001
0.9758552395300001
0.9927175138900002
0.9997829612739999
0.996874070405
0.984064299716
0.961671748673
0.930250114205
0.8905713945289999
0.8435972392250002
0.7904443426919999
0.732356769677
0.6706531282639999
0.606695486528
0.5418342426400001
0.47737672912400003
0.4145431781
0.3544296000319999
0.29798270443600006
0.24597487840900004
0.19898568883999998
0.15740043811700002
0.12140093810499998
0.09097981051399999
0.06595183117700001
0.04597597916500001
0.030583395065
0.019206423853
0.011215496669000001
0.005952850768
0.002769842917
0.0010610465209999998
0.00029538733300000006
0.000043880666
9.81049e-7
1.1789e-7
0.000021976625000000004
0.00019547706400000001
0.0007913704849999999
0.0022084884449999997
0.004953753912999999
0.00961639146
0.016837072570000004
0.027274226545000002
0.041568646705
0.060307204132
0.08398725566899999
0.11298701593700002
0.147532323329
0.187680085778
0.233297304722
0.28405253316100004
0.339415762573
0.398663004357
0.460892631209
0.5250420121700001
0.5899203472660002
0.6542412868160001
0.71665961005
0.775812744221
0.8303683422339999
0.879055735378
0.9207243071300002
0.9543684459409999
0.979163072424
0.994496339044
0.9999873662079999
0.9954996027530001
0.9811466990529999
0.957281141122
0.924497311905
0.8835955394810001
0.835565751317
0.7815474391239999
0.722797627725
0.6606466185609999
0.596456171945
0.531573860725
0.46729513467399997
0.4048214912999999
0.345229218925
0.2894392426600001
0.238191423506
0.19203796376499999
0.15132882685599996
0.11621779574399999
0.08666636828200001
0.06246445318899999
0.043248041216000004
0.028530782069000005
0.017733078541
0.010217902945000001
0.005326837154
0.0024159465450000004
0.0008894176850000002
0.00023073876800000005
0.000029178444999999998
3.0783400000000003e-7
4.88618e-7
0.000033993956
0.000252839133
0.0009490650259999999
0.002540194505
0.005548038065
0.010571931877000002
0.0182577533
0.029263531225000004
0.044224267644999996
0.06371427821299999
0.088215016441
0.11808135042500001
0.153514459762
0.19454189728999996
0.24099838022799996
0.29252374527999997
0.34855495805000003
0.4083386892490001
0.47094572825
0.5352929771239999
0.600170551901
0.664282257274
0.7262736288680001
0.784787035253
0.8384942873410001
0.8861452317290002
0.926608060585
0.9588992036649998
0.9822322768419999
0.9960261612260001
0.999941086528
0.9938786955650001
0.977990243849
0.952670171609
0.9185426649159999
0.8764414099730001
0.8273833596129999
0.7725301160000001
0.7131526909689998
0.650589414017
0.5861995069010001
0.5213280971600001
0.457258934753
0.39517274381
0.33612603101200006
0.28100949482
0.23053586107399995
0.18522665154500004
0.14539843100900002
0.11117404780100003
0.08248770826400001
0.059102122985
0.040633200145
0.026576724029000003
0.016341982380999997
0.009285910633
0.004750273609
0.002096479012
0.0007392912289999998
0.00017731184499999997
0.000018522325
5.991199999999999e-8
1.3916800000000002e-6
0.000050380713999999995
0.000321873133
0.001128953501
0.002907212265
0.006192630820000001
0.011593942065
0.019761654729999998
0.031352187541000005
0.04699318885300001
0.06724731009599999
0.09257696064999997
0.123314807369
0.15963652457299998
0.20153880097000001
0.24882755744799998
0.301108291658
0.35778848520499995
0.4180844218610001
0.48104378947300014
0.545558377876
0.61040216218
0.6742685347690001
0.7357998833010001
0.793640115556
0.846470735876
0.8930552031400001
0.9322839678249998
0.963205477316
0.9850609735699999
0.9973100377999999
0.9996450626570001
0.9920121298819999
0.974597109125
0.9478359829000002
0.9123857310170002
0.8691131001610001
0.8190573955809999
0.763402233401
0.7034296935410002
0.640485508169
0.575931485128
0.5111042825650001
0.4472722207440001
0.385600230865
0.3271198545700001
0.272696556445
0.22301117449299998
0.178552427605
0.139608002717
0.106269458165
0.078441727541
0.055863735443999994
0.03812921797
0.024718655425
0.015030562400999996
0.008417028168
0.0042208119079999995
0.0018093454759999998
0.000608895389
0.00013369825999999998
0.000011090417
3.637e-9
3.187178e-6
0.000072034768
0.0004040800659999999
0.0013329784899999996
0.003311799889
0.006890095682
0.012685409386
0.021351060805
0.033542509778
0.049878348305
0.07090751781000001
0.097075194197
0.12868928785300002
0.16589904023200003
0.20867177825
0.25678235552499995
0.30980334215300004
0.36711187543699997
0.4278985170050001
0.49117979463999994
0.555831261994
0.62061086565
0.6841963040200001
0.7452348191649999
0.8023684126089999
0.85428858745
0.8997813257130001
0.9377540189889999
0.9672846128929999
0.9876505864970001
0.9983439103039999
0.9991004478119999
0.9898993986819999
0.970970164128
0.9427847142439999
0.9060336576319998
0.861613574177
0.810590400986
0.7541633990530001
0.693629868425
0.6303409872249999
0.565655769034
0.5009044365890001
0.4373394272900001
0.37610849700500004
0.318217323476
0.26450254024000003
0.21561759988200002
0.17201687846600003
0.13395917162
0.101503320529
0.07452784848200002
0.052746775111999995
0.035733723700999996
0.022953597908
0.013795898704999998
0.0076087378370000005
0.003735941540000001
0.001552398761
0.0004963807129999999
0.00009865096000000001
6.1550209999999995e-6
0.
6.3259299999999986e-6
0.00010001590100000003
0.0005009747359999998
0.0015630356249999998
0.0037563101
0.007643029117000001
0.013848710261
0.023029118995999995
0.035836618441
0.052880763753
0.074697022658
0.101709609889
0.13420384212500003
0.17230112947399998
0.215938597781
0.264860261632
0.31860611551400003
0.376524087658
0.43777455463299997
0.5013512725
0.56610819173
0.6307873600729998
0.6940621368679999
0.754571113768
0.8109641537
0.861946735693
0.9063170272980002
0.9430114324690001
0.971134164545
0.98999648698
0.999129973105
0.9983038429959998
0.9875415023410001
0.967111855425
0.937517935437
0.8994882012850001
0.8539482534649999
0.8019870625569999
0.7448229879400001
0.683763287584
0.6201616831700001
0.555380424125
0.490734557873
0.427466622824
0.36670163214099993
0.309419593861
0.256430688552
0.208356369161
0.16562150176999998
0.12845021148899996
0.09687476474000001
0.07074423453700002
0.049749124685
0.033443917065
0.021279468653000004
0.012635911129
0.0068583199779999994
0.003293262869
0.0013234369
0.0004001788179999999
0.00007096987300000001
3.0838969999999995e-6
4.3209999999999995e-9
0.000011358848000000002
0.000135417193
0.00061423097
0.0018213263239999999
0.004243165777
0.008454005200000001
0.015086455951999998
0.024798131089999998
0.038236785457
0.056003425881999996
0.078616828121
0.10648222124199998
0.139859700313
0.17884303629799997
0.22333879892800002
0.273058811496
0.3275134861370001
0.3860200277460001
0.4477094208359999
0.5115529513460001
0.5763822983080001
0.640929881498
0.703857376489
0.76380462385
0.8194256318600001
0.8694375699490001
0.9126607119729998
0.9480528710899999
0.97475241285
0.9920986343060001
0.999664455805
0.9972589922089999
0.984942778653
0.9630216253849999
0.9320389670210001
0.8927560092049999
0.846123887585
0.7932537564409999
0.7353836919610001
0.6738312444250001
0.60995357188
0.545106373796
0.48059952224800007
0.41765527958500004
0.35738049636999997
0.30072916416499995
0.248481562225
0.20122859532100004
0.15936474388500002
0.12308222047299998
0.09238269592400002
0.067089569282
0.0468693985
0.031258218577
0.019693696437
0.011547724476999999
0.006163143725000001
0.002890297265
0.0011205501210000003
0.00031857248899999993
0.00004954973
1.3356649999999999e-6
6.552499999999999e-8
0.000018914596999999995
0.00017944420499999998
0.0007454317519999998
0.0021098322819999996
0.004774651919999999
0.009325508308
0.016401224689000002
0.026660616970000005
0.040745997485
0.059247369604999996
0.08266851364000001
0.111392808749
0.14565597028000002
0.18552232410500002
0.23086995940999996
0.281376607525
0.3365231798800001
0.39559526912
0.45769758754600004
0.521777936978
0.5866502650729999
0.651031614818
0.7135786395859999
0.7729291981440001
0.827746599985
0.876759730345
0.918808167845
0.9528771560500001
0.97813267394
0.9939559323730002
0.9999493252849999
0.9959642048809999
0.982100891012
0.958705915941
0.926353214066
0.885837437937
0.8381417193219999
0.784395658121
0.725852951513
0.663841174905
0.5997218001160001
0.5348422049449999
0.47050294715300006
0.407911979141
0.3481519424449999
0.29214906945999997
0.24065832032800002
0.19423770022400003
0.153249044717
0.11785459303999997
0.08802657218
0.06356213608900001
0.044105058442
0.029174146394000004
0.018193594256999998
0.010528548209000002
0.005520823250000001
0.002524877648
0.0009416701620000001
0.00025007917300000007
0.00003338333799999999
4.6250499999999995e-7
3.2693e-7
0.000029735049999999996
0.00023335774899999997
0.000896474186
0.0024307069450000005
0.005353248541
0.010260161040999999
0.017795928609999997
0.028618753725000005
0.04336555211300001
0.06261464936200001
0.08685333409999998
0.11644244752499998
0.15159301693
0.19233955304500003
0.23853055470800003
0.28981145136500003
0.345631326914
0.40524652618900003
0.4677363812199999
0.5320247481379998
0.596906298049
0.6610880026639999
0.7232189528210001
0.7819398434900001
0.8359204312400002
0.8839051633209999
0.924755487241
0.9574793361370001
0.9812793839049999
0.995565804841
0.9999839639690001
0.9944219502720001
0.9790225075700002
0.95416445969
0.920460952265
0.878740695466
0.8300070145940001
0.7754159073700001
0.7162358907060001
0.6538002634399999
0.5894696004050001
0.52459225745
0.46045152178099996
0.39824058464800005
0.33901681890100005
0.2836831620609999
0.23296202840500002
0.18738202563999995
0.14727295818100003
0.11276661477700001
0.08380502850100001
0.060160286581000005
0.04145478626000001
0.027189143839999996
0.016776608501000004
0.009575929124
0.004928785749000001
0.002194658244
0.000784887025
0.00019320502400000002
0.000021531953000000005
1.0891699999999998e-7
1.025137e-6
0.000044631250000000004
0.00029850640999999997
0.001069066016
0.002786187505
0.005981513896
0.0112609285
0.019273216743999993
0.03067561744
0.046098507682
0.066107655829
0.09117218107599998
0.12163171056500001
0.157670032712
0.19929388117
0.24631861589000004
0.298359848617
0.35483556906099994
0.414971303713
0.47782148652499995
0.5422847120090001
0.607144551725
0.6710917325650001
0.732774145049
0.790832144237
0.843945127925
0.89087383489
0.93049738997
0.961858972105
0.9841856341610001
0.9969270887679998
0.9997684584769999
0.992633342909
0.9757048901130002
0.9493997427290001
0.914368700954
0.8714664162729999
0.821725859425
0.766322625977
0.706535903565
0.6437098253380001
0.579205036253
0.514359265753
0.45044896161599995
0.3886431984500001
0.32997986289
0.27533312390500003
0.22539498750900003
0.180664202129
0.141438364808
0.10781733124000001
0.07971670114
0.05688247316
0.038915266909000004
0.02530037105
0.015439893005000002
0.008687340685
0.004384649938000001
0.0018974848520000001
0.0006484246759999999
0.00014661549800000002
0.000013156804
1.1125000000000002e-8
2.491525e-6
0.00006449825
0.0003763492210000001
0.001265189441
0.0031785959540000003
0.006661822466
0.012329840136999998
0.020835101978000006
0.032833110172999995
0.048946146685000004
0.069727532372
0.095626366789
0.12696134394500003
0.163887810266
0.20638392132499997
0.25423311892100003
0.30702019549700005
0.364131007172
0.42476400390099994
0.487945529514
0.5525562275049999
0.617360453362
0.6810395910100001
0.742238332064
0.799600246409
0.851814900644
0.8976578495039998
0.9360339148809999
0.9660100481000001
0.9868522629250001
0.9980410980529999
0.9993016227649999
0.990598685317
0.9721519727559998
0.944417089081
0.9080783271289999
0.8640207594049999
0.8133039357209999
0.75711949969
0.69676074709
0.6335780892409999
0.568932321469
0.5041514515539999
0.440497960785
0.37912559286499997
0.3210435568099999
0.26710110595400005
0.21795925631300003
0.174085359496
0.13574409832
0.103007453861
0.07576089195700002
0.05372703355300001
0.036485482445
0.023506278685
0.014181074881
0.007859942388999999
0.003885784313
0.0016311436660000002
0.0005304080169999999
0.00010895872500000001
7.497841e-6
3.4000000000000005e-11
5.149639999999999e-6
0.00009036416500000001
0.00046839354499999994
0.001486809425
0.003610126642
0.007396795236999999
0.013469805178
0.022484690896999993
0.03509402784200001
0.05191095949
0.07347528994500002
0.10021792957199999
0.132431277653
0.17024534738000002
0.21360852879400002
0.26227237271299997
0.315788785184
0.37351505353000003
0.43462042097299997
0.49810659345799996
0.5628316532359999
0.6275476765970001
0.69092491025
0.751606356433
0.808239837985
0.8595240509330001
0.9042547984129999
0.9413584040499999
0.9699338496250001
0.989276501258
0.9989067118599998
0.9985854166920002
0.9883197307010001
0.9683660090250001
0.9392195915780002
0.90159541768
0.8564095148049999
0.8047433370170001
0.747809691593
0.6869144856170001
0.6234101936769999
0.558654400657
0.49397217846500013
0.43060604155399995
0.36968969974900007
0.312211239425
0.25898998854099997
0.21065531047999997
0.16764467240499997
0.13019082322
0.098334683609
0.071936273092
0.050691719168000006
0.034162308882
0.021803547785000002
0.012997815169000003
0.007091280410000002
0.0034298236569999994
0.001393487941
0.00042916564100000006
0.00007905860499999998
3.895010000000001e-6
9.65e-10
9.510617e-6
0.00012326968399999997
0.0005762690409999999
0.001735842313
0.00408318784
0.008189004308
0.014683745309
0.024224543501
0.037460084645
0.054995147476000004
0.07735324619299998
0.10494615763999998
0.138041884933
0.17674290804999995
0.22096631416400003
0.270433209938
0.324663886253
0.382984878352
0.44453752605799995
0.5082975728089999
0.5731086093199999
0.637701223858
0.700743397
0.760872432416
0.816743398545
0.8670693189249999
0.9106589273
0.9464701085
0.97362428432
0.9914563209170001
0.9995205942249998
0.997619441209
0.98579625106
0.9643504718740001
0.933807316018
0.8949223685520001
0.84863522
0.7960505658120002
0.738402087085
0.677003405626
0.6132095581090001
0.5483797204340002
0.48382521895300007
0.420775067668
0.3603411334120001
0.3034865220819999
0.25100097525200005
0.20348603511700003
0.161343147825
0.124778122453
0.09379945912499998
0.06824037841300001
0.04777461261200001
0.03194368482499999
0.020189612516000002
0.011886758164999999
0.006378899365000001
0.0030145806820000005
0.001182504016
0.00034307122600000004
0.000055765648999999994
1.7773379999999997e-6
3.312399999999999e-8
0.000016193060000000003
0.000164412338
0.0007015832689999999
0.00201444885
0.004600294821
0.009040946729
0.015973634933
0.026056763737000006
0.039934585017
0.05820003055399999
0.08136264872000001
0.109812209929
0.14379337642400003
0.183378432154
0.22845540072499998
0.27871275636099996
0.33364092856099997
0.3925347479770001
0.4545086066100001
0.51851739869
0.58337884597
0.6478165640000001
0.7104885648200001
0.7700329818320001
0.8251100870290001
0.8744459560519998
0.9168694306120001
0.9513636162980001
0.977081569412
0.9933910638969999
0.999884342074
0.9964047095050002
0.9830333535380001
0.9601060096490002
0.9281881856199997
0.888063005153
0.8407018050010001
0.7872313218609999
0.7289001311650001
0.6670317825700001
0.6029847033249999
0.538111815617
0.4737161372450001
0.411009392756
0.35108302994000007
0.294871228964
0.24313794715599998
0.19645061223400004
0.15518236466000002
0.11950563670599999
0.08939999210899999
0.06467243725700002
0.044973487573
0.029827516724000004
0.018662547271999997
0.010846032624999998
0.005720011285000002
0.0026374575699999996
0.0009961600499999999
0.00027058738499999996
0.000038024794
6.68665e-7
2.0941699999999998e-7
0.000025886050000000003
0.000215008925
0.000846091714
0.0023248057609999997
0.00516357962
0.009955275269
0.017342697802
0.02798411116500001
0.04251882394000001
0.06152802216100001
0.085504970554
0.11481821755699999
0.14968520583999997
0.19015243685
0.23607485643399997
0.28711068640400006
0.3427187065999999
0.402163767818
0.46453305596899996
0.5287561201700001
0.5936398831399999
0.6578878844050001
0.7201564281859999
0.7790803610440001
0.833332557653
0.881647866216
0.922880469514
0.9560372352400001
0.980301902425
0.9950800402819998
0.9999998119130002
0.9949402712020001
0.9800295062900001
0.955635634769
0.922362282196
0.8810229762339998
0.832616755412
0.7782906177729999
0.719309529773
0.657005962453
0.5927393683699999
0.527857323137
0.46365059572000006
0.401314139045
0.34191750304999996
0.28636832622400005
0.235400859709
0.189551980738
0.149162451044
0.11437287668000001
0.08513575447399999
0.061230789817
0.042287092525
0.027811139391999997
0.017219160458
0.009872467273
0.005112216964999999
0.002296212421
0.000832558493
0.00021014463700000003
0.000024894889
1.8305599999999997e-7
7.377050000000001e-7
0.00003938792
0.00027642874499999995
0.001011595117
0.0026690903300000002
0.005775684548000001
0.010934576549
0.018793095025
0.030009379336999997
0.045215223313
0.0649806845
0.08978092849699999
0.119962728586
0.155718290765
0.197063618417
0.243822940708
0.295623880757
0.351891680321
0.411864887017
0.474602426141
0.539013953285
0.603882859945
0.6679086496400002
0.7297383679569999
0.78801095717
0.8414038563849999
0.888672701605
0.9286888443079998
0.9604871217850001
0.983285835705
0.9965200788340001
0.999863839825
0.993231404497
0.976787770405
0.9509418466420001
0.916333047976
0.873804956058
0.8243802888039999
0.7692335048890001
0.7096363010900001
0.64693075732
0.582477666212
0.517619133685
0.45363157527700004
0.391693348418
0.33284890418
0.27798147834500003
0.22779273997800004
0.182790247421
0.14328286850000002
0.10937964404
0.08100514973699997
0.057913777477
0.039712661705000006
0.025892002852999998
0.01585726272
0.008963796978
0.004553067324999998
0.001988814617
0.0006898056290000001
0.00016041723200000001
0.000015496025000000004
2.6724999999999993e-8
1.9152359999999996e-6
0.00005756629000000001
0.00035006469200000003
0.0012000372200000001
0.003049392634
0.0064391374450000005
0.011981418544999999
0.020327846513
0.032134551761
0.048026184685
0.068559873434
0.09419226181000001
0.125247268765
0.161891163629
0.20411030552899997
0.25169706304999995
0.30424882105000006
0.3611587575130001
0.421635678769
0.4847146986980001
0.549282602745
0.6141065468959999
0.677875420685
0.7392315281219999
0.7968192256250002
0.849323988389
0.895515770125
0.9342917738420001
0.9647116906759999
0.986029174033
0.9977127928099999
0.999476367338
0.991273903866
0.9733098151879999
0.9460288660420001
0.9101049666850001
0.866413063465
0.8160032062089999
0.760063275514
0.6998842178100001
0.6368108513040001
0.5722057675250001
0.5074029442119999
0.443663401165
0.3821494876900001
0.323880217765
0.269711513425
0.220315136417
0.176166484565
0.13754359310500003
0.10452527747999998
0.077007464722
0.054719272512000004
0.037248243264999994
0.024067911557
0.014574102868999999
0.008117026866
0.004039923193999999
0.0017128333
0.000566095058
0.000120065789
9.046161e-6
5.49e-10
4.1431609999999995e-6
0.000081408121
0.000437443045
0.001413257842
0.003468314276
0.007156501836999999
0.013098648685
0.021949269722
0.034362127634
0.050953253845000004
0.072266679794
0.09873969516800002
0.130672736057
0.16820411525300002
0.21129200100500004
0.25969678532999996
0.312983208946
0.37051521538
0.43147255274
0.49486424857699995
0.559557958725
0.624303400321
0.687781338192
0.7486312791559999
0.805500565277
0.8570846162600001
0.9021729676369998
0.93968395882
0.968707904548
0.9885289624249999
0.998657617005
0.998839253056
0.9890722036180002
0.9695983570450001
0.9408992602500001
0.9036826529000002
0.8588540740680001
0.8074869069530001
0.750787731985
0.6900595139890001
0.626653804489
0.561929625709
0.49721214084100007
0.4337525234120001
0.3726879667689999
0.31501435238500003
0.26156142466
0.21296922770500004
0.16968185901799998
0.13194482905699997
0.09980875042100003
0.07314081785000001
0.05164599967699999
0.034891069714
0.022336173925
0.013366938593000003
0.007330045488999999
0.00357066868
0.001466218818
0.00045968989700000004
0.00008782597699999998
4.85389e-6
9.7e-11
7.90018e-6
0.00011194409000000002
0.0005400567859999999
0.0016533452499999997
0.00392781321
0.007930150553000002
0.014288661829000002
0.023660042399999998
0.036694639620999996
0.05399904065799999
0.07610330453300002
0.103424323565
0.13623835076
0.174657360497
0.21860690411599998
0.267818921956
0.32182470378500005
0.379957296205
0.44137013646100004
0.5050468574450001
0.5698341655209999
0.6344699395250001
0.697622049448
0.7579316040530001
0.8140480515249999
0.8646833337569999
0.908639747396
0.9448647676130002
0.9724737466899999
0.990788216585
0.9993518299249999
0.9979538161049999
0.986627228033
0.965654001353
0.935556367013
0.8970699250819999
0.851130126394
0.7988350104580001
0.7414117711249999
0.68016795236
0.6164637568419999
0.551653511396
0.487054380772
0.42390179264199995
0.36331104127400005
0.30625514194600006
0.253533143205
0.20575586946500002
0.16333678508199997
0.126487321165
0.09523026038500002
0.069404231917
0.048691557249999996
0.032639687413
0.020694611297000003
0.012233161181000003
0.006599942596000001
0.003142581066
0.0012470122899999997
0.00036895608499999997
0.00006253863999999998
2.3208169999999997e-6
1.45e-8
0.000013770209000000002
0.00015031184199999997
0.000659643721
0.0019223324239999997
0.004430538149
0.008762844436
0.01555419109
0.025462581508999996
0.039133834570000005
0.05716526617
0.080070735706
0.108246745898
0.141944857741
0.18124884212900003
0.226054242594
0.276061022696
0.3307694352250001
0.389482573448
0.4513257312499999
0.5152579019779999
0.58010744413
0.6445967935410002
0.7073921284039999
0.7671252354320001
0.822458614805
0.8721134170450001
0.9149119752200001
0.9498277549209999
0.976004784729
0.992799813328
0.9997958871700001
0.996819254749
0.9839393297529999
0.9614834713529999
0.930002625077
0.8902682531080001
0.843246957213
0.790056782869
0.73193924626
0.67021518433
0.606246237853
0.5413832120959999
0.4769331872840001
0.414114980644
0.35402337006500006
0.2976051724570001
0.2456301682
0.19867820129
0.157131361364
0.12117020362
0.090787596509
0.06579575657999999
0.04585388942500001
0.030491203706
0.019140152391999996
0.011170124242
0.005924287621
0.0027535727569999997
0.001053018145
0.000292303973
0.000043128457
9.389540000000001e-7
1.26778e-7
0.000022423336999999994
0.000197778465
0.000797831701
0.002222295381
0.004978924704999999
0.009656972650000002
0.016897717642
0.027359547812
0.041682786992999994
0.060453809802
0.084170298413
0.11320775788899998
0.147792455705
0.187978921258
0.233632077865
0.284422541274
0.339815231177
0.3990861208899999
0.46133239567999995
0.52549190597
0.590371223285
0.6546838630049998
0.7170840207699999
0.7762096225
0.830727135065
0.8793714923600001
0.920987099405
0.9545725282820001
0.9793013384479999
0.994567416713
0.99999132125
0.9954336995450002
0.9810133516849999
0.9570841894800001
0.9242406154400002
0.8832852651379998
0.8352092611459999
0.7811534831929999
0.7223760214180002
0.6602059598849999
0.596005755269
0.531124040185
0.466853068733
0.40439702123300003
0.3448278694929999
0.289065859378
0.23785257314500002
0.19173594387600004
0.15106615745
0.11599347700999997
0.08648060400499999
0.06231411282499999
0.043130958914
0.028443126257999995
0.017670265444
0.010175553736000003
0.005300495285
0.002401186756
0.0008823621200000002
0.00022817034499999998
0.00002863325
2.9020499999999997e-7
5.141530000000001e-7
0.000034618792
0.000255588913
0.0009564669849999999
0.002555547065
0.005575243265999999
0.010615364594
0.018321879428000003
0.029353083985
0.044343256898000005
0.06386665491999999
0.088403586529
0.11830774599999999
0.153780055169
0.19484604068499997
0.24133990868
0.2928983474929999
0.3489584337089999
0.4087654137799999
0.47138803474900004
0.5357437394089999
0.6006202665039999
0.664721549608
0.726693489568
0.785178053332
0.838847606756
0.8864536023359998
0.926860526461
0.959092238194
0.9823616469610001
0.9960876958249999
0.999935043025
0.9938030639290001
0.977846962709
0.952462192905
0.918275701709
0.8761232394770001
0.827022032605
0.772132038457
0.712727861842
0.6501455731880001
0.5857489180850001
0.5208796441799999
0.4568185927530001
0.39475172407699993
0.3357281414439999
0.280641695386
0.23020309071999998
0.18493031715999997
0.145141264045
0.11095576555299999
0.08230746432999998
0.05895762677800001
0.040521317732
0.026493413309
0.016282749557
0.009246495469
0.004726051584999999
0.0020832733089999997
0.0007331431220000001
0.00017520145
0.000018136852000000005
5.508e-8
1.4477439999999997e-6
0.00005120249
0.00032518250499999997
0.0011374118649999999
0.002924111104
0.0062219719060000005
0.011640408016000001
0.019829627505999998
0.03144609996799999
0.047117747041999995
0.06740545328799998
0.09277180512999998
0.12354796556999999
0.159908418994
0.201849882656
0.24917425872200002
0.301488071881
0.358195513232
0.41851393813
0.4814871427400001
0.546008079097
0.610851153845
0.674706433736
0.736217467061
0.7940269990660002
0.84681677225
0.8933543052999998
0.9325283530399999
0.9633890974759999
0.98518123501
0.99735977809
0.9996279272499999
0.9919252617570001
0.974444252977
0.94761960085
0.9121121123410001
0.8687862075249999
0.8186888766850001
0.7629972820969998
0.702999932845
0.64004032196
0.575479768096
0.510655342613
0.4468341972249999
0.38518312225000007
0.326727728098
0.27233392165199993
0.22268337729800003
0.178262786216
0.13935711510499998
0.10605740210499999
0.078267153565
0.055724130317
0.03802188322
0.024639097313000003
0.014974647352999998
0.008380281920000001
0.004198622948000001
0.0017974493840000002
0.0006035541940000002
0.00013198952
0.00001082344
2.9409999999999997e-9
3.2926090000000005e-6
0.000073129813
0.00040799624899999997
0.0013425397730000002
0.0033304188579999995
0.006921981936999999
0.012734737028
0.021423062492999995
0.03364089143300001
0.05000762473
0.07107129313999999
0.09727547764500002
0.12892865174799997
0.16617739073300003
0.20898840861
0.25713388923400005
0.31018716785300005
0.367523307125
0.428331045514
0.491625207625
0.5562823148449999
0.6210576908889999
0.684630899336
0.745646411893
0.802748644898
0.854628832125
0.9000706736569999
0.937988072425
0.9674597728570001
0.9877585697440001
0.9983843752099998
0.9990706507219999
0.9898003774080001
0.9708064955060001
0.9425586057290001
0.9057510489249999
0.861280371194
0.8102151483050001
0.7537554032129999
0.693198725554
0.6298951969459999
0.56520494693
0.500457621677
0.43690484484500003
0.375694231072
0.3178290442119999
0.26414573859699997
0.21529536353300002
0.171733190122
0.13371378240800003
0.10129703625000003
0.07435884888199999
0.052612293005
0.03563084909699999
0.022878316743999996
0.013743486721
0.007574576365
0.003715595189
0.00154176296
0.000491833376
0.000097285796
5.985571999999999e-6
0.
6.5025649999999995e-6
0.000101412085
0.00050561474
0.0015738084200000002
0.0037767343049999996
0.007677277828999999
0.013901376241999998
0.023104868724999998
0.035939575505
0.053015548924999996
0.07486622744400001
0.101915966645
0.13444928809999998
0.17258556610000003
0.21626132389199995
0.265216745426
0.318994683985
0.376939129177
0.438209311817
0.501798815585
0.566559048834
0.631233007892
0.6944932576839999
0.754978047136
0.811338834842
0.8622795690130002
0.9065991025129999
0.9432360979809999
0.971298024372
0.9900935704999998
0.99915838657
0.998262218372
0.9874338822580001
0.966937479565
0.9372815526260002
0.8991967636900001
0.8536086399619999
0.8016061519759999
0.744409519312
0.683327402917
0.6197141052730001
0.5549288311120001
0.49028760797000004
0.427033422325
0.36629030394400003
0.309035374709
0.25607875925299994
0.20803994273600002
0.16534340922500002
0.12821207534500004
0.09667468814800002
0.07058123091200001
0.049620179538
0.033345851760999995
0.021208147309
0.012586685201
0.006826571176
0.003274656509
0.0013140098980000004
0.0003963044000000001
0.00006990553700000001
2.98052e-6
5.0169999999999995e-9
0.000011635229
0.00013716715400000003
0.0006195806659999999
0.0018333212199999997
0.004265512532
0.008490921777
0.015142516857
0.024878146445
0.038344663673
0.056143056968
0.07879199750099998
0.106694731669
0.14011099296499996
0.17913322109
0.22366636953799998
0.27342185428900007
0.3279071241700001
0.386438312968
0.44814680857000005
0.512000381786
0.5768331213650001
0.641374578965
0.7042864811600001
0.7642076529049999
0.819793826624
0.8697625136680001
0.912934624969
0.948269043488
0.9749046489009999
0.9921848690330001
0.99968211349
0.997208000617
0.984822729544
0.9628371861050001
0.9317944041640001
0.8924561621479999
0.8457770888570001
0.79286728352
0.734968035412
0.673394724026
0.6095051127650001
0.544655264141
0.480154319453
0.4172260481
0.3569734903850001
0.3003503406210001
0.248135235698
0.200918846441
0.159093134905
0.12284995088199997
0.09218839810099999
0.06693194141300002
0.046745591128999994
0.031164816060999998
0.019626163857000008
0.011501543632
0.006133860680000001
0.002873501261
0.0011122171369999999
0.000315289025
0.000048734548000000004
1.28137e-6
7.1569e-8
0.000019322320999999997
0.000181586948
0.000751653673
0.002123237268
0.004799086129
0.009365151560000002
0.016460791209999995
0.026744665009999998
0.04085857315699999
0.059392512845
0.08284954190500002
0.11161130575300002
0.14591314342400002
0.18581861439999997
0.23120354842000004
0.281745268402
0.336921064954
0.3960177416
0.458138319677
0.5222276858319999
0.5871004672929999
0.6514743381730002
0.7140029051250001
0.7733271921799999
0.8281081998169999
0.877077194605
0.9190732005699997
0.9530834044100001
0.978276719466
0.9940308016489999
0.9999567130249999
0.9959012821000001
0.9819718597329999
0.9585104618570001
0.9260990046050002
0.885531257288
0.8377875694099999
0.7840033541379998
0.725433009914
0.663402124069
0.599270949818
0.5343926853410002
0.470061648377
0.407486279924
0.347748053058
0.29177535013
0.24031758756499996
0.193933257937
0.152983486465
0.117627806801
0.087838212953
0.063410118004
0.04398647400499999
0.029084859475999997
0.018129499171999998
0.010485449
0.005493741842000002
0.0025097090720000003
0.0009343131970000002
0.000247324069
0.000032783545000000005
4.3891600000000006e-7
3.4637199999999995e-7
0.000030297956
0.000235968928
0.000903591972
0.002445578397
0.005379758881999999
0.010302838465999999
0.017859193445000004
0.028707135072999997
0.043483066537
0.06276557746000001
0.08703991054600002
0.116667512074
0.15185674640200003
0.19264221002499998
0.23887022126500002
0.290184305177
0.3460333493379999
0.40567283672499993
0.468178993125
0.532475208889
0.5973565868169999
0.6615269525299999
0.7236401473810001
0.7823332728899999
0.836275665482
0.8842146956840001
0.925010390245
0.9576768782809999
0.981411524809
0.995629472308
0.9999796490660002
0.9943497027049999
0.978880544289
0.9539583955850001
0.9201989998130001
0.8784261369530001
0.829646144548
0.7750201511449999
0.7158110118650001
0.6533568513679999
0.589019377645
0.5241422935460001
0.4600115913379999
0.3978174862800001
0.338617353248
0.28331378740999996
0.23262724226
0.18708458439700004
0.14701412434
0.11254621812200001
0.08362254560399998
0.060013745717
0.041340936224
0.027104318705000005
0.016716101249000005
0.009535650435999998
0.0049039248999999995
0.0021810053199999993
0.0007785090009999999
0.000190968553
0.000021097872000000004
1.0107699999999999e-7
1.070645e-6
0.00004538514499999999
0.00030164114
0.001077182405
0.0028026756409999997
0.006010258641999999
0.011306412724
0.019339948305
0.030768284968000003
0.046220932944
0.06626364102099999
0.09136501376400001
0.12186288006400002
0.15794057116999996
0.19960311869
0.24666359562
0.29873854222599994
0.355240971545
0.4153997577049999
0.478264201693
0.5427365489529999
0.6075929320210001
0.6715299844090001
0.7331911214850001
0.7912208117289999
0.844293288865
0.891175269186
0.9307449708250002
0.9620453495860001
0.9843072664849999
0.996982695701
0.999751243412
0.9925500210980001
0.975553106362
0.9491856480900001
0.9140970808449999
0.871143465618
0.8213601520129999
0.7659207505090001
0.7061091108249999
0.6432650461249999
0.5787541976420001
0.513911399245
0.45001060073
0.38822373442900004
0.32958553407700003
0.27496868334400004
0.2250657928
0.18037272761
0.141185394077
0.107603647528
0.07954038206599999
0.056741498194000005
0.03880648047400001
0.025219893717
0.015383085121999996
0.008649744633
0.0043618061320000005
0.00188516593
0.000642846626
0.000144780973
0.000012852986000000002
9.668e-9
2.578496e-6
0.00006550970500000001
0.00038010036800000007
0.0012743656900000002
0.003196676929
0.006693001690000002
0.012378439330000001
0.020905787449999998
0.03293043581
0.049073817747999994
0.06988920508999999
0.09582531562
0.127198356041
0.164164249961
0.206698738937
0.254584013405
0.3074033767239999
0.3645415980099999
0.4251956349379999
0.4883912809359999
0.5530065737450001
0.6178075744770001
0.6814759998980001
0.7426519117810001
0.7999831636900001
0.8521573584249998
0.8979514547490001
0.936270888345
0.9661867291080002
0.9869639673329998
0.9980843813449999
0.9992758717300001
0.9905031765379999
0.97199079976
0.9441934479489998
0.907798421941
0.863690416937
0.8129304757060001
0.7567116934280002
0.6963303377769999
0.633131582177
0.568480447688
0.5037042826959999
0.44006319237800007
0.37870896269
0.32065361065000003
0.266742166066
0.21763589040399997
0.17379917320100002
0.13549747020100003
0.10279911624999996
0.075590736916
0.05359133881299999
0.036381290504000005
0.023429439178000003
0.014127657601
0.007824980020999999
0.0038649000339999995
0.0016200866689999997
0.0005256200420000001
0.00010748396199999999
7.299085000000001e-6
1.2999999999999999e-11
5.299205e-6
0.000091650609
0.00047281141
0.0014971365250000001
0.003630004029
0.007430411559999999
0.013521589588000002
0.022559240164
0.03519564525
0.05204394317200001
0.07364296322500001
0.10042231360899999
0.13267460121799995
0.17052799161599996
0.21392880501700004
0.26262810509
0.31617655647700005
0.373929567245
0.435055055661
0.49855346483300006
0.5632833247400001
0.627994427076
0.69135881285
0.7520152411249998
0.8086160366259998
0.8598582257
0.904539731069
0.9415874144499999
0.970100347597
0.9893762504719997
0.9989386356580001
0.998547486281
0.98821442473
0.9681941976609998
0.93898695817
0.901306248104
0.8560709989519999
0.8043647560100001
0.7473990288399999
0.6864802895139999
0.6229627524650001
0.558203331305
0.493525012777
0.43017338125
0.369277357858
0.311826523842
0.25863624938
0.210337609418
0.167364942212
0.12995004137
0.09813298315599998
0.071771064842
0.050561087362
0.034062574594
0.021730750785999998
0.012947391641
0.007058834568000001
0.0034108092500000006
0.0013837107079999998
0.0004250629
0.00007790360499999998
3.7720400000000003e-6
1.2240000000000003e-9
9.753076000000003e-6
0.00012488296900000002
0.0005813617569999999
0.00174744932
0.004105013424999999
0.0082250884
0.014738648092999998
0.024302962819999992
0.03756659831299999
0.055133272441000004
0.077526515673
0.10515674728399999
0.138291124601
0.17703130412499998
0.22129181021799998
0.270793908898
0.325056326132
0.38340256900499997
0.444973408202
0.5087468284419999
0.573559619764
0.638146871581
0.701172978389
0.7612779225049998
0.8171149196529999
0.86739598405
0.910936970568
0.946688734301
0.9737810895240001
0.9915464142889999
0.9995428426660001
0.9975713188519998
0.985680096773
0.9641678819649999
0.9335653144899999
0.8946249654399999
0.8482892765290001
0.795667362629
0.737987138533
0.6765670223650001
0.612761532916
0.547929126377
0.48338103602500004
0.4203444796809999
0.35993313345800004
0.303106368058
0.25065294042499997
0.20317433467399998
0.16107000377800001
0.124543189865
0.09360318818
0.06808092595399999
0.047649055642
0.03184877724500001
0.020120824948999996
0.011839749314000003
0.006348809077000001
0.0029972064400000005
0.001173840308
0.000339621929
0.00005486978600000001
1.711232e-6
3.6677e-8
0.000016546888
0.000166403029
0.0007074956329999999
0.0020274304900000004
0.004624026244999998
0.009079798804000002
0.01603211213
0.026139389673999994
0.040045290580000004
0.05834362990899999
0.08154195208000001
0.110029492429
0.14404913924
0.18367303859999998
0.228787178953
0.27907990788200004
0.33403786321000006
0.3929564970900001
0.45494770992500005
0.518965841425
0.5838300468449998
0.6482594413170001
0.710914275601
0.7704335661320001
0.8254743321760001
0.8747646167569999
0.9171375118819999
0.9515733931399999
0.9772278385000001
0.9934697897539999
0.99989668901
0.996345207877
0.982906124369
0.959912930381
0.9279355305700001
0.8877572294120001
0.8403493490080001
0.7868425988450001
0.728480580365
0.666591445361
0.6025357876050002
0.5376621034369999
0.473273571656
0.4105821571999999
0.3506780587699999
0.2944952454580001
0.24279451842499997
0.19614481848399998
0.15491531033800005
0.11927697204999999
0.08921018394500001
0.06451874602100001
0.044853137858000006
0.02973707104900001
0.018597476066
0.010801738489999999
0.005692270537
0.0026216664010000005
0.000988580905
0.00026767934799999996
0.000037365002
6.382800000000002e-7
2.2358500000000005e-7
0.000026396698000000002
0.00021746485299999998
0.000852880657
0.00233918309
0.005189489681
0.009996922192
0.017404773521
0.028070940049999996
0.042634513639999996
0.06167695065800002
0.085689977501
0.11504070188999999
0.149946890773
0.190452942397
0.236412355625
0.287482622617
0.34311920472100005
0.40258734675300006
0.4649728281680001
0.529206346465
0.594089487225
0.658329192569
0.7205775393439999
0.779476087361
0.8336891837299999
0.8819591485570002
0.923141327849
0.9562366811599999
0.9804383848730003
0.9951482035210001
0.9999990220520001
0.9948711281139999
0.979891172657
0.9554332617250001
0.922100274121
0.8807082068689999
0.832257636125
0.7778961263540001
0.7188863445370001
0.6565645516579999
0.5922879972739999
0.52740661588