1.
0.9950235749009998
0.9802638503620001
0.956223342496
0.9236967257530001
0.8837148544819999
0.8374683024169999
0.7862398347049999
0.7313369309600001
0.6740268606759999
0.615487155685
0.556788488957
0.498861220505
0.4425015036499999
0.38837165492500003
0.3370092192199999
0.28884117392499997
0.24419905649800003
0.20332803972199998
0.16640143546500002
0.13352102955700001
0.10472585364100001
0.079985561105
0.059202803293000004
0.04220579329
0.028748254180000002
0.018507243861
0.011090869381000002
0.0060506388800000005
0.0029020465689999996
0.00115286977
0.00033785246800000006
0.00005529991999999999
1.770561e-6
3.2917e-8
0.00001609765
0.00016247090500000002
0.0006873450249999999
0.001951112657
0.004394432377000001
0.008501439924000001
0.014763974893
0.023650678825000004
0.035581083485
0.05091129093700001
0.06992365756100001
0.0928228561
0.119741834516
0.15073956114499998
0.185810603533
0.22488007643599994
0.26781019841700004
0.31438860912500005
0.3643259997649999
0.417240717277
0.472647052525
0.5299417219450001
0.588392689813
0.6471302806929999
0.7051475826579999
0.761313501877
0.8143951643059998
0.8631012878530001
0.9061258725919998
0.9422286456249999
0.9702943774739998
0.989412176628
0.9989395985
0.998550659578
0.9882567099730001
0.9684114409940001
0.9396823607619998
0.9029963981289999
0.85947994106
0.810386650305
0.7570168516339999
0.700663316273
0.6425503096839998
0.5838003175999998
0.525410173465
0.4682377665160001
0.413007144269
0.36030880159300005
0.31062144894500004
0.26431914035299997
0.22168460743700003
0.18292328608999997
0.148169006089
0.11749054609800003
0.09088907605299999
0.06829928246599999
0.04958347612500001
0.034530302209000004
0.022851161210000002
0.014185524060999998
0.008109019997
0.004149916081
0.0018159448969999998
0.0006249658320000001
0.00014137940799999999
0.000012490813000000003
8.388e-9
2.6563970000000002e-6
0.00006593845
0.00037769574800000004
0.001250263746
0.0030915418099999995
0.006370264419999999
0.011579048225
0.019200497859999995
0.029679750017000007
0.043403583664999995
0.060688605392
0.08177513202000002
0.106830183601
0.135944523172
0.16914344330000003
0.20638326456500003
0.24755553782500003
0.2924839946249999
0.3409147205
0.39251064768800004
0.446835812573
0.50334275853
0.561361510189
0.6200831312650001
0.678565555981
0.735731993552
0.7903948495210001
0.8412790181479999
0.8870829786900001
0.926522670105
0.958420203112
0.9817595553130002
0.9957694188499999
0.9999695660050001
0.9942170229610002
0.9787090936449999
0.953974916305
0.9208258516880001
0.8803078740899999
0.833625249953
0.782063106436
0.7269273473800001
0.669479543297
0.610891173826
0.552220307306
0.49438826180900003
0.43818167724499985
0.384249673813
0.33312296093000004
0.285219778792
0.24086527752500003
0.20029713384400005
0.16368406781199998
0.13112261301800002
0.10264630026100002
0.078220078105
0.05773995826600001
0.041029947185
0.02783623058
0.017831000476999998
0.010617267217
0.0057428586529999995
0.002721106
0.001061169005
0.00030118385300000007
0.000046009105
1.126585e-6
9.1216e-8