0.
0.
0.
3.9804174235406523e-7
4.325442557362443e-7
3.704541413351643e-7
4.1316559144587135e-7
3.140825995057713e-7
2.2702804235053617e-7
3.5157414143861225e-7
5.079471869353175e-7
1.0258799109171099e-6
1.3131215315920083e-6
1.4501964060651694e-6
1.4627115838057115e-6
1.6797373597079631e-6
2.75309333958983e-6
3.5963914860475853e-6
4.969410293208949e-6
7.399438564129559e-6
0.000010880398201369928
0.000014110545118250314
0.000017644790535502615
0.000021173553930816694
0.00002542722077871825
0.000029660864321328743
0.00003317051398840504
0.00003730266925620008
0.000040758403399566936
0.00004512138813656872
0.000050344677214584504
0.000057271705317119435
0.00006449625807100555
0.00007177136135503658
0.0000802013574827465
0.00008821711115542515
0.0000978406957122733
0.00010949621192884346
0.00012136857877075804
0.00013412459721168376
0.00014771995612685923
0.0001618147264309287
0.00017660955153578356
0.00019045794026227063
0.00020431460244292994
0.0002171291642920496
0.00022886245154485278
0.00023988663107078604
0.0002501326156686412
0.00025913992858762577
0.0002685867198281545
0.00027876123035052623
0.0002876951317165123
0.00029600786533772464
0.0003050232922284274
0.0003139499405288566
0.000321413018137965
0.00032656384637481
0.0003289051774080648
0.0003292975943403773
0.00032706324516762936
0.0003223918804423919
0.0003180079753579094
0.0003149107628470039
0.000311781978466411
0.00030781579219247093
0.0003043617407876275
0.0003006271209127079
0.00029703086558595084
0.00029472754785878525
0.0002923998600913823
0.0002890908665302787
0.00028675092427479847
0.0002852939452929458
0.00028395164649038754
0.000283627317721923
0.00028374680130588165
0.0002833736425175681
0.00028225256462665514
0.0002805078149218816
0.0002766574591894073
0.00027204875652973994
0.00026773198994098666
0.0002633966228750907
0.00025843194371955166
0.00025277131379984965
0.000249051730867811
0.00024521320094889987
0.00024027845941982422
0.0002354585751001105
0.00023139070936832948
0.0002281131446334187
0.00022621327869970975
0.0002243220678774284
0.00022067528941351416
0.00021665383678320493
0.00021388132885270382
0.00021167138801805958
0.00021052200472293324
0.0002124262446855406
0.0002147964290950574
0.00021679542164462553
0.00022036172770675737
0.00022252233438766034
0.00022126364339291094
0.00021848446028462494
0.0002147020510415889
0.00020908200418377402
0.00020121011254581084
0.00019206133429829037
0.0001825952089614552
0.00017114340717973832
0.00015937665211580493
0.00014743109242990637
0.00013570645156378965
0.0001253361007377833
0.00011968147280939016
0.0001203196728468033
0.0001283285692837863
0.00014399008957022952
0.00016352555391082338