1.
0.9994000208375022
0.9976029395310542
0.994616590969542
0.9904522288405687
0.9851274749338232
0.9786626627894126
0.9710844624457344
0.9624228348108531
0.9527117121101751
0.9419892354088732
0.9302972020938031
0.9176802455196584
0.9041861347577266
0.8898653213568266
0.8747699932315595
0.8589556323252886
0.8424784138604696
0.8253953929416156
0.807765704694374
0.7896487414903499
0.7711043254208304
0.7521909038351428
0.7329685927587515
0.7134939321626815
0.6938247009285461
0.6740161249057574
0.6541226195689984
0.6341975732288812
0.6142921989269017
0.5944542673268741
0.5747290581887794
0.5551598157240726
0.5357882958043199
0.5166537471245067
0.4977915164074143
0.47923328207873733
0.4610077904576707
0.4431436205813354
0.42566463635316704
0.4085918896386119
0.39194425838095326
0.3757369136553568
0.35998413168474297
0.34469677255703246
0.32988358657129463
0.31554888594159636
0.30169689076741146
0.2883298687408914
0.27544670457131615
0.2630454579553488
0.25112407751854693
0.23967666209668587
0.2286971272234851
0.21817777536915384
0.2081101232697436
0.198483507404362
0.18928787245051754
0.18051187302420696
0.17214325059285793
0.16417156445044595
0.15658404052450664
0.14936504416476462
0.14250322352694042
0.1359861053505038
0.12980002126483053
0.12393154155236105
0.11836524045372163
0.11309098273130318
0.10809702975446653
0.10337160543716757
0.09890017719891461
0.09466956089644622
0.09066886495866056
0.08688731061996317
0.08331341614671502
0.07993616751009644
0.07674481968903817
0.07373157812221172
0.07088561531716159
0.06819724380589161
0.06565818136362943
0.06326113317089135
0.060996184608344536
0.05885512184121593
0.05683083375712814
0.05491806592723638
0.05311052648194013
0.051402404235692624
0.049787147269225306
0.0482581082997634
0.04681077687364947
0.04544018040063256
0.04414068091780971
0.042909029769190934
0.041742275087637545
0.040635777349790354
0.039585731709528824
0.038589557659921704
0.03764425535287496
0.036746294180437275
0.035891211216621303
0.035077255952642154
0.03430066925073852
0.033558846224506736
0.032850808806367184
0.03217283954865381
0.03152437471183879
0.030902558589742814
0.030305370793888897
0.029730820556986504
0.029178405329067302
0.028647763749832345
0.028137025433730332
0.027643028018059145
0.027164159808274607
0.026701247608979867
0.026252294561448546
0.025816926587466694
0.02539304557715133
0.024979993256896097