1.
0.9994000208375022
0.9976029395310542
0.994616767371847
0.9904524011069918
0.9851287800313777
0.9786611641817163
0.9710826257432185
0.9624189054525051
0.9526997332296518
0.9419865505224727
0.9302832822275608
0.9176513354144665
0.9041512078207674
0.8898370037097326
0.8747286154500482
0.8588977297694098
0.8424414983919458
0.8253289230921362
0.8076526908479023
0.7894544402354711
0.77100981877603
0.7520767504569348
0.7328471264503698
0.7132947480764887
0.6936007560755377
0.6737720721649122
0.6538064086035604
0.6338397055061258
0.613843194665096
0.5940522278313088
0.5743267613567118
0.5547413136158712
0.5353701169955702
0.5162253967478256
0.4972147530719645
0.47869432606933315
0.46042722438910894
0.44266108699458584
0.4252666786146314
0.40817914522450405
0.39147574435712534
0.37533309184828323
0.35957302681491193
0.34432621749470976
0.3293490573732286
0.3150383225398766
0.3012379665455569
0.2879145595329354
0.274942238944512
0.2626325152097605
0.2508230207393124
0.23938689507292388
0.2283412667290247
0.21796191069352672
0.208052614668007
0.19837282141755502
0.1893324124911558
0.18061224452851288
0.17221020742996507
0.16428594392492055
0.1567632836147052
0.14960442420717177
0.1427542972388184
0.13623171219394264
0.1299867840875146
0.12410925266087658
0.11857326844613239
0.11328074526666423
0.10831339215310083
0.10357206745803701
0.09909735382279845
0.09485351449081786
0.09085460180767238
0.08709001558329969
0.08352433302394266
0.08014736487624796
0.07693860695905588
0.07390001096115484
0.07103781848016547
0.06832728616379921
0.06578228166676894
0.06333284733609076
0.06105015821226584
0.05890168676449564
0.05688233143229841
0.0549936045068803
0.053181140562518714
0.05148002225877588
0.04983796867657556
0.048371008473674634
0.04693406987833371
0.04560704465959527
0.04434013876645462
0.04312146659922887
0.041964183000042024
0.04089202557810793
0.03987170111940759
0.03883727823307945
0.03790817689696966
0.037047034492742534
0.03618666866102434
0.03536167014767522
0.03460191314226508
0.03384762952254952
0.033143679414369284
0.03248946014018983
0.03183746298064437
0.031200967652572537
0.03062274022902875
0.03002491953323827
0.0294885186714079
0.02894883196076344
0.028420825648995007
0.027923017096041836
0.02744888452630251
0.026977075047669653
0.026526395032100202
0.026087822619203383
0.025624348782094603
0.02519070034030501
0.02478461649043707
0.024368219439037282
0.02399256719282839
0.023594408849265943
0.02323453427476201
0.022862083784692518
0.022470777867721815
0.022088128773915205
0.021738257486738754
0.021348117198747553
0.020964322730331882
0.02057799387239683
0.020233748185457128
0.019878215408376154
0.019532195088527778
0.019190464965575176
0.018847822678472535
0.018444063227408204
0.018152765798209118
0.017815575301129764
0.017463812639481647
0.01715596616351347
0.01683514429169327
0.016519317635714386
0.01623172850851736
0.01591325912619047
0.01565427421672276
0.015350301949390719
0.015069312399372248
0.014766659874457378
0.014484164834843532
0.014279890065347545
0.013965388671527676
0.013699841524764009
0.013403200791788214
0.013154904138169585
0.012845301422798305
0.012619591866064744
0.012311791021703928
0.012069687957083183
0.011814473325737122
0.011562689848010694
0.011372240693845289
0.011113220047321895
0.010840760250018145
0.010636340073241594
0.010360869160791219
0.01027506402656527
0.009998520009241915
0.009803421994458536
0.009644314947559443
0.009520766264823004
0.009282378046995493
0.008940304121014365
0.008687484641141172
0.00848800147290819
0.008424984786427161
0.008233950279310846
0.007984629943509678
0.007736135337990865
0.007486789163039335
0.007509098996487551
0.007309966488142297
0.006965217954538583
0.006923866707408732
0.006860304002427949
0.006967662068187518
0.006873574097054301
0.006755507007481355
0.00643008886577665
0.006432386850067815
0.006245883959045632
0.006273579109635755
0.005999046927776537
0.005786490933336902
0.005548531055339132
0.005450951784406512
0.0051884971260776
0.004815894105127969
0.004661475771166071