0.
0.
0.
8.493085208670769e-7
2.644428623952687e-6
2.0277825611664357e-6
3.4798515040837823e-6
4.982031774731194e-6
0.000012480080479866758
0.000012316156287080608
0.00001752758515241991
0.000020967739668098795
0.000024694285901096005
0.000019256415375062
0.000011162722506490257
0.00001192903492030159
0.00004133633258896202
0.00003791327738998717
0.00002800390112602336
0.00006189651499023044
0.00010816017675987393
0.00008398030533031018
0.00013343602115204213
0.0001737866358548407
0.000057093110692524574
0.00006692572691463732
0.00006474758953426499
0.00005554406251470184
0.00008995629403040776
0.0001436851991014855
0.00011091245787235639
0.000026728043945343267
0.00004112386225095941
0.00015526167216712102
0.00027060337661306583
0.00026717453431669615
0.0002916993891165045
0.0004214471217275244
0.00037938860635481367
0.0003215332016814401
0.000295301949660179
0.0002106425724070491
0.00021353222289730185
0.0001881022415668297
0.00019067244771670217
0.00014499381783218107
0.00022300353333082882
0.00027208706774703423
0.00017632908089329147
0.00020899395591597966
0.0003327423833248743
0.00031353868671397207
0.0003125326881604302
0.000269000428452013
0.0002517370331799155
0.00028637607657017134
0.00029386442202039066
0.0003435871047327131
0.00030160150171973225
0.00021838076954282658
0.0001302444713691807
0.00012636423298031512
0.0001062111140380811
0.00003148910685900094
0.0001901943308071673
0.00022031450774691346
0.00023157277122147954
0.0002738001128283595
0.0002432689589980238
0.0001770928026353719
0.00014006635851340212
0.00010934874881065882
0.00015456770444183658
0.00012932309005325024
0.00011651341455758532
0.00014951716256007472
0.000166457928525676
0.000104814120690443
0.00006838440242050919
0.00001555550794117801
0.00002891993889782954
0.00008782734393927124
0.00013412821952938674
0.00010614764075793578
0.00013806202066122134
0.00014050990248302387
0.00014977708784540705
0.0001811224365806869
0.0001268090884920717
0.0001252527079196963
0.00013693812332568974
0.00016512440646690774
0.00012552498597160253
0.00012228640331055234
0.0001043846946893024
0.0000434329797641354
0.0000448123778524113
0.00004998555580904436
0.00006530549721686427
0.00006959838410456034
0.0000631139202667988
0.00003277608196171397
0.000023779376978886472
0.00003350177501236655
0.00008664514003880346
0.00009895249815647375
0.00007922435717742541
0.00007059352041484339
0.00005379989686377421
0.00004893701850444757
0.000041088662780258516
0.000047354593597105606
0.00004708114645732688
0.000030500603018055062
0.000021887615090927592
0.00004947804703631044
0.000047784312270252735
0.00007037045695526159
0.00008221153340939419
0.00009821337464258299
0.00013556439870334813
0.00013212409864855854
0.00016285027987943847
0.00020693265092411157
0.0001589310136537775
0.00016607391016302856
0.0001911675367947418
0.000225729427366658
0.00022531330114755352
0.00023946774377407772
0.0002294958293163237
0.00020576582105015734
0.00015843921388982186
0.00014503778606903537
0.00013071332275671043
0.0001369234443556036
0.00016572418740038694
0.0001323144023541521
0.0001043148082047793
0.0001336837469988634
0.00014723998172670437
0.00014272216489178558
0.00017286120292396852
0.00015863510750880472
0.0001683161102493226
0.00012339482254535255
0.00011105394362449004
0.00013203194523023022
0.00015948535407490696
0.00010265725818130803
0.0002072750349487628
0.00015948995690168077
0.00017091270282109947
0.00023254906247517458
0.00017115196592405892
0.00016644419112628824
0.00013091369088385747
0.00009030059146992748
0.00012069555683902577
0.00013623709980487762
0.00014164753192885882
0.00013175846958564489
0.00013304547488754363
0.00014634548698732816
0.00021956940759901912
0.00023506861133122453
0.00026441077501442533
0.00016415020928032997
0.00018076936267072093
0.0001634274486930874
0.00014368715394301215
0.00024791579286502415
0.0002570231765042083
0.0001885225207240354
0.0002587692596058571
0.00037055837923365945
0.0004510346382324526
0.0004470080374988465
0.00048708623188925413
0.0004975106345705415
0.0004075972771758951
0.00038484871735000966
0.0003583278194434359
0.0004050320083594916
0.0005740616754467239
0.000521404854739789
0.0007425764222212023
0.0008363059424792099
0.0008283991582444958
0.0006596319730257771
0.0006978189039922673
0.0007689128779278825
0.000780314175618119
0.0007478585721426914
0.0006673729826106324
0.0006509847141156872
0.000491948584632103
0.0004112648843438047
0.00040992281694924746
0.0005769919498936654
0.0005651046748520214