1.
0.9994002392165013
0.9976033211983609
0.9946166105113065
0.990452435720666
0.9851270436471633
0.9786624264985347
0.9710837174852639
0.9624216105065388
0.9527100222890489
0.9419856623436473
0.9302914590712956
0.9176705039222957
0.9041713566619991
0.8898423296966717
0.8747355651812723
0.8589062019365095
0.8424099447181284
0.8253013600067554
0.807638846810256
0.7894806161065641
0.7708835604421721
0.7519069127717872
0.7326075191349048
0.7130405515761358
0.6932636802609812
0.673329246055004
0.6532903036881843
0.6331980879708972
0.6131019284629595
0.5930471498869209
0.573079985214106
0.5532412429862763
0.5335723785392193
0.5141095655674965
0.49488767967388314
0.4759379216042781
0.4572917220024872
0.43897397755447876
0.42101037805973385
0.40342262831551723
0.3862285229355802
0.36944556018174046
0.35308872923671747
0.33716932092051316
0.321698683867373
0.30668265210963597
0.29212830826539216
0.2780401060512674
0.2644194078353554
0.2512673844811539
0.23858171494898767
0.22636260118888896
0.2146049225181007
0.20330377618972056
0.1924527767323714
0.1820472858490343
0.17207644099062486
0.16253418883730278
0.1534102933964993
0.14469482432001496
0.1363778287699287
0.12844851483765782
0.1208953257160921
0.1137078216526902
0.1068746200086812
0.10038299117380393
0.09422063600931592
0.08837806993253473
0.08284215688283351
0.07760002101159509
0.07264206131436524
0.06795602734121528
0.06352948545360651
0.05935228212124619
0.055414017008334635
0.051703628741124164
0.04820964588129641
0.044922001747473364
0.041832842707614316
0.03893021019722344
0.03620522924937778
0.033648998796398086
0.031254199861778575
0.029010967529539584
0.026911086934570293
0.024946780353384282
0.023111127125261546
0.021397722962969684
0.019797874254575916
0.018305788592682917
0.016915831549173102
0.015621049388565417
0.01441549180569293
0.01329578136101824
0.012254503253906295
0.01128693018495286
0.010389609472930154
0.009557241704592387
0.008786256996013717
0.008071945614286558
0.007411549500610517
0.00680028594987005
0.006235489555760638
0.00571370737787647
0.005233189562781001
0.0047887539088994745
0.004379824311544928
0.004003408547725301
0.0036567538883550805
0.0033384351124441524
0.0030455030783107084
0.002776013328498262
0.0025297150037108924
0.002303123314110645
0.0020956278295537114
0.0019058963770362755
0.0017317187993435886
0.00157321486135874
0.0014273850216392212
0.001294714254188931