0.
0.
1.6678842285246852e-6
0.00001217852633408876
0.000014555142610980044
0.000024143107717760878
0.00005678174579932037
0.00007114457655919265
0.00007716016334251848
0.000016963363002340985
0.00008152152432655225
0.00005130487631321164
0.00003139668703071002
0.000039953544434689424
0.00003441926954576126
0.000028268567751298477
0.00004774548742626921
0.00003443831635754882
0.000044537552092433786
0.00004479180684557982
0.000043864297889831474
0.00004200964739903383
0.00005190513498761181
0.00005810808186487225
0.00005866834787606766
0.00006015334126294391
0.00006190064076004927
0.0000633661802958415
0.00006582611275746781
0.00006728243077123274
0.000060666249412482995
0.00005494477127838051
0.00004936224973886952
0.00004316658042394805
0.00004158258195052986
0.00004335127675581225
0.00004630077258424521
0.00005313257767952213
0.00006063628639389332
0.00006817321965741621
0.0000671297012221542
0.00008258986122150967
0.00009038495025538002
0.00008204961825402568
0.00008063296925300546
0.00006711085288520972
0.00005852720724799618
0.000051652017400762085
0.00004449570529479823
0.000040370059336432084
0.000047868749643326286
0.00006935981032821246
0.00008796013626935278
0.00010043625246948314
0.00011036385199885423
0.0001236168240672601
0.00013812598830916488
0.00013954178805867956
0.00014198014456182472
0.00014222014433631474
0.00013821550158335088
0.0001371823312680571
0.00012882317171717433
0.0001246529813924084
0.00012198758903511643
0.00011344225055873328
0.0000951091498888206
0.00008619829340729464
0.00008333204607137223
0.00008099141396136169
0.00008006647829124404
0.00009813996184444383
0.00012736909971627306
0.00015028065325567363
0.00016746560342598452
0.0001800791505915418
0.00016243132589788866
0.00017488004823389242
0.00018550284360656583
0.00019247994776829964
0.00019399219692058908
0.00020518119229877792
0.00022986723926022242
0.00025360603969177116
0.0002659887567187728
0.00029900897965844944
0.00031769660523359194
0.0003381272325577086
0.0003731428535684171
0.00039291317993893815
0.0003969961284052004
0.00040847671686907946
0.00039946357286170726
0.00039833908985080187
0.00035036259818366363
0.0003477384737055046
0.0003260791873446337
0.000301683169210168
0.000275346464721467
0.00028170757694020044
0.00027946887307611927
0.00027005937115403346
0.00025871579936927587
0.00024196600559356606
0.00022586111648071038
0.0001916572670944505
0.00016578775354873776
0.00015645087713537267
0.00013503903847497835
0.00011225433672968385
0.00011354723245181599
0.00012463387808301434
0.0001048678674201911
0.0000737173882183353
0.00014763211426251685
0.00016639490738707937
0.00022238704027255414
0.0003106464093249553
0.00038948634541124526
0.0004970691578430847
0.0006514106180466106
0.0007640242794511559
0.0008670232369310441
0.0010835641715676871
0.00131266683447406
0.001382393748875869
0.0015937084380032388
0.0017429101816406136
0.0017166271577884313
0.0016273966802967468
0.0016453482394589477
0.0014643149479456902
0.0013116766242407235
0.0011671491118980897
0.0010894354838717165
0.0011536074707748814
0.0011357856135954857
0.0013306543785985732
0.0015547495247578557
0.0016762144540574168
0.0017151165198193115
0.001929486261408398
0.002055834572459868
0.002345643863874651
0.0026645331539969885
0.0027617092513305633
0.0028286937410469106
0.002754969473324675
0.0027790732018519856
0.0029064324904757312
0.002901984587413979
0.0028738790460247545
0.004030896492540009
0.004700596055426131
0.005132277229824761
0.006293694951292588
0.007604375586436556
0.009270091304327991
0.010547634415087466
0.012995609431966999
0.013909023363589783
0.014221943312406268
0.015649090049854805
0.016537028887961002
0.015828851900688674
0.015616907230109172
0.015370534792724612
0.013613490902469836
0.012495492939545962
0.011226982090463404
0.010441384695420615
0.011275658223364592
0.01158643066731648
0.01261442118302827
0.014727217896485071
0.016628839460972246
0.017545778658832542
0.019511005028278936
0.02151010913937975
0.022780929582788663
0.021695616473484277
0.020140690052988422
0.023279765734538972
0.021994016896453854
0.02709299910523434
0.03068916429696235
0.030888309554522025
0.03304491956994775
0.029511340983331167
0.03180872473942125
0.03225919353882387
0.03587428465009557
0.03704179235950063
0.034744201138976416
0.031165287892707914
0.03339978393795828
0.028138049768769914
0.0341731276923574
0.03744054251658606
0.03835686291836851
0.03891693465659493
0.044435582161995
0.04667891906365549
0.04637673310411227
0.04684325519553622
0.04813049434926871
0.05083596281256843
0.0729527214631158
0.07092435130971043
0.07674619803417633
0.09398775859558323
0.09717414619610719
0.10350134976023159
0.10533904387745467
0.10712174778594197
0.10642394911358186
0.10655948280673347
0.09370928598808125
0.07175704403352204
0.05370259945378407