0.
0.
0.
8.417230688541178e-7
1.6560713870476754e-6
2.9452082759450777e-6
6.698365128711819e-6
8.747516217117746e-6
0.000010378753208620874
0.000010478162089135058
0.000010441935786921241
0.000012891333775254762
8.274325396547663e-6
7.313494417734044e-6
5.749814386555711e-6
2.0772834336638286e-6
1.6445558878738736e-6
1.450197209662328e-6
9.56594568417746e-7
1.157204066908712e-6
1.5033124955657729e-6
1.5889348541838305e-6
1.7105120320113488e-6
1.7156296750864894e-6
1.6477937114119493e-6
1.5257288037296654e-6
1.374418371813271e-6
1.1697419168780013e-6
1.0153934894149107e-6
8.874222789116613e-7
1.0246658132027556e-6
1.6414716526648323e-6
2.6439094218027822e-6
4.667549573643959e-6
7.035776568747858e-6
8.861933847825309e-6
0.000010911449880324413
0.000012335565761429333
0.000012933008272303449
0.000011385059713554146
0.000012681984141393827
0.000012733149474529528
0.000015994333431067404
0.000015279750662327688
0.000014961435013926322
0.000014298060042325266
0.000014679455366287642
0.000015224704900492477
0.000014448758943881735
0.00001320059856838729
0.000011095492518146028
9.151967967624843e-6
8.807171595911194e-6
7.689555667387161e-6
6.673958177386003e-6
6.15390125204735e-6
5.079549931506297e-6
4.452228212100004e-6
3.687993145335771e-6
3.2446949445911565e-6
2.651954104461768e-6
2.1717372266228505e-6
1.7073314203547238e-6
1.3612244497040172e-6
1.1054564956291705e-6
9.73973846370815e-7
8.877718071504802e-7
9.098189635426765e-7
1.0021902216737293e-6
1.0219457781899486e-6
1.10292639938876e-6
1.2164773956783944e-6
1.4047520079954623e-6
1.5379288973386739e-6
1.6916130301170422e-6
1.8114734563473002e-6
1.985661284036006e-6
2.09672616728753e-6
2.3413097570541217e-6
2.5559617636185107e-6
2.716895292682717e-6
2.9143194552848916e-6
3.011324092834454e-6
3.13650539958147e-6
3.104163600074676e-6
3.047577389085549e-6
3.0043869313359537e-6
2.803849239825618e-6
2.616871017636567e-6
2.4528983672543195e-6
2.2507919413247084e-6
1.9758412611850317e-6
1.7027474298284766e-6
1.45922112289769e-6
1.1811802426940422e-6
9.906688724566275e-7
9.975607925323338e-7
1.187142768049151e-6
1.4759612553935373e-6
1.8131232523319816e-6
2.18306378315125e-6
2.652763158222275e-6
3.128662388279498e-6
3.4904711811348166e-6
3.7756135115908e-6
3.940544469435723e-6
4.135303433001816e-6
4.253603919106786e-6
4.369418972981884e-6
4.408341108522648e-6
4.431715737154296e-6
4.295823397460081e-6
4.048940812844636e-6
3.7465478873634206e-6
3.4881970081955757e-6
3.1874141693406366e-6
2.8757382318057974e-6
2.630118692149288e-6
2.3974643016687625e-6
2.2706131732676113e-6
2.2498464532293133e-6
2.1602617811651126e-6
2.349575643859521e-6
2.532676071925768e-6
2.7448081851518966e-6
3.0094440550471477e-6
3.2705458603615706e-6
3.6578353219197864e-6
3.991682505628512e-6
4.092960657596531e-6
4.370190456576841e-6
4.561409521015249e-6
4.710081645300694e-6
4.866676449944424e-6
4.906206870864526e-6
4.998508978512345e-6
5.087527463928437e-6
5.146522889014583e-6
5.316114761143643e-6
5.5397645637557e-6
5.819948524423551e-6
6.107459235840639e-6
6.453361382756716e-6
6.838614942991722e-6
7.3904232757557485e-6
8.601105687099657e-6
0.000010057484984917464
0.00001231880519912464
0.0000153850581319042
0.000019110000798627144
0.000023076630356053637
0.00002805680662934288
0.00003265107051552059
0.00003720852288930964
0.00004018097893007835
0.000043429151603245074
0.00004402376821717131
0.000044617942888388965
0.00004381881921577983
0.000042866517280113125
0.00004168476984388931
0.00003941086454722746
0.000036410591302253755
0.00003342708269952313
0.000029119965751325407
0.00002609162876776535
0.000023898900940685317
0.00002164316874521441
0.00001959421338911759
0.000018802951872980475
0.000018823827639812362
0.000019195645947663568
0.000019938763057028104
0.00002104346821983527
0.00002302782781371412
0.000026386202495728753
0.000029982700190367138
0.000034206372335076004
0.00004070808674090705
0.000048930905682221704
0.00005595745615910797
0.00006407230383749986
0.0000724267692996977
0.0000804146131705097
0.00008916443784846413
0.00009836046274587996
0.0001049280248420129
0.00011066867306521972
0.0001144283276141465
0.00012135916937142619
0.00012180322375186351
0.0001202049892624283
0.00011496719609263436
0.00010779632035085876
0.00010275218680012898
0.00009175090595564181
0.00008235186020831616
0.00007088146005326091
0.00005415010415826427
0.00004249940612572079
0.00003107476899211067
0.000026991271161407157
0.000023964577884345136
0.000024110145701379064
0.000023897119396761556
0.000022180179396055893
0.0000201668270444942
0.000019184669881764745
0.000020034355040858724
0.000022153310424834817
0.00002604453479487975
0.000029742097193874704
0.00003314059562970105
0.000035635565611721386
0.000037861068415601535
0.00004017985009394668
0.00004172893066458283
0.00004305180130578357
0.00004508892686036062
0.00004678441460712117
0.000052315799414866657
0.00005813836987937056
0.00006691222610578462
0.00007977719089429465
0.00009457639402222865
0.0001070815868625523
0.00011493546866670825
0.00013092575306623293
0.00013861142001831295
0.00014287967723350286
0.00014654554613695515
0.00014744604657250903
0.00014915469434506962
0.0001448826937532973
0.00014328844746260548
0.00013730118956330827
0.00012823850377146527
0.00011843703192570616
0.00011089878815766063
0.00010154276912517482
0.00009338663392734298
0.00007979630099782618
0.00007001712248989772
0.00006050016953047553
0.00005215203299870006
0.00004498898920785
0.00003977481718018489
0.000034447021388676926
0.000029517173412377884
0.000026201578537541545
0.000023063232221315696
0.00002108892410762414
0.00002034881252235663
0.000019632214548742217
0.00001954041957490965
0.000019702720920171425
0.00001896574940918167
0.00001889431500838606
0.000018720962277111577
0.00001972683580893795
0.000021491818882504758
0.000022971406782784883
0.00002343379510225318
0.000024005217117753482
0.000025019828252546184
0.000025776893028454308
0.000025680438804053414
0.00002498295280977273
0.00002308583415739082
0.000021255600759332806
0.000019506972882616183
0.00001984788084534167
0.000020479156015853883
0.00002165059360333477
0.00002279517164771168
0.000024389207188907733
0.000025647042650646368
0.00002606356811182273
0.000026248872041126457
0.000026205886272016416
0.000026033246074457346
0.000025504565220567705
0.000024955396037658804
0.00002433416861183943
0.00002369004677364027
0.0000230546981606507
0.000022814650840208925
0.000022745993106478184
0.000022907620127380215
0.00002313636833712546
0.000023882932807838946
0.00002441715185792948
0.000024327082940344123
0.000024518952517774777
0.000025183082093071936
0.000025615959199536532
0.00002606995437042333
0.000026451375473563416
0.000026766497606806394
0.000026694251377706383
0.000026623598637927314
0.00002621564182273671
0.000025300952093800404
0.0000240246895662495
0.00002217828792419544
0.000020320593212273078
0.0000182122733359987
0.000016354277793573317
0.000014672099155142875
0.000013082639944121892
0.000011429642090820504
0.000010372914771299721
0.000010110847578111103
0.00001033003689021675
0.000011111106233923396
0.000012130899102863744
0.000013271007366179853
0.000014342124718144855
0.000015410295381995136
0.000016865953553935318
0.000018048597335482365
0.00001883320133607095
0.00001949314099493886
0.000020562468658386375
0.000021832041453075066
0.000023263784134736286
0.000025697363010011314
0.000027845957580367483
0.00003114373678084576
0.00003481551679603286
0.000039524443213983726
0.00004476705419020247
0.00005037222930499047
0.00005808008060035115
0.00006674321106692152
0.00007614692344332846
0.00008831747853089075
0.0001018004671952458
0.00011499808673482432
0.00013072368789221272
0.00014560589263434024
0.00016182724775380485
0.00017494199087073067
0.00018253167402420114
0.00018989518152573266
0.00019196819725589406
0.00018985695158683948
0.00018744881321483095
0.00018151183504800045
0.00017259790999605616
0.00016149435277384362
0.0001493740017329519
0.0001368064406109429
0.00012489052618494369
0.00011034170479365035
0.00009684030368665272
0.00008098230633279269
0.00006379357846042715
0.0000461006427826354
0.00002930131394753088
0.000019894691876519482
0.000027879253606036126
0.00004302517657455371
0.00006229231157617374
0.00007977089769330975
0.00009759774451465995
0.00011717486142096433
0.00013807784871063073
0.00015747314027015117
0.00017330487795389285
0.00018844518792607133
0.0002051869572714558
0.00022272237743700929
0.00024000541567620705
0.00027469950035620075
0.0003216415576492579
0.00039044633011677384
0.0004651619234166081
0.0005456387646089952
0.0006274922553980569
0.000721934007222611
0.000814888300440974
0.0009315837572950356
0.0010142319186066014
0.0010716468164418548
0.001109699832699786
0.0011115230898025516
0.0010999926777526797
0.0011178730265138375
0.0010762692038977092
0.0009946911166240058
0.0009005433023857474
0.0008179046669498372
0.0006998753035995621
0.0006054808942851558
0.0004800250149713129
0.0003692038630699646
0.0002549979839081678
0.00017045560680099497
0.0001101818653521836
0.00008133078582046334
0.00008023218605912243
0.00008501298996521415
0.0000827865163766859
0.00007563187763495606
0.0000726037315145661
0.00006892830180477723
0.00006327506956410642
0.00006290026375440593
0.00006383473498274868
0.00006332234396703094
0.00007102752449102523
0.00007693149293409995
0.00008615445037319203
0.00009928001724612525
0.00011579331920651317
0.00013248950792215733
0.00015502560761516843
0.00017797961716126804
0.0001996238934945221
0.0002193983490543605
0.0002454539424036099
0.0002698881034484063
0.0002883851330528505
0.00030605449444688496
0.00032831520889676786
0.00034565290331652797
0.0003532210677943578
0.0003587828635807498
0.0003669615216321182
0.0003666128908632366
0.00036051937169399265
0.00034758917481194246
0.00032908164555815105
0.0003031755111719332
0.00027676989404975324
0.0002495074561810795
0.00022234279528010378
0.00019400575913776756
0.00016699842198096692
0.00014159770322017245
0.00012114555988185356
0.00010677971528804838
0.0000982646291322935
0.0000959097942818913
0.00009767816205402921
0.00010215277419984935
0.00010693188741269397
0.00010929026261862725
0.00011136287579464573
0.00011495288703543918
0.00011564824734403555
0.00011884244777484854
0.00012051230973345435
0.00012318018572301135
0.00012729247121998698
0.00013179702016463858
0.0001384136312433539
0.00014032219174727568
0.0001407398176220082
0.00014112741401462549
0.00013957339702548504
0.00013674200456409097
0.00013136404699285676
0.0001263086114381135
0.000121635943437142
0.00011477975078582496
0.00010935126842156003
0.00010546104293272438
0.00009894087158285718
0.00009313474739277955
0.00008757812773226425
0.00008117487824004494
0.00007666959603376441
0.00007063957151574667
0.00006621354293737404
0.0000615486992659109
0.00005826473868713505
0.00005416006996848358
0.00005135521811853338
0.00004772336210259088
0.000045599426320521164
0.00004445227369536972
0.00004225164623672368
0.000043413356918188045
0.00004474486252652667
0.00004544433308020093
0.0000436867309623837
0.00004422568458910917
0.000043023531113239446
0.000039418061853834135
0.000037274863655863306
0.000037934925493111706
0.00004068677420874797
0.00004870107022270659
0.00005875815347576994
0.0000673225466950502
0.00007849701488283069
0.00009240165530645253
0.00010108896842821019
0.0001054553590585152
0.0001116920591643067
0.00011486792417608716
0.0001179597613934146
0.00011668372856163807
0.00011205309385719863
0.00010828702663322894
0.00010365424247235005
0.00009751769375852209
0.00008970360769569686
0.00008297228470895341
0.00007891088620978186
0.00007246302522717603
0.00006622579981113235
0.00006640709270545673
0.00006753784136146074
0.00007196577247160595
0.0000812366953829128
0.0000901950202664089
0.00010256915991702633
0.00011734138758830321
0.00012977086573417115
0.00014461149931501368
0.0001606734694689621
0.00017198891305193276
0.00017205233776112447
0.00016901359267467106
0.000157138766769618
0.00014951840960457353
0.00014164558985946675
0.00013681174209994828
0.0001335939454936738
0.00013241490958012245
0.00013040079755653484
0.0001315239831425497
0.0001297332624052797
0.00013153768025044103
0.00013042605636238164
0.00012752816332431703
0.0001240477986849081
0.00012113909393992548
0.0001186224825354747
0.00011882676785319649
0.0001177430141146079
0.0001101942448173111
0.00010378421530659015
0.00010685450002917554
0.00010630717106088976
0.00011453572801114482
0.00012623300814630894
0.0001437628528519221
0.00016360880708766174
0.0001895722604356247
0.00022509061521058094
0.0002628479489411054
0.0003018465385561834
0.00033138525934160224
0.00035683441228178336
0.0003769366134659106
0.0003950840532031102
0.0004017378149011215
0.0004032042366830423
0.00040409631911534515
0.00040504831920296764
0.00041583855620274654
0.0004301133275217686
0.00044954745518113254
0.00047030770861661373
0.0004896622129774397
0.0005148508107405775
0.0005469299529654607
0.0005736325145618817
0.000609843412858273
0.000640996379248761
0.0006739677310101941
0.0006980761480933586
0.0007163109077098084
0.0007278185237585876
0.0007267268879524671
0.0007079106670978434
0.0006825638278158747
0.0006369162622245336
0.0005770712967643477
0.0005182795073728599
0.0004512747413298115
0.00038995910348411223
0.00034476427970044386
0.0003138623269593097
0.0003064075499423229
0.00031484369800624306
0.00032897230929453114
0.0003513776444996216
0.000366419144413704
0.00038212524886662894
0.0003884087543189183
0.0003974536938913275
0.00040070895391005284
0.0003849755844427778
0.0003694203975207762
0.00035169842186954213
0.00032272804300621257
0.0002909385998309381
0.0002540548318049248
0.0002259524942651776
0.0002266809004784548
0.00026853174332087243
0.00033053565593857463
0.00040265105192732677
0.00047910199373610686
0.0005561887072354441
0.0006182176021610075
0.0006779528532687751
0.0007259886507812532
0.0007472001821910117
0.0007642939187698965
0.0007801405977553014
0.0007732656959418553
0.0007447891888408601
0.0007196524485153183
0.0007038697274575718
0.0006902675841663405
0.0006680436197698881
0.0006667192938366476
0.0006430923810069498
0.0006148273243854954
0.0005778151056516505
0.0005292759658559219
0.00047787431936657587
0.00042369345075193556
0.00036289547558509557
0.00029832934110526487
0.00024049355563543403
0.00018841031222007813
0.0001445744868738675
0.00011403695115793738
0.00009788213806534229
0.00009263057912804133
0.00010102086198206463
0.00011979699296389735
0.0001453138004478322
0.00017843652035151475
0.00021474890516823083
0.00024660762486676915
0.0002744183751710112
0.00028648752217166163
0.0003006574576917193
0.0003125007060762162
0.0003039328429898183
0.00029588086752278255
0.00027546805299893484
0.00024602604658957247
0.000223079685511552
0.0002033336665108779
0.00019602581019498983
0.000192604186278084
0.00019208909248806625
0.00019192501593713918
0.0001981541412543881
0.00019651927797279822
0.00019643201646273942
0.00018625394852420094
0.00016886933923544408
0.00014577004592540354
0.0001183247655925486
0.00009313084500970266
0.00006593516173641595
0.00003734868883614842
0.000014923942828749876
0.000017726433439341648
0.00003674542615226458
0.00005563690471818141
0.00007285115139438829
0.00008767113729819096
0.00010235829590504359
0.00011397161724381491
0.0001198968874579136
0.00012280468669187484
0.00012137832984347205
0.00011279304988670753
0.0000977521568428684
0.00007754514926260083
0.000059325555809828784
0.00006280659074996602
0.00009450058737370041
0.00013887295395582935
0.0001859959715234183
0.00023084405212796304
0.000270544634519183
0.0003002739153563276
0.00031532039511383554
0.000324632369501681
0.0003156568649115686
0.0002883509814227047
0.0002549736007676
0.00022007359085431853
0.0001831807825608397
0.0001355295939716517
0.00010058404238655273
0.0001146577768583503
0.0001528896073891412
0.0002165538762489344
0.00027734849028532874
0.00033964450586456427
0.0004020637358515985
0.0004589013288434987
0.0005185428662192688
0.0005732061206528086
0.0006095464232875621
0.0006418430115078148
0.0006583117845598302
0.0006743246827453117
0.0006688385105533647
0.0006595874444029617
0.0006467116724093526
0.0006342117820109139
0.0006113348684799502
0.000587161568675508
0.0005634271479549038
0.0005432108552501646
0.000518671215371505
0.000498066494256561
0.0004763904112567203
0.0004601404173722876
0.0004421800499876231
0.0004199229833093398
0.00039656022413990803
0.00037831015953274165
0.0003512182284010401
0.0003194709609212487
0.0002984606959910043
0.0002804802460558298
0.0002704361180460101
0.0002662534945870251
0.00029151371976615626
0.0003231124250737361
0.00036083899495743983
0.000398509079636053
0.0004248753545395916
0.0004512279502746113
0.00046857698928664746
0.0004855329776307645
0.0004954267511009746
0.0004920526679436836
0.00047886234227695947
0.0004559580728219146
0.0004330342203008759
0.0004177408321364109
0.00041881177726659137
0.0004191079117994729
0.0004122106932570019
0.0003912759392739858
0.0003851407714256627
0.00038606483086326933
0.0003784759695667741
0.00037768168187011803
0.00035666346109071797
0.00033892347453375694
0.0003227343117546598
0.0003002126167501744
0.00026393688546945876
0.00022389870178126937
0.00020585782594559934
0.00023536644824435194
0.00033113864274618725
0.0005010845912901217
0.0006725485064341475
0.0008576353930064099
0.0010500574647607397
0.0012231525906030597
0.0014225586396874777
0.001559733235402478
0.0016302329845987796
0.0016634123711937675
0.0016669308741748894
0.0016362935936713272
0.0015374594487313571
0.001391200152188224
0.0012289776570850793
0.0010207693638201551
0.0007910786259479686
0.0005578421004175945
0.00034468430352347664
0.00021366229443103323
0.0002411946447926233
0.0003565120104830163
0.0004521835758327492
0.0005246905844274043
0.0005661730285423338
0.00060949678641283
0.0006582273492737004
0.000725330694591557
0.0007622494411199908
0.0007892818080767553
0.000851514216380305
0.0008783024600067064
0.0009005001531239024
0.0008970495236185492
0.0008625692164743069
0.0008125209148787798
0.0007402740997297113
0.0006307668253683047
0.0005073811032412563
0.00038628472754649194
0.0002752567754166126
0.00016696822829713367
0.00008778565423816862
0.00008152003252122393
0.00011521589804471411
0.00013729515289137874
0.00014617459340138632
0.00014603462665866693
0.00013411872766594483
0.0001294798468627283
0.00012366917270859558
0.00010938436610595777
0.00012435699653715304
0.00012776685791398293
0.0001243228519756166
0.00012218686837024695
0.00011337638648965627
0.00009296192736629611
0.00006431545364001367
0.000046318929522132034
0.0000787972113841945
0.00013454733497443325
0.00019231406338169753
0.00023638774053597394
0.00028043021745819985
0.0003121782809842952
0.00032776360065204705
0.00033359861452799723
0.0003477109313579198
0.0003662326940251999
0.00040231999379074885
0.00044939569685204986
0.0005048117083964802
0.0005568382766703801
0.0006111174540576499
0.0006706476673096036
0.0007104266268127338
0.000720398090660995
0.000726272635625503
0.000704356752428289
0.0006829987341584288
0.0006358503128735134
0.0005768139902842661
0.0005583761310614782
0.0005188155682288485
0.0004759201601124661
0.00044166714743191604
0.00039780770025658657
0.00036933382219088705
0.0003833726170838899
0.00044436646874694124
0.0005410266384287308
0.0006573880492558683
0.0007925294227589825
0.0009067231386701699
0.001008890763651224
0.0010931236603662813
0.001150942861351996
0.0012045348301551754
0.0012489785396335704
0.0012892572827460187
0.00130070853303646
0.0013189830414527348
0.001312923182541737
0.0012932633087210333
0.0012170202265984705
0.0011448485299175174
0.0009929156125142165
0.0008296095698631932
0.0006515024880251554
0.0004636118425600759
0.00030294940769177216
0.00027158298331298185
0.0004007280348771536
0.0005679196149755596
0.0007279860907364605
0.0008454427835022975
0.0009557432928177893
0.0009946415559701173
0.0010362767330243262
0.001058903641307183
0.0010709364872967097
0.0010717429853821414
0.0010578887557785403
0.0010071188847722474
0.0009637476208594831
0.0008892741040788104
0.0008112370222836252
0.000732996486775009
0.0006624495371953558
0.0005890559698215565
0.0005056148312968985
0.00044105689536557855
0.0003562198936870873
0.0002776582933333512
0.00021801363122225413
0.00018629058316406124
0.00017809927545324995
0.00017806830548680098
0.00017329781742242084
0.0001738637386896411
0.00019039596584587628
0.00021799886533635195
0.00028333678066256424
0.0003578488343324526
0.0004462897578295764
0.0005493722677300398
0.0006619037080019152
0.000747466090337907
0.0008296241543416005
0.0008987212091429303
0.0009677154022407788
0.000999551889098404
0.0010424602548411567
0.001079096248650259
0.0011475860766321508
0.0011855307513943896
0.0012358700027190676
0.0012466576020171416
0.0012626668010733556
0.001253006031266591
0.0012059149022746263
0.0011618935268643484
0.001135542832133065
0.0010448522953371857
0.0009609968597074192
0.0008780890584100381
0.0007841280454345397
0.000741215236977368
0.0006743582853545301
0.0006255668246745462
0.0006038753474020992
0.000574819952188037
0.0005680683709600026
0.0004894705969103155
0.0004259725414576865
0.00040092364967863795
0.0003917344027432719
0.0004702465906345093
0.0005052372383621863
0.00056632556547652
0.0006087554576619682
0.0006191299904946031
0.0006236878267727372
0.0005726935529103244
0.0005135339228088576
0.00043248460893483616
0.0003410648557797111
0.00024974889024034314
0.0001512213851682119
0.000049592462293219055
0.00006125305919589754
0.00014422211438771588
0.00020562482536189874
0.0002497750207087814
0.0002667287396815474
0.00026451341168435606
0.00023629949360283106
0.00018865269064465058
0.0001304995408534956
0.00007084406865293796
0.000020936480755446443
0.000032932030744815435
0.00006159187053484205
0.00007680157925157093
0.00008977409071788474
0.0001328623507999579
0.00020245927933670038
0.00029592446537516487
0.0004081140079383129
0.0005030526294993446
0.0005835769907546781
0.0006512407358666291
0.0006911358427183382
0.0007432256224337896
0.0008051798619979338
0.0008688184843800619
0.0008817723783231434
0.000885751030995816
0.0009186155678541425
0.0008796971392927108
0.0008429666552305733
0.0008315054171168999
0.0007828388517192951
0.000694630956961352
0.0005803902413550629
0.0004598444134837625
0.0003368196811736389
0.00018772001527442533
0.00007264127609008776
0.00012452318774556836
0.0002415447611452932
0.0003446977512225661
0.0004412106067693897
0.0005580628701885097
0.0006500416668890134
0.0008089464802416196
0.0009889543974758335
0.0012453385909979458
0.0014932951926253813
0.0016901005369028058
0.0019151981657310332
0.002155013839698309
0.002350445179279138
0.0025039697520899823
0.0026729765909190967
0.002732616794215733
0.002719559532948829
0.002664198139383938
0.002503998565488486
0.00229817713479089
0.0020753828460667173
0.0017874164200821045
0.0015167034211366083
0.0012526295667998765
0.0010195516389863266
0.0007797994995285972
0.0007114196704358031
0.0006811186287699921
0.000703630988291618
0.0007634748695584156
0.0008368601908482111
0.0009086481901502359
0.0009343775617914169
0.0009312442144896557
0.00090413412206433
0.0008595139319784232
0.0008344059122665279
0.0008119477590076695
0.0008523821377590297
0.0009055339823732076
0.0010150909959904036
0.0011096467236384221
0.0011933557931255853
0.0012389936949172822
0.001305419817430999
0.001323222405857661
0.001343088161719339
0.0013411550399684026
0.001336567793309009
0.0013007630148480524
0.0012565246562984197
0.0012554016903164225
0.001269216362673292
0.0013714028782720305
0.0015553846482555752
0.0018373700816393462
0.002220330223959816
0.0026153649974800285
0.002950191621711518
0.0032814385842585944
0.0036311867893544436
0.003928567903155899
0.004194443067945817
0.004389977957469437
0.004485130302735341
0.004464178583284761
0.004371126529813518
0.004162616509977437
0.003903179006731922
0.0035652960029656424
0.003214456236899889
0.002784160650850318
0.0023658978779632794
0.0019709579843414076
0.001604385611217277
0.0013152317632695151
0.0011538993840666536
0.0010892480693949175
0.001106016847839399
0.0012405402227870276
0.001404587144037003
0.0015887782342095496
0.0017774894070167464
0.002003980623452024
0.002245785860137139
0.002514934922329452
0.0028147883347659206
0.0031539247306251027
0.0035156290548468343
0.003860760845375969
0.004246237426417703
0.004496190835551783
0.004660938337846989
0.004828150320026254
0.004837462297009462
0.004769211967275522
0.004631464633110358
0.004478307030821022
0.0042459151638384466
0.004006780169107706
0.0037357176542462296
0.0034850941706097167
0.0032197822400225097
0.0029773302488677947
0.0027941528638488877
0.0026585919280107955
0.002614787580426191
0.0025349919566966203
0.002493531876527537
0.002423866888761635
0.0023473925949529235
0.002250038483223771
0.002126279976426142
0.0019787968450507413
0.0018578836335538533
0.0017240294474519912
0.0015979140086530932
0.0014401271750683832
0.0013074905731270243
0.0011672641797382682
0.001027597518164501
0.0009221900918198036
0.0008115826984449415
0.0007152859967570484
0.0006265176265561939
0.0005614171787150899
0.0005489262249374223
0.0005495201819246588
0.0006387290617926265
0.0007631531518465107
0.0009194927831714983
0.0010737487211492864
0.0012216142077026942
0.0013293964333491632
0.0014788829034189216
0.0015798957176648147
0.0016322231698640574
0.001706797148226099
0.0017101401432280587
0.001656189362670563
0.0016706933037124957
0.0016276652683288632
0.001451151685556111
0.00138271539565363
0.001324205907581072
0.0012804211928398323
0.0012373855128935262
0.0011276666850695294
0.0010442839597067416
0.0009312072421909075
0.0008029483820415602
0.0006771419116123344
0.0005315391213464842
0.0003809598807077633
0.00026500567487773623
0.00019615540081070656
0.0001774857439374367
0.000177359710414286
0.00019279178149850937
0.00020371553789253123
0.00020707628693927984
0.00021136397474155153
0.00018946498752390987
0.00014844358956482516
0.0000778765765593417
0.00009558748873895637
0.0002704072166351266
0.0005084446690448086
0.0007727674511742762
0.0010559423544697366
0.0013524224979539732
0.001676467065484985
0.0019192453925093046
0.0021516642055091767
0.0023460534131535455
0.0024464150376898725
0.0024723246083202515
0.002480357168379308
0.0023228515472112927
0.0021944145020494116
0.002030316326303919
0.0018811304102480473
0.0018542633859677394
0.0018410651854412377
0.0019130554036590813
0.002070800288137913
0.002214128172931811
0.002392998292407203
0.0025226070146818404
0.0026220416178196295
0.0027159354342152662
0.0027486990017328017
0.0028037820179706336
0.002945622243968087
0.0031371162522288026
0.003383396607827577
0.0037024794065272674
0.004025330984679303
0.0043245772712953235
0.004588733026796031
0.004808970012550557
0.004986933858640408
0.005032449273813247
0.0050227786049159414
0.004899319615781059
0.00461260053449511
0.004394172507685494
0.004101303634839421
0.003967494021446362
0.004021601357647809
0.004121063024403947
0.004279904300299914
0.004475745613062927
0.004670491637911845
0.004845642878665557
0.004833000583128535
0.00474499888028078
0.004554775138728247
0.0042352058688977555
0.0038389823058127
0.003481618480807198
0.0030620841491033066
0.002578897730573166
0.002209752672114538
0.0020509843898218172
0.002160294747741724
0.0024124704154419724
0.002846701435740953
0.0032495678493119763
0.003727065049869296
0.0041828206709994655
0.0045131440190259225
0.004724374111675841
0.0047957114833986824
0.0047272436787533295
0.004449570488302901
0.004017823150524409
0.0034871017314797898
0.002988124105774459
0.0026817427630256093
0.0029904949997170732
0.00390209613337796
0.00497201522901147
0.006094949471662721
0.0073058462147608276
0.008469113334099717
0.008706518828933738
0.009286644827915391
0.009477385143447524
0.00933245930117435
0.009162043369767546
0.009361827253108095
0.00970775526595333
0.010279163855470392
0.010857824442296464
0.011014432422923763
0.011491913336516453
0.011705002787728161
0.01195621698656155
0.012139342414081522
0.011772013950431573
0.011374136994866113
0.010593161225155738
0.009768908661387405
0.008572406768159796
0.007167614866939006
0.005824611819298812
0.004403500564993045
0.00331032876522204
0.002711347322432181
0.0026180091485518146
0.0028255996445468736
0.0031179255398213067
0.003269263808742975
0.0033433528986344684
0.0032301369705720496
0.0031670949472105735
0.003021193650499946
0.003050420507261897
0.0029811075969348264
0.0030992789383570613
0.0032121253558478374
0.003301805209139232
0.0033932308032435517
0.0034160886042613743
0.0032143257504245286
0.0029726153934523207
0.002558340291589042
0.002186685409845002
0.001843269133227536
0.0016787212280800052
0.0019674686517788353
0.0023451859017753133
0.0027310256358848875
0.0030778308660029795
0.003393823799123962
0.003419199383929785
0.00347058711093682
0.0033946529386696066
0.0032681069817607797
0.003007555354767709
0.002729411177813353
0.002421518546718738
0.0018841003864398078
0.0014287562067122456
0.001333929760427625
0.001688258460516775
0.0023315275493571647
0.003075892489489074
0.0037938421481829637
0.004436957496368593
0.004969829552238253
0.005443457981301778
0.0059721592409035466
0.006387297085965827
0.006859042457546573
0.0070245772263503635
0.007208662018970856
0.0074248373630283904
0.007359169994354047
0.007209010707802727
0.007409905560015853
0.0073030406518623464
0.00749277352250763
0.0077850765295293
0.008263051521170134
0.008457082565052777
0.00868871316512943
0.00866120038977633
0.00859289030860244
0.008507948577722666
0.008087828802503902
0.00762265167518217
0.006848572190784445
0.005914554505855437
0.004966950217614882
0.004171651211199786
0.003164299150745937
0.0021993866409066886
0.0013616267159992181
0.0007265237047558631
0.0006718486105993122
0.0010949819829892955
0.0016471367980255118
0.002226132560437041
0.002770554901376092
0.003254033337983424
0.003731192658035306
0.004204907193290722
0.004763696077261587
0.005197459061458716
0.005587857813460263
0.005810463987539079
0.006166677956431756
0.0065188751692524145
0.006974714969827353
0.00738554113185155
0.007741931459019348
0.008106546014869763
0.008288070635046304
0.008285794712223574
0.008219477341282339
0.007934949890829348
0.007642294897153695
0.007128487392840129
0.006570682873723531
0.005930043948713856
0.005301932319544197
0.004730793620003831
0.004034306635852522
0.003429122210425916
0.003074094122959578
0.002712632202902066
0.00241695868363959
0.002187702400671724
0.0020639328732147684
0.0019604323211886883
0.0018795472761029967
0.0016847844580568957
0.0013693977619039853
0.0009792037329224622
0.0005565529179218584
0.00036862603784933726
0.0008244758248586291
0.0014914796427703298
0.0022475419126057965
0.003139806146725217
0.004080591448506129
0.005033379829486726
0.006010417258435887
0.007088763147036903
0.0082336610611504
0.009378603086835583
0.010521084135165339
0.011794519955986087
0.012754509641208313
0.013551988519032249
0.014344188439723201
0.014777923082071175
0.015152804835017429
0.01550486568011806
0.015389610793014711
0.015195034748813186
0.015294242985355944
0.015097029222514116
0.01490553647490509
0.014942683750663844
0.015127741961639107
0.015147966215669086
0.015489470773181403
0.014996907989897822
0.01473561780486936
0.014259595570232575
0.013299114457826342
0.012527030134000266
0.011674466686798234
0.0108961398427018
0.009697278524855147
0.008518861884818938
0.00709267417567529
0.005675888965221601
0.004775363375868882
0.004248736229244653
0.0044160011630309725
0.005134306249992605
0.00610552339490985
0.00725154673489956
0.00845817888965472
0.009597597235598736
0.01075693828143035
0.012104400110695251
0.013781662899318784
0.015134384250029583
0.016429398296378638
0.017796967115320625
0.01870700888282035
0.019404317360860374
0.019732076245908624
0.020380207228153417
0.021257717203355463
0.02175644180737505
0.0223707984705504
0.023494731173791944
0.02459700616584837
0.026202075655604534
0.02786204897536408
0.028831673713370656
0.029738165336800803
0.029390522605499247
0.02887799571271535
0.02659955554354586
0.023731397225992684
0.021036443479322976
0.018144277252181575
0.015001471288924982
0.01226105006386633
0.009868148976025892
0.008061194739740159
0.006580999392025286
0.005459470684880461
0.005283457673342997
0.004902206027227019
0.004721853875039081
0.004770555129814383
0.004291282656545621
0.00391990779194918
0.003486080048849032
0.003038431546732605
0.002736843169786846
0.0023808593052076876
0.0022184189906791743
0.002204676094830398
0.002454041987189493
0.0030015747494301025
0.003768253711039574
0.0049347291213297974
0.006256816665762996
0.0074585740095882294
0.008426898904347693
0.009530728945736236
0.010558391401788304
0.011173223101258525
0.011521339146736665
0.012077818133152167
0.012639500464125288
0.012956699934716659
0.013509953633424457
0.014322453830088674
0.014969364886701935
0.015628559487044506
0.015958668092977905
0.015538933810353118
0.015114656124229143
0.0145022657514087
0.01394323511214697
0.013203432972557291
0.012326490918057108
0.011619007220733722
0.010960243911345294
0.010075554727034112
0.009051387320863403
0.008093848542864799
0.007096679416224016
0.005980941918644716
0.004883311668466053
0.0041917445025154735
0.0041347961378597475
0.003986866720105337
0.003993401312830373
0.004274836648084133
0.004485925143722719
0.004588790646971086
0.004696521324359671
0.004581534398134758
0.004565658380023193
0.004245966574424239
0.0038767257800260023
0.0036220155882381263
0.0034560229276359338
0.0034861568429006068
0.0038818855784750654
0.004447435807221541
0.0052841740318725315
0.00613478200857811
0.006706570473949005
0.006883937385009975
0.006902816384708552
0.006710436179116958
0.006563009218672498
0.006131532205618665
0.005680078924867848
0.005544574522207443
0.005133782699012117
0.004924597213159442
0.0049209914470679
0.005045451746446846
0.004956728952359215
0.005064683457447485
0.005208988738574584
0.005266383160263933
0.004922745223637828
0.004513321616198817
0.004166620668613285
0.0037394356201418074
0.0033444751868698494
0.003157573154044654
0.0033982079417001275
0.004405807261036641
0.005475497395574245
0.006636724418318465
0.007653274655197273
0.008568585762086944
0.009302414789579072
0.01018813230051347
0.010956447091077789
0.011689579836191325
0.012165710462866037
0.012466925895349996
0.012791772625725525
0.012805489166583865
0.012901818262083111
0.013125317910705163
0.013217289753240364
0.013621424484848035
0.013596727378802449
0.013521628865729749
0.013566676985776821
0.013681052742054564
0.01393632634560509
0.013563500783842546
0.013711995045847256
0.013757731735929946
0.013714579273838599
0.014427173906277718
0.015248179870813049
0.016400322171898303
0.017542725581784595
0.01877689708908036
0.020044765987363124
0.021501000646022506
0.02338267944079682
0.024898146830580146
0.025849355126788258
0.02677860120143467
0.027081811656565067
0.026990714316302778
0.02628110241028057
0.025241656100102445
0.023805528737191793
0.02252101023512316
0.020364997333296532
0.01863267578529456
0.01726225182319032
0.014856381162813842
0.014044727125583962
0.013007759455387562
0.012160604653785883
0.012360370441586523
0.01253619217478472
0.013185915414181737
0.01339426336734528
0.013668913294936517
0.013871859129395344
0.013552072020749414
0.012618048124762861
0.01199802590342906
0.011991130532938174
0.012479354177252888
0.012929919046366195
0.013692608283028705
0.014090004944542987
0.014207963626151829
0.013863466432100895
0.012782669077094388
0.011512749140778784
0.009280090018705089
0.007530760359690558
0.005992422641415933
0.00524827796711101
0.005713854685102624
0.007193417718472635
0.009347446495816822
0.011827376480341293
0.014205934213139473
0.017552963688297854
0.019974821661519353
0.02347895429637346
0.027783521642267415
0.03233501694707148
0.037944285478933894
0.04510439013127099
0.05296009516946236
0.061779416745429576
0.06945827818225929
0.07923790665111588
0.08785652943103692
0.09402333807046662
0.10156462265714053
0.1093560495802604
0.11037335098556401
0.11184604858957645
0.10761259136901209
0.09689512692238947
0.08842919553603595
0.07590773244922236
0.06098509647427246
0.04766677345712963
0.03448336250356418
0.024748584739620886
0.01858222829693582
0.016246410944621942
0.017448371731159037
0.02013196116667204
0.022330474457565107
0.023055766400850122
0.02189762143354527
0.019344712992495912
0.01627439601381017
0.012827440920709596
0.009759981616900773
0.008721522844200464
0.010803228384580966
0.013648723246070008
0.017282463056784537
0.02091634891706423
0.023318088252006677
0.026277520093095936
0.027966083307978992
0.029857671362080142
0.031036604585903658
0.03048694395219934
0.03009043606045432
0.028469400108812895
0.027715402540142688
0.027396462403526008
0.028054494889639958
0.028091907548529534
0.03088983989728266
0.03452768575657728
0.03793833360676132
0.041908388779504514
0.043587486867863706
0.044904446640434095
0.043456772144101985
0.040717869480384965
0.03667600424937245
0.03286937046908578
0.02743385063782629
0.0230951631513929
0.01988887093309936
0.021253316970687285
0.023534462707038063
0.024428793354560132
0.02733076699283906
0.028254357576279344
0.028833495498945382
0.028669931816442815
0.027057995397681077
0.02474104126505613
0.022297517885662112
0.02119408381206852
0.020113953575209693
0.02002929775331128
0.020729972551860487
0.02184885460659119
0.024134671996676398
0.025825114754638882
0.02777398922206455
0.02900227916516578
0.029360262029255596
0.029166652425588514
0.028374458070642677
0.02776407936197902
0.026219989448107318
0.0253346544681798
0.024180270630279683
0.022613850440007927
0.021792995124693806
0.01967683974421546
0.017980889398561933
0.015399464324985646
0.01236840907060681
0.009746539962206638
0.006673790167956647
0.004514123271428505
0.004806445446927437
0.006403927325038338
0.008628015361852336
0.010020498127881897
0.012601063790918009
0.015153376972116222
0.01802437780171055
0.020594341255304512
0.022236583574520376
0.024073977034845005
0.025253395172016694
0.027015622673694794
0.026548263569453237
0.0261408539952731
0.024562962066562742
0.02330908713738959
0.019883667732460596
0.017197154101822033
0.014544377337358486
0.012406092636175644
0.011256771552437395
0.009700896314288863
0.008513307522697584
0.0074239177018467105
0.006824338368789753
0.006125577649013985
0.005745930479132142
0.005860657022052869
0.005601158389991392
0.005950779070409142
0.007474493557462416
0.009693152613688591
0.01222693582895903
0.014863377160138929
0.01849615724658844
0.023477914915501236
0.030400685046758434
0.03759848443362575
0.04622608270911455
0.05698415542993134
0.06745721642257141
0.07804097417774575
0.08882745008632369
0.0978508654501261
0.10410711009603948
0.10992698491219172
0.11430605425744325
0.11670148610483234
0.11320747046657778
0.11018022800791477
0.10259763938970295
0.09527233610318868
0.08705131944565606
0.08035919241878917
0.070997789386296
0.0625316036623826
0.05361775264245866
0.04642245770410313
0.04107707320068655
0.038785127543876315
0.03794718817505091
0.04041268056389835
0.04129334675612816
0.04292759102727691
0.04549903734744848
0.04694039191679998
0.047372300007913516
0.04711575691177738
0.04367319697341649
0.04071717233359824
0.03783094167066131
0.03519964274578817
0.03214265877944151
0.03050403983156931
0.028129003320602978
0.0280119942648299
0.02530042526960375
0.023926685130742503
0.024455642511763468
0.025189479782452597
0.024843466485091732