0.
4.460955636658422e-9
1.0818068264881759e-8
1.595789669546808e-8
2.6831873891489515e-8
3.254105413736983e-8
6.517234885838068e-8
1.0792395481355658e-7
1.7313147631363914e-7
2.807422244902621e-7
4.435765454764298e-7
6.513390277511283e-7
4.768146767628229e-7
9.97001511722729e-7
1.0588479744241178e-6
1.261717506805683e-6
1.333058624663626e-6
1.320192004992542e-6
1.3980815583568442e-6
1.3735555568303752e-6
1.3475556128622331e-6
1.3353382129820433e-6
1.3206430042209933e-6
1.286091480554451e-6
1.1951700557992604e-6
1.091643166375512e-6
9.514741917028501e-7
8.206836909297163e-7
6.452547221263349e-7
5.354565878674118e-7
4.3765093754738145e-7
4.085345913733977e-7
4.677223176227888e-7
7.709735384507036e-7
1.0630446321491218e-6
1.3366943601260628e-6
1.8580756949321663e-6
2.1937814117834492e-6
2.6538231280399316e-6
2.8988441140874805e-6
3.0908282663289117e-6
3.2818127416047896e-6
3.384634417426876e-6
3.5278592733100235e-6
3.33682887194824e-6
3.3487350075936484e-6
3.0980487255205334e-6
3.13896136613317e-6
3.152137113901215e-6
3.1515235098333884e-6
2.924981508761571e-6
2.85994129872195e-6
2.601958922269271e-6
2.4528027375312105e-6
2.2205260836150522e-6
1.9773906346627576e-6
1.8056702132818087e-6
1.8835873511089708e-6
1.9456280600200346e-6
2.1486287071299295e-6
2.315500627031276e-6
2.486934153708708e-6
2.576108616388908e-6
2.5597730116505413e-6
2.514782720459167e-6
2.481423419681503e-6
2.3978347108388668e-6
2.3248765851711714e-6
2.2601436828793054e-6
2.219727642310918e-6
2.2138942300563515e-6
2.27766895044581e-6
2.4056619933039266e-6
2.563679381123668e-6
2.7453590331199364e-6
2.9566736294788167e-6
3.159890558207414e-6
3.3260079598896236e-6
3.485747485958863e-6
3.661165500874371e-6
3.764333912663586e-6
3.829827509016109e-6
3.862665903136291e-6
3.860099134585395e-6
3.82006948103514e-6
3.7311117924554777e-6
3.6341526908296908e-6
3.5099610661793125e-6
3.354972974136018e-6
3.1948699729440623e-6
3.061603690105608e-6
2.9391816910827834e-6
2.857937662355555e-6
2.8217003477328534e-6
2.832821948246727e-6
2.9138527159817547e-6
3.0262939512273486e-6
3.2046156907058776e-6
3.4344095982175227e-6
3.6793401740889316e-6
3.981897501878038e-6
4.297222790818606e-6
4.68356086082169e-6
5.044056023566413e-6
5.460817778967838e-6
5.873891810362571e-6
6.256713346992659e-6
6.667625588053166e-6
7.087284432973067e-6
7.44435413015279e-6
7.770243871330765e-6
8.04844265010559e-6
8.221248027158305e-6
8.359650086887022e-6
8.390691390959356e-6
8.342727542465035e-6
8.161567376332713e-6
7.914490205183008e-6
7.5691383162403724e-6
7.1589271524764675e-6
6.6664302496980764e-6
6.15514338104662e-6
5.582653001515494e-6
5.000364163517199e-6
4.431744505201857e-6
3.902228939788993e-6
3.4064590816935095e-6
2.9985459551161715e-6
2.714938680591956e-6
2.6022227651036766e-6
2.692582957280574e-6
2.893717198608264e-6
3.2129068942897344e-6
3.636029998213043e-6
4.091182195809427e-6
4.587571007731223e-6
5.171454102363848e-6
5.849763104633832e-6
6.639048317624933e-6
7.577937333924607e-6
8.68669089549246e-6
9.97920174766322e-6
0.00001144568418763143
0.000012945006370689526
0.000014465607457898525
0.00001620267475363645
0.000017980146742507967
0.000019888029146980328
0.000021948451045618976
0.000023995923130597903
0.000025840855704474103
0.000027710149515356348
0.000029340050337662038
0.000030873469371499927
0.0000320764114324451
0.00003270857077874311
0.000033039087367647574
0.00003321384183918765
0.00003309449693320636
0.00003252392149172461
0.00003138325085620939
0.000029811678796468957
0.00002796050236223443
0.000025711286201237306
0.00002289434937463996
0.000019981821988422153
0.000017098740568880537
0.00001439221045767034
0.000012460446979612827
0.000011954360610625145
0.000013874365370206215
0.000018199064109086315
0.000024162334826352066
0.00003113821807363888
0.00003863398533774388
0.000046216800243083664
0.00005392175557377871
0.00006174042450605669
0.00006950609062575647
0.00007654103562298912
0.0000829768623730394
0.00008863388896642882
0.00009300187817335046
0.00009585004869776663
0.00009775530052597058
0.00009936084979554357
0.00010031725710179872
0.00010092894934442782
0.0001011254060988178
0.00010069312629354304
0.0001007288382879613
0.00009986897215225132
0.00009878615558066761
0.0000977447638226222
0.00009727959812098978
0.00009663285166546518
0.00009470302942039795
0.00009112663369926668
0.00008506622441914973
0.00007813782343675096
0.00007058849061511846
0.00006327712902763502
0.00005647536273428474
0.00005077183695343247
0.00004637742927360794
0.00004327682151978227
0.000040997971540457195
0.00003934593535864912
0.00003831444300713433
0.000037938762914205336
0.000038146984275237646
0.00003852329097248034
0.000038452833576873465
0.00003750314644819454
0.000035430441754353764
0.00003296536391028677
0.00003080216641134961
0.000029632004733929483
0.00003073921872915489
0.00003463142604790747
0.00004042623257509215
0.00004756407415403185
0.00005554312515202966
0.00006348052069233384
0.00007106697441821643
0.00007779484374632019
0.00008403011627064844
0.00009071866616673665
0.00009671361628561962
0.0001023554475653925
0.00010782820454667185
0.00011232382126419314
0.00011542412820008915
0.00011626070254856207
0.00011539798835523214
0.00011256540430230374
0.00010772599553174342
0.00010146452877728552
0.00009432079092681286
0.00008630209997930652
0.00007792780286798847
0.00007027333072776722
0.00006288971912830142
0.00005576381112535932
0.000049109052775266565
0.00004309663436907375
0.00003801840908693681
0.00003440591903058599
0.00003163926655357357
0.000029509684229448624
0.000027388079322839173
0.0000251994666145372
0.000022981359130394526
0.0000205719653677527
0.000017937986301971222
0.000015349422276911824
0.000013220019499954271
0.000011557474325739896
0.000010368193293430249
9.70596651430208e-6
9.798089229771926e-6
0.000010551628377524688
0.000011466915185298924
0.000012336637505853559
0.000012828529897043667
0.000013272528743590814
0.00001360296305676309
0.000014111310284121892
0.00001467415145442977
0.00001548313238054604
0.000016446196868138834
0.000017441143331973756
0.000018404612131980574
0.00001919279086667125
0.00001994418118602564
0.000020553080763774504
0.000020873711159064612
0.000021183817799364683
0.000021261930701165453
0.000021069283974001992
0.0000206507583831873
0.000020018864854623576
0.00001917107229735616
0.000018283761238936664
0.000017406353461904852
0.00001655992173484609
0.000015731127555693576
0.000015020012985458825
0.000014724220677355728
0.000014933360164361274
0.00001569790339166824
0.000016840744193896612
0.00001826040619251014
0.000019868602245987404
0.000021506941652397774
0.00002310876792606776
0.000024450048153335145
0.000025545083711457847
0.000026389261376145385
0.000027010418327555546
0.00002731889035815195
0.00002745012667027896
0.000027438933574109732
0.000027417095597798715
0.00002750875064674389
0.00002761663251810168
0.0000276609828166721
0.000027779245509973597
0.00002779499124665467
0.000027492284305588756
0.000026916548774694924
0.000026064615146986754
0.000025026107503427463
0.00002376724059582789
0.000022396537109096264
0.000021142366155279086
0.00002008683403007753
0.000019144719666029127
0.000018262787577157037
0.00001774918017472516
0.000017531870932057984
0.000017657024479720243
0.00001798274125201515
0.000018181968210867428
0.000018392324387084024
0.00001902231873360765
0.000020686908067904102
0.000024193010258773862
0.00002992874305735907
0.00003833093286878991
0.000049636745244798724
0.0000633441876370075
0.00007873835036713795
0.00009544076346401264
0.0001126982880340271
0.00013030819400918154
0.00014773254632174942
0.0001635536273584042
0.00017692317103273154
0.0001871101857388933
0.00019432578072290597
0.00019910189986674755
0.00020139054070624453
0.0002012517935146628
0.00019872085493480816
0.0001940329208840662
0.0001872307957403649
0.00017902539501160502
0.000169911295916589
0.00016043098862485666
0.00015038283373075358
0.00013963128397029596
0.00012803094909910113
0.000115581552349503
0.00010275685828270248
0.00009025169824588723
0.00007883741343293657
0.00006950944244261705
0.00006197482381274796
0.00005646014107617455
0.00005384988133562017
0.00005598315413255369
0.00006231707467254895
0.00007149843216477087
0.00008161445171626707
0.00009153419842022748
0.00010175180198972827
0.00011358099383526373
0.00012845827994019632
0.00014902246302372186
0.0001769037475322396
0.00021295461649888613
0.00025513507614098157
0.0002987912297009075
0.0003398789675859981
0.0003741845851380137
0.00039938388639746493
0.00041167163945489193
0.0004050897384181242
0.00038508112515033704
0.0003531928662162624
0.000319031993160671
0.00029979766579070585
0.00031147019195214705
0.0003552744920425151
0.00042085370654120125
0.0005033102312032256
0.0005856792996522627
0.0006546300979630349
0.0007043288183440866
0.0007332074943866996
0.0007372713680732956
0.0007214293154946624
0.0006887896848532576
0.000636401748180418
0.0005648122695063855
0.0004825867868233847
0.000398663117227306
0.00031798810243379566
0.0002464987423332838
0.00019128453700913525
0.00015460315588843108
0.00013308074492486983
0.00011887405790831653
0.000104005522136472
0.00008798216053491458
0.00007573654322401802
0.00007623868394107062
0.00009158179416877503
0.00011397968203814725
0.0001370075733428908
0.00015513527588702217
0.00016569053423043758
0.00016846554899728515
0.00016408191114507524
0.00015504947561853337
0.00014265388008395357
0.00012946051919783636
0.00011854494185384848
0.00011348039522490537
0.0001162571646018872
0.00012715812266030974
0.00014587805872329793
0.00016893805584655675
0.00019318787157265342
0.00021522745149122417
0.00023244380722391687
0.00024471842593759324
0.00025377456202348245
0.0002598640732747841
0.0002618344689803942
0.0002589418646333552
0.00025226873079137586
0.00024150681112866632
0.00022724374607031208
0.000210749231858619
0.00019223585312581686
0.00017119272644583038
0.00014835431646549079
0.0001255969374020658
0.00010357371251900562
0.00008269410776025327
0.00006398852962790522
0.000048911844731357576
0.00003987590757565521
0.00003970457929852341
0.00004699720032489464
0.00005741772290903941
0.00006900986986944354
0.00008116297304676437
0.00009299862889231274
0.00010417577272041008
0.00011424602117038393
0.00012310907340494135
0.00013038222474221858
0.00013576512393934009
0.0001392927786749101
0.00014123892917188133
0.00014166606108329886
0.00014111935314795396
0.00013921410728215408
0.000136025500915637
0.00013262078604892329
0.0001292417181153878
0.00012612283959783055
0.00012291802083418991
0.00011958507346538917
0.00011702718021398985
0.00011365050722152571
0.00010907445028926375
0.00010394358878136717
0.00009805326343926537
0.00009196490756067341
0.00008595817812206857
0.00008012347356799815
0.00007569801901026516
0.00007287055030756784
0.0000716756522193411
0.00007186544423233106
0.00007303749131240085
0.00007506424786082369
0.00007719235500707308
0.00007887905505203711
0.00007965711816547496
0.00007923815849783345
0.00007945920565908144
0.00008159175883796742
0.00008792152699885843
0.0000997155119271881
0.00011693034135146366
0.00013970476629633754
0.00016639201744485731
0.0001963382615535147
0.00022685563388403858
0.0002557252385202466
0.0002823506682923953
0.00030589496322426085
0.00032480753508672047
0.0003384507543321643
0.00034678335761571686
0.00034912162890051444
0.00034541375755322407
0.00033684228072258213
0.0003244482662641107
0.00030855627256124205
0.00028896390479496567
0.000266175312951163
0.00024238603040367617
0.00021907097304954036
0.00019677176428652902
0.00017653426820923336
0.00015914359014859356
0.00014525848862530216
0.000135882996896458
0.00013066478805266764
0.0001292378330997403
0.0001320629310742405
0.0001377432132587623
0.00014492007931825833
0.00015258142051380606
0.00016013211961793665
0.0001660952150069797
0.00016855901747491318
0.00016595863792283726
0.00015939748479255168
0.00015037495602277304
0.00013865309956506174
0.00012502275859373044
0.00011045268872760677
0.00009558020231200232
0.00008329232254219982
0.00007449895530430723
0.00006982314633785205
0.00007139048623517233
0.00007612645867456317
0.0000829981102966902
0.00009148717521097806
0.00010031080953561086
0.00011045251915694087
0.0001224372249844183
0.00013630040032105994
0.00015214863722081795
0.0001685037613028845
0.00018470824861414208
0.00020024493982200554
0.0002142000516726166
0.00022884421361397085
0.00024251660088780687
0.0002557999422347157
0.0002692355006046249
0.00028007696886214425
0.0002883300381911089
0.00029192249207808955
0.00028888688296952993
0.00027960543896740484
0.0002639317247486039
0.00023954621921096973
0.00020764971573724496
0.00017192691799735674
0.00013641311382007497
0.0001080654323177652
0.00009171256492483162
0.00009172193812290264
0.00010922304335185286
0.0001387022360754856
0.0001784064937481286
0.00022701629670787227
0.00028125706353675185
0.0003377459929460694
0.0003950867687275404
0.00045128231448518134
0.0005003919274508177
0.0005390257209178444
0.0005665587325014657
0.000581587099088478
0.0005814998319037734
0.0005687311826057091
0.0005435405410823997
0.0005009849573834417
0.00044392436397939307
0.0003777938536075716
0.0003092777592961658
0.00024685964506180295
0.00020793987382849231
0.00021500792408844769
0.00025905155257590734
0.00031436718214731407
0.0003646701839128896
0.0004029986268125252
0.00043091096555264284
0.0004467781123354887
0.00045142004844299735
0.0004543674025125218
0.0004618832474462397
0.00047823044490496157
0.0005005885302554336
0.000522619711051197
0.0005378678885962685
0.0005418643582149718
0.0005332667985457109
0.000508896267406614
0.000468703722905608
0.0004145647433313928
0.0003482245565470778
0.0002756247731457603
0.00021139845753463245
0.00017664624645228317
0.00018931475940242034
0.00023648743400181318
0.00029569889261207697
0.00035579768340139367
0.0004111397836221963
0.0004600250849003992
0.0005012605922477151
0.0005290460505060436
0.0005439027994981321
0.0005500183720500554
0.0005464036460076115
0.0005341004671767033
0.0005148955666989144
0.0004935545517922412
0.0004699028121565664
0.0004387136709650118
0.0004000869027637888
0.0003593793704139555
0.00032362761088996133
0.0002948130641616389
0.000268090522191796
0.0002417639198906922
0.0002181046239438369
0.00019650873093208653
0.0001721915248381133
0.0001436330833037356
0.00011261637354486508
0.000081427236605913
0.00006164466513174743
0.0000741275703407257
0.00011180345262508687
0.00015819723901565365
0.00020455664451512177
0.0002464238476528657
0.0002814413127598235
0.00030612257727425133
0.00031926316360841525
0.0003238599683953342
0.00032059600065462835
0.0003098190245846657
0.0002981482481111608
0.0002924210819425829
0.0002946915842616312
0.0003060601780989871
0.0003262744337985109
0.00034995001456481184
0.000375351318954133
0.00039861971484893863
0.00041413355035984023
0.0004225089852858642
0.00042166581742526885
0.0004099392550943851
0.00038801112699680306
0.0003582499653401496
0.0003225172301852677
0.0002817596420622565
0.0002377322497433356
0.00019251290101849995
0.0001481473810189719
0.00010617820384213637
0.00006925132741618712
0.00004299689575890541
0.000038757295003296736
0.00005367959395550773
0.00007251653361575898
0.00008830592461812102
0.00010007623885479163
0.00010771290529976675
0.00010996509094953509
0.0001067500301358388
0.00009719110594937621
0.0000821716619014094
0.00006258598740311288
0.00003974412616095195
0.000025561988142663195
0.000045587670919616795
0.00008369556597619346
0.00012847924680961767
0.0001763908871958416
0.0002231687200526929
0.00026522344622727576
0.00030071443390717386
0.00032920711888430055
0.0003502158507401448
0.0003648196412084944
0.00037484727529100504
0.0003799851691936359
0.0003843270169597303
0.00039145232850501034
0.00040463249866673826
0.00043105450851115397
0.0004734871231886035
0.0005260495943629988
0.0005820103628730478
0.0006410923924364324
0.0006955811554695664
0.0007403682701041621
0.0007725480743948715
0.0007840117553466192
0.0007736294315979227
0.0007408026343245984
0.0006847093696806515
0.0006042370397416521
0.0005015612663273664
0.00038612085943168
0.00027903479388612226
0.00021997907875516773
0.0002544036850977219
0.00035038131812861875
0.00045698219932699435
0.000550014716511746
0.0006226033266556541
0.0006760866667021516
0.0007129150668093933
0.0007371243591314889
0.0007531758403262465
0.0007654730043965927
0.0007771794319952947
0.0007922053375718915
0.0008105601057991185
0.0008259465858131804
0.000835899209034045
0.0008380919676623112
0.0008300824809619664
0.0008113136866794069
0.0007822021914822081
0.0007462390597585026
0.0007071824178158048
0.0006680844980367005
0.0006347897679027494
0.0006112950768616864
0.000597031209413212
0.0005872169383343081
0.0005799909194204598
0.0005747177834001696
0.0005658331695748382
0.0005559135799274282
0.0005535449425497503
0.0005599851275019408
0.000580506394571446
0.0006238345594681156
0.000695291197661297
0.0007888169222796214
0.0008959081112686946
0.0010008632786258653
0.0010849746189029125
0.0011352514835883255
0.001136408620071335
0.0010807820660129334
0.0009650282767094023
0.0007973505667846437
0.0005963041142413923
0.00043435007159415065
0.0004816632202927362
0.0007361399611590494
0.0010566999018920972
0.0013754985104260096
0.0016559066961192273
0.0018728340290739946
0.002009234126399554
0.002064270698526625
0.002043372609302819
0.0019418942192127085
0.0017790003549190661
0.0015845038827653128
0.0013908658041750347
0.0012370962547199142
0.0011550066388997537
0.001129444998598046
0.0011146727979546114
0.0010719566554359614
0.0009755286966603823
0.000822417721003981
0.000622153064204554
0.00039884532858041656
0.0002442432436400296
0.00033739615064496694
0.0005487272681195377
0.0007484336681504569
0.0009079174087633593
0.0010174290043566093
0.0010645070856911136
0.0010605328280899509
0.0010244786905052258
0.0009685761865155699
0.0009112246578259766
0.0008735819585048774
0.0008653102784293127
0.0008892529910991318
0.0009311202569786764
0.0009643071975980577
0.000984298024178724
0.0009843084089548547
0.0009510551341369551
0.0008869693290595276
0.0007953406153283337
0.0006822966989987201
0.0005624910857391174
0.0004544974447974153
0.00038089194043869036
0.0003622935255980774
0.00039774765506613355
0.0004575842138626426
0.0005164815066316267
0.0005599363951665988
0.0005816058512913414
0.0005820335381963002
0.0005624355689667685
0.0005251548725599063
0.0004779542721104518
0.0004270068007041523
0.0003735369342417783
0.0003209328093005164
0.00026909451921384325
0.00021960562567017417
0.00017301246384878613
0.0001307294428233333
0.00010271082067204094
0.00011279977915999033
0.00016900738674686562
0.00025067304287607284
0.0003478422626269789
0.0004559917575160123
0.0005678083189195207
0.0006802587152438867
0.0007931027568574177
0.0009004258197171529
0.0010019072272458298
0.0010993390723400827
0.0011883143729576537
0.0012592182466770122
0.0013015726962898647
0.0013172787410378295
0.0013077541533621567
0.0012724826205275344
0.001212601284060419
0.001126949808785007
0.0010265640195446276
0.000922491645880238
0.0008281726116545561
0.0007619667285830711
0.000729252882304207
0.0007285097701919095
0.0007611591028335984
0.0008267582668008396
0.0009211317439260464
0.0010392337510134542
0.0011735277076990209
0.0013135744254428375
0.0014518920910765098
0.0015791087898286156
0.0016902119280052211
0.0017688947313139677
0.001794620070813018
0.0017770005688812012
0.0017284590289286324
0.0016525959417185857
0.001550934065116338
0.0014359323071733428
0.001320693697108063
0.0012097572920206719
0.0010963367451176291
0.0009680597282042729
0.0008195518238085003
0.0006476176890421777
0.00045411698070345634
0.00025719688845738525
0.00014411417265238366
0.00028782219115118903
0.0004994547661921951
0.0007012800266502734
0.0008707689954793063
0.0009999354070934616
0.001090807263254184
0.001148567628965684
0.0011823889569827363
0.0012073784840234765
0.001235970265179648
0.0012696786756820155
0.0013107381441962117
0.0013551844787654667
0.0013933375536712984
0.0014253128677902186
0.001459870138705429
0.0014896205011573282
0.0015022587637392231
0.001494742244725007
0.0014639195094437545
0.0014107042714129538
0.001344633581180254
0.0012696991253987613
0.0011945944273655665
0.0011252857048194812
0.0010601849568201353
0.0010001242470875614
0.0009440346864565598
0.000893067237077111
0.0008502293902101666
0.0008161415195745476
0.000791964267674938
0.0007798920292321972
0.0007857078710428883
0.0008131661057077767
0.0008658839281104414
0.0009405688788937083
0.0010272727917553476
0.001123741514159622
0.0012270510916889883
0.0013284389752094374
0.0014232215382706558
0.001512969043393837
0.0015955709719613538
0.0016637943705759487
0.0017124387504962983
0.001750482259447599
0.0017900848920938235
0.0018380034788238449
0.0018734158157792005
0.0018836295698455505
0.001871550842111123
0.0018260739955863008
0.0017434808923767562
0.0016307319934333595
0.0014972904841107338
0.0013513888443796758
0.0012114271927944318
0.0010954387858431857
0.0010234392087225426
0.0010149144716073693
0.0010371348290479975
0.0010662034788183738
0.001084809408588159
0.001079672640983546
0.0010466111153946635
0.0009776676482457663
0.0008693414093875626
0.0007358322619634114
0.0006015022631611218
0.00047523210521382134
0.00036297898527083277
0.0002846149193980114
0.00024924090918590795
0.0002363440463845005
0.00022351745401015188
0.0001944855335076132
0.00014184699728033118
0.00008497745327113782
0.00009547482930601142
0.00017258842513935544
0.0002526322339608914
0.000315047732586911
0.0003510472999236201
0.00035767581729557584
0.00033341800273219493
0.0002824119385860809
0.00021503425968173007
0.00013927532767227965
0.00005670419603558082
0.00003886419946474536
0.00013395828115605018
0.0002516864178400983
0.0004031100776227356
0.0005943943731658159
0.0008257821468021386
0.0010919683518145287
0.0013781065096674934
0.001665427996213141
0.0019376586145275867
0.002153273102697616
0.002274718008958496
0.002301853527723056
0.00224989825998151
0.0021421544754331714
0.0019955707092873657
0.0018354042671845498
0.0016975516814076114
0.0015962117377777934
0.0015357193298483974
0.0015115698282452661
0.001496770884762927
0.0014588652346020708
0.0013582405402183483
0.0011711450966682207
0.0008932055488816215
0.0005298739164674936
0.00013298541230361151
0.0004350611190201361
0.0009485769887900148
0.0014696901119583723
0.001966538454110617
0.0024102380273991523
0.002794775481082074
0.003120527116426975
0.0033770465194682916
0.003565084411312948
0.003693720408501918
0.0037581984471199135
0.00377191420446977
0.0037619761713231863
0.0037549007073825226
0.003772470933395975
0.003821597616668432
0.0038809239272249293
0.003929162173469473
0.003950951761115986
0.003930052084155022
0.0038648693409324038
0.0037745697468339807
0.003644494519616312
0.0034464221806112124
0.0032037448788830203
0.002921728683552909
0.0026158585743944513
0.0023023712594321716
0.001991605272817098
0.0017199567030605613
0.001539383162835116
0.001486804518095442
0.0015645193428453507
0.0017340138263660597
0.0019306845067037358
0.002092553701798739
0.002179537018441581
0.002171307837009246
0.0020602292207266464
0.0018629245097886902
0.00162270539485854
0.0013907125181850974
0.001242541618037133
0.0012322332049651459
0.001319499883964088
0.0014349469201054973
0.0015136347886405119
0.0014867260768626864
0.0013338835066915317
0.0010519754671198575
0.0006504027625269756
0.0001984121280708507
0.0004845316008071606
0.0010985692540809785
0.001746870973519274
0.0023761720296513007
0.002942376358468458
0.003418373359851372
0.0037880773591168343
0.004032256895456669
0.004122063675487732
0.004047974091462618
0.003849784100865762
0.0035654999023793845
0.0032102031967444575
0.0027545656405209484
0.0022411340885324037
0.0017140424427143103
0.0011936438297185242
0.0007966509391819689
0.0006986157447464204
0.0009107813941959077
0.0012264269931770767
0.0015114109476536421
0.0017216993981523604
0.0018436917534874386
0.0018862870742157474
0.0018606882169117979
0.001782297259781363
0.001674921130536255
0.0015673017343085563
0.0014884875107460613
0.001462837979543411
0.0015058698043799623
0.0016175332834867909
0.001795846645920237
0.002026896161092055
0.0022754106390002805
0.0025317525654990117
0.0027754233565124606
0.0030113407402197006
0.0032376480125431567
0.0034407941947204594
0.0036050705250379525
0.0037379192639534135
0.003828207472150171
0.0038883298903591122
0.003908974112509193
0.0038666463240771675
0.0037894126027947263
0.003651133299122146
0.003442907019372317
0.0031886225121552396
0.002885093756991769
0.0025600792569672425
0.0022627271906660376
0.002049266939077935
0.001970504016513629
0.0020149117225540954
0.002120602951016952
0.002231063829075055
0.002310784068010862
0.002337989217586969
0.0022968318296694534
0.0021792750483807678
0.001988837171609136
0.0017435913558887677
0.0014682921984511092
0.0012077820802106015
0.000998301590608004
0.0008331074550074362
0.0006889728049624012
0.0005502433548463355
0.0004062686339247222
0.000267998962149449
0.00024054512415829947
0.0003986183530597361
0.0006207301992683151
0.0008445274494888765
0.001058894805482436
0.0012646943661977167
0.001463861334942886
0.0016714754924894322
0.0019000392107186277
0.002144698530243682
0.0024012126914981727
0.0026658337368950027
0.002906505942100394
0.003064092713658393
0.0031072736458092093
0.003047241259328532
0.0029033353365936604
0.0026721522503564033
0.0023432389911624677
0.0019448074184645343
0.0015098798505515738
0.0010723264558592334
0.0006636567384185717
0.00031794349765612784
0.0002069088146982643
0.0003641266133788869
0.000489462784261525
0.0005420425165096724
0.0005255478432269722
0.00044822493454209545
0.00033743277584416786
0.00022586069037816545
0.00017173564606019653
0.0002059728432046677
0.0002616480954203241
0.00029021966272595943
0.0002827690529176312
0.00024284791616498632
0.00018688610330852445
0.00012751541346519044
0.0000725947504631484
0.00007541201238027407
0.0001510280376760049
0.00026461220307603733
0.00041288563072345414
0.0005976682368770838
0.0008115416136742747
0.0010338730532438393
0.0012496356559689315
0.0014478543954056704
0.0016183810981327963
0.0017336855690323638
0.0017577188350256395
0.0017144262406187216
0.0016413013357851913
0.0015355634668282197
0.001425394863409938
0.0013315147055672349
0.0012750336067990963
0.0013097789986266765
0.0014598303697374465
0.0016836508151831923
0.001955184112442218
0.002263756866081513
0.0025553013606866397
0.002808531339013736
0.003030943645659679
0.003227038817475667
0.003404283171806878
0.003601045199389444
0.0038402388866394105
0.00411283218153215
0.004409895434399573
0.004708920509983318
0.0050125457311427325
0.00532586314981735
0.005625385065290294
0.005883845261331412
0.0060779433936559565
0.006200185166836478
0.006255548304219526
0.006201100948989542
0.00606223719822311
0.005872522639943709
0.005640066510687483
0.005415760014422197
0.005256371351177969
0.005148818248752877
0.005039091692400821
0.004920608966646384
0.0048089133583746725
0.004665466019249406
0.004447419124253424
0.004161679732452958
0.0038066546033136603
0.00336786184036064
0.0028818406880486143
0.002428692309918006
0.0021032373246131545
0.0019944959970497373
0.002067627737452723
0.0022094092682517293
0.0023273529892746813
0.0023571487379156785
0.002284241181713406
0.002133568061779959
0.002000492364257798
0.0019362780070593887
0.001940533129239127
0.001962594083063067
0.0019308495010244146
0.0017633772394022545
0.0014454885126636632
0.0011701873192861234
0.0014970214907509387
0.0025490795616719647
0.003996856383969791
0.005650879748661509
0.007416000673996653
0.009154762775006462
0.01073591779875519
0.012110826377481116
0.013277704562867896
0.014248717569142488
0.015073751370072752
0.0157718555699497
0.016272259371191974
0.016554025337551986
0.01667138276553777
0.01689006885134128
0.01729496377854541
0.017837224544827324
0.01836745610034639
0.0187578679990468
0.018874300920607635
0.018601915734493487
0.018052038743927575
0.017336434977303583
0.016325432592645617
0.014999187244358616
0.013560186947846465
0.012017527424228932
0.010342428588536935
0.008550507234327332
0.0067296059256475175
0.004961609691729867
0.0032830969919019682
0.001921709401404149
0.0015106600998818732
0.002229759507043924
0.0031945902637790504
0.004044751159090697
0.004730902342428935
0.005280393643350928
0.005714844679883795
0.006030158637815828
0.006226077433048404
0.006325082429447947
0.006321182675670579
0.0062316267205321015
0.006072001616675425
0.0058487176737604925
0.005663759558498502
0.005571795659438175
0.005654118632741677
0.005949481859543303
0.006383349490194894
0.006945420441609587
0.007655389992223268
0.00845071681897002
0.009265629608721867
0.010059835208530155
0.010759550861883453
0.011302779202524349
0.011634050339245897
0.011651454347844876
0.011245687216218886
0.010433781375703496
0.009316498154998338
0.007986449776570415
0.006502992381699403
0.005063096488575411
0.0040256761002689075
0.003867462246368864
0.00465039313981025
0.005948106985726674
0.0073706132501945906
0.00873510685820629
0.01007373998490768
0.011392040440008733
0.012705757617628405
0.014095102582042066
0.01555097329498298
0.01701314924423281
0.018321837966181375
0.019370413107458368
0.020185035971433823
0.020682122566432256
0.02076478802681513
0.020419936846820176
0.019639734067621317
0.018482129064254702
0.017078300742039365
0.015616608640364035
0.014054894352834732
0.012403941777645996
0.010823867259259339
0.009367286816656046
0.007992476263041046
0.006854085897572609
0.006154407052572682
0.005832295198548384
0.005675964448432305
0.005619281046136212
0.0056222765454031435
0.0056386539299452774
0.0056547179561917274
0.005610527424867536
0.005486551428128877
0.005329079072404501
0.005212185226974982
0.005171107867114162
0.005262721414589481
0.0054962302036223026
0.005795479576466865
0.0061352797188567575
0.00651518147141735
0.00690476188640581
0.00723648439575255
0.00748218681533868
0.007698347311184712
0.007951780975449416
0.008223722953311727
0.008470994247963094
0.00863835881920013
0.008704868148936016
0.008654563771662092
0.008432857772223018
0.007980242598152325
0.0073398840335222315
0.006631566512511937
0.005930992167463641
0.005365182701111878
0.005034918318787352
0.00494394410177225
0.00508207380247468
0.005347598230340188
0.005631659130952007
0.005898344143281642
0.006061623946847663
0.006111144257702756
0.006042914497212223
0.005842452183979108
0.005557826340931798
0.005206755748410841
0.004777362577782836
0.004249286819836702
0.00364849817701973
0.0031204367188877196
0.002950689001940723
0.0034128634815885246
0.004441585996454116
0.005844951059700483
0.007490931017641521
0.00924122092695352
0.010931025952364217
0.012489069682020836
0.013966755874251328
0.015386566773406263
0.016737238137733666
0.017981420015087502
0.01920397703101476
0.020474181098627538
0.021836539738594007
0.02332783781843419
0.02482950282252832
0.026288377596628023
0.02774908025987517
0.029185565737614494
0.03058620169399115
0.0318551229190705
0.03279869116892487
0.03344003650511696
0.033675808991221426
0.03321823589550315
0.03204280255328278
0.03027943216473724
0.0280501631693688
0.025457923196762773
0.022579138461218635
0.019406560531750976
0.016061876868498193
0.012742060190780292
0.009613854630748146
0.006785994617604867
0.0044045881997330436
0.002556160933374747
0.0013315381790942721
0.0008095489013916946
0.0007380451617624286
0.0007106279263519092
0.0007701881469604475
0.0011155014479891287
0.0015637387029621263
0.0019226268836359782
0.0021160782313570984
0.0021882717619177133
0.0025276255799316803
0.003742493464733881
0.005931683907364107
0.008913474476084884
0.012519068573879754
0.016550895036479323
0.02091269523500325
0.02540015512120343
0.029699970664856263
0.033500382541353714
0.036670182544470166
0.0390765943993484
0.04056606980578277
0.04130848623163919
0.04180134206311002
0.04215676543233209
0.042026801868298005
0.04109633868238188
0.03942211007885949
0.0371454602616118
0.034291890840566316
0.031109298584357768
0.027916349597052723
0.024953291653441702
0.02234602003551131
0.020208793369614862
0.018643296732627497
0.0175614063772389
0.016688070899201105
0.015822103235626033
0.01483748831467116
0.013677999926496362
0.012327235794266806
0.010846251974184793
0.009378870774060532
0.008009873867249351
0.00679959841528656
0.005756530837116917
0.005012738298229358
0.004649577967757947
0.0045987425847366335
0.00477127444560393
0.00497197612993171
0.005003733795775863
0.004721055995218042
0.004118178451040604
0.0034220982961952733
0.0033083108370888154
0.004777235161770265
0.0074955526531927654
0.010781449111784103
0.01430699639240748
0.017726716941681653
0.020548452724360473
0.02255432193396431
0.023599816564558732
0.023614325565814786
0.022670458864936505
0.020884706429115985
0.018386615393703443
0.015409637765702542
0.012573385229508316
0.011164544850999764
0.01209304394649633
0.014605836844607773
0.017420722742303232
0.01974555745864137
0.021212483671845358
0.02153213917875615
0.020677453593198513
0.018815689976776205
0.016144068666397005
0.013093076079589419
0.009998938234918158
0.007199087009521071
0.005420113288746822
0.005317289140957211
0.006228361015347767
0.007112397361796891
0.00753785407063062
0.0074102909352222945
0.006725284936582276
0.005610830598320487
0.004576625811115518
0.0043827047437295244
0.005506228414041005
0.007286588886966512
0.009143730259844357
0.010741112103370731
0.011921528628438415
0.012534778152034019
0.012570030917651737
0.012119959921598237
0.011297570142130809
0.010258632630777214
0.009229685933082593
0.008382872896118193
0.00776640587166507
0.007426889301414325
0.007209653885815493
0.006877265481544211
0.006386824471533325
0.005817550404407085
0.005350381901557683
0.005087336441309694
0.005153020411399915
0.005699252480346249
0.006782378898809399
0.008141943272070504
0.009559891937689654
0.011093385679379
0.01269144647273994
0.014321891617107336
0.016026008483074818
0.017606025797836867
0.018983206983627442
0.02006886571489809
0.020654094731309428
0.020738413585494542
0.02020941287595705
0.018994319563844803
0.017400573367734793
0.015650466101321033
0.013749390638312133
0.012010282343675939
0.010752084826530128
0.010190679154090398
0.010360188860660138
0.010958150913198737
0.011773580162853788
0.012645079771723912
0.013628961120782504
0.014964559720909428
0.016642175718541135
0.01828536353096561
0.01972884646601164
0.02095446752955292
0.021873737426715563
0.022637044410821823
0.023398177215229278
0.024290247536175587
0.025270842123987385
0.02662631801356583
0.028575117697419713
0.030989831563539107
0.03385280807786238
0.037329794164982465
0.04135479280011136
0.04555409811835834
0.04966211834447225
0.053119333089723615
0.05555090665517858
0.0567514594419138
0.056773498004205225
0.05543254250601579
0.05288529714864008
0.04975262851077196
0.046113208218106785
0.04286887748206757
0.04100646315202468
0.04005343749949201
0.04001579207328747
0.04047472755538518
0.04065184799656322
0.040430861862192836
0.03954898306092194
0.038112467450699544
0.03660096815225955
0.035197823811450896
0.03417921206251945
0.03335302555625074
0.03258221206987996
0.03177760266232101
0.030472978647091063
0.02848760299284674
0.025734869552556744
0.022213363298790176
0.018083752979286306
0.013942780214271764
0.010697643845647262
0.009426055567143092
0.010039977037361968
0.010895569217452588
0.010880957943971144
0.009654989918246175
0.007257977793126124
0.006265481878101543
0.010748225716674848
0.01857823030364974
0.028350994373430534
0.039798794108161145
0.05240499200163461
0.06582910586432014
0.08010488495903464
0.0949089941256615
0.10966444977286352
0.12273286677724299
0.13327133894717688
0.14107332352320046
0.14585370332766429
0.14898213312497338
0.1508228118911699
0.15080300321045967
0.15066549415017472
0.153565936578069
0.1621923004577169
0.17753636902712205
0.19758810460904289
0.21952462450429985
0.2425777779737712
0.2651960710642083
0.28463796970945676
0.2998146206283976
0.3107635115874172
0.31659333005496454
0.3164686240520056
0.31019580334533003
0.2975323853897911
0.27937532124012243
0.25756493490724613
0.23279431539416942
0.20640994040636668
0.17902613035712114
0.15133406699885657
0.12465593915554586
0.09994547954299893
0.0780074741325981
0.05828572591042873
0.040788917121265346
0.027181817531524943
0.019538890146918297
0.017446376857133093
0.017586255350497213
0.01808624432144915
0.019571103466481755
0.02426704241306692
0.03314747245622257
0.044972796226418324
0.05812284640691656
0.07084465815382776
0.08198038158411529
0.09034494932301411
0.0957471785648487
0.09790192409789467
0.0967654729346072
0.0933075599230333
0.08862879562056708
0.08499689957492469
0.08512487468831023
0.08966548729221743
0.09776885239880861
0.10876710374939653
0.12033408947038073
0.13045435786217074
0.13933102275395495
0.14603332488185916
0.1497893678952726
0.15114808987231496
0.14907719027599972
0.14283440534145483
0.1326748860370831
0.11950387420128776
0.10438652139942019
0.08782835527398634
0.0709833937293394
0.05541269222515901
0.04267194562953824
0.034307503761274144
0.030863362718017158
0.031640568412369584
0.03464393373047256
0.039009134051149495
0.044757446346252505
0.052085332731517345
0.06003160713177016
0.06721999598669515
0.07341006655278164
0.07845703642781456
0.08200887821218526
0.08460618054278725
0.08637765938330343
0.0860575303185881
0.08380649532338902
0.0798923031082807
0.07436655506881214
0.06733762149346725
0.05862288684191692
0.04898970771979547
0.03909649298255094
0.03045749805995831
0.0258996591466851
0.027960881563693463
0.03493128693632285
0.04411077650769613
0.05282540142290167
0.06007259370057613
0.06569795434967944
0.0693731139116424
0.07116642229038317
0.07134029955740696
0.07083221865408992
0.06971544342457403
0.06904406794226176
0.06971777473615881
0.07054060127290397
0.07071093260774992
0.07026974352065939
0.07012665409502788
0.07213303021255202
0.07770287311728659
0.08624238188111355
0.09545809634267587
0.10466228772191959
0.11380593608343496
0.12136137863370154
0.1257277669781796
0.12575855230733735
0.12021136571393035
0.1115094238573126
0.10322918492682938
0.0973347950025051
0.09734770592708747
0.10347004101647216
0.11303227867224955
0.12294641566242394
0.13143801278105063
0.13662704927696484
0.13865312186801096
0.13838425176584487
0.13638496906422742
0.13515405786040277
0.13720470309066365
0.14287429311088481
0.14934217006384248
0.15445294323949887
0.1567477085494991
0.15625338677847003
0.1515395506609325
0.14429197149429912
0.1374343228574506
0.13060831893534355
0.12705693257316888
0.12885142700909696
0.13306958795295054
0.13545201770077273
0.13467575197668988
0.1309824633940944
0.12331792074012239
0.11372229101874001
0.10334670422464655
0.091955317562893
0.08120398999275165
0.07156474329030675
0.06393747338058837
0.058841695347004196
0.0563540177106007
0.05695069819856651
0.06076853994976867
0.06811249896400423
0.0800094318986704
0.09482474057411062
0.1118260776545065
0.13057972371631957
0.14970817476670248
0.16810453448784624
0.18424015398807714
0.19700420624130913
0.20716427778636476
0.21281611493883654
0.2110724140958938
0.203536375151207
0.19348251466422528
0.1816935107128652
0.1695544471634807
0.15898597605204465