1.
0.9900503414267998
0.9607412342368
0.9136605699262
0.8513099591182002
0.7769173552388
0.6941935811823999
0.6070569509436
0.5193575536618
0.4346204205458
0.3558282000996
0.28527125986900004
0.22445392982639997
0.1740763952564
0.1340835440086
0.10377809715720002
0.0819659055746
0.067122039545
0.0575738677012
0.05167206752160001
0.047924448835
0.045102477060800006
0.0423104166386
0.0390021843398
0.0349576150528
0.0302367369218
0.025109175064199997
0.0199700202026
0.015258066763
0.0113860855656
0.0086812610964
0.007343076951200002
0.0074257579938000005
0.0088419789604
0.011382058587
0.0147470948658
0.018581761966400004
0.022513896917399998
0.026196987204
0.029334053555200003
0.0317046198998
0.0331753046352
0.033698678242600005
0.0333081813204
0.032106738457199996
0.0302514156564
0.0279311053294
0.0253453235342
0.022686824779600004
0.0201297931616
0.0178146730142
0.0158455552528
0.014284226428799998
0.013152686185600001
0.012441214287
0.012110826248800001
0.012100306618400001
0.0123339040178
0.0127332668106
0.013222712767399999
0.013732435079400002
0.0142057252226
0.014607401718800001
0.014920318049199998
0.015137179602
0.015267278170600002
0.015325367005600003
0.015336817859400002
0.0153367516488
0.015356080408
0.015413176672999998
0.015524040626200001
0.015703886072400003
0.0159559784982
0.0162727617494
0.0166401386402
0.017044155124199996
0.0174692765526
0.017894744166000003
0.018303416642199997
0.018680763133600002
0.0190101281444
0.019280309835999997
0.0194763062622
0.0195914212378
0.019620691200599998
0.019553060159600004
0.019375635703199997
0.019073938907
0.018632331509400003
0.018039045680800003
0.017285370386
0.016370043557799994
0.015313143953000003
0.0141310180768
0.0128281293892
0.011441837008400001
0.010016736822599999
0.008587821377799999
0.007203318045199999
0.0059057581476000005
0.0047381721981999995
0.0037432010944
0.0029423495828
0.002338207499
0.0019299971343999997
0.0017075189912
0.0016492717493999999
0.0017239842568
0.0019050293198000002
0.002170930896
0.0025127869495999997
0.0029259125364
0.0034128753711999997
0.003983468124
0.0046379462306
0.0053843298922
0.006260865647400001
0.007298567307999999
0.0085041493128
0.009897175931199998
0.011435036969000001
0.013067060222600003
0.014743564932
0.016370270350599996
0.0178947419566
0.0192288820934
0.0202674524148
0.0209668461674
0.021324689192
0.021377498734999993
0.021118607105600002
0.020461995276599997
0.019526628463599996
0.018427775528799997
0.0172210961056
0.015979746130799995
0.014825048638400002
0.0138839536082
0.0132593848536
0.013142034583199999
0.0136267395462
0.0147344797882
0.0164159857244
0.0186501446352
0.0213467419246
0.0243828056276
0.027720777093999997
0.031093744018199997
0.0345115975776
0.0381820004348
0.0419956874602
0.045862077074199994
0.04950998686159999
0.05258696768519999
0.05474341659259999
0.055603027050199996
0.0548474630342
0.0526319746958
0.049353839301200006
0.045533073341
0.0418543535182
0.0389721943356
0.0369589618584
0.035695776455
0.035080815490600006
0.0351549043136
0.03613726539960001
0.0380493308666
0.04038161120579999
0.042517593637
0.04432679211539999
0.046020369781000006
0.04787580782880001
0.049171434143
0.049894665695
0.050620016281800004
0.05127914066799999
0.0510273102624
0.0498148409588
0.04860419082080001
0.0487370317118
0.05055421371380001
0.05310002799439999
0.0559217398218
0.0571955930086
0.057390563718200005
0.057275973951399994
0.057318427463999996
0.05922723849599999
0.064335131395
0.0738100657484
0.0884052745826
0.10877164039159999
0.137402137366
0.17429656127460003
0.21818144972440004
0.26593927599120004
0.32032710824480004
0.38214870454979993
0.4490649216624001
0.5229422233099998
0.597838829364
0.6658803306851999
0.7256722571052
0.7548627469729999
0.7432205840063999
0.7200622812164001
0.7117314386044
0.7128451461426001
0.7308958778279999
0.7681018080693999
0.8075374539063999
0.8508843664306
0.8966217316076002
0.9478675050868001
0.9925892548623999
1.0431990470875998
1.1326712297854
1.2675322265436