1.
0.9900503214849998
0.9607424044810001
0.9136590583206001
0.851303817332
0.7769191967839999
0.6941879901258001
0.607023285878
0.5193347135086
0.434604174561
0.3558135993716
0.28529636179379997
0.22447521392539996
0.17407313089480003
0.1340653725138
0.10375011396139999
0.081922644055
0.0670734376612
0.05752529126679999
0.051617080252
0.0478766936204
0.045069200112
0.042297395691599994
0.038994069192800004
0.0349533468162
0.0302341719706
0.025112172437200004
0.019978339827199997
0.015270555897999999
0.011402407001800003
0.0086984972684
0.007357753026
0.007440415290999999
0.008860745318399999
0.011407820510599999
0.014779085788399999
0.0186200654136
0.0225560837424
0.0262442044022
0.029385522558799997
0.031754320084999996
0.0332222951272
0.033736247611
0.033343169744
0.0321309410466
0.030267543013800004
0.0279374934904
0.0253464025982
0.0226805089792
0.020115184011399997
0.0177962751594
0.0158253842812
0.0142567855886
0.013117473090800002
0.0124029300816
0.012071609132400001
0.012064090869999999
0.0123054052406
0.012701448100000002
0.013190517346599998
0.0137038460868
0.0141820765098
0.014589431136799998
0.0149022086784
0.015117297463999998
0.0152583933242
0.015316177408199998
0.015334224066799998
0.015336420618399998
0.015340483734399998
0.0154114712812
0.0155324216234
0.015701461958399998
0.015952271699800003
0.016266898988800002
0.016623865201599995
0.017025923406999998
0.017442560373399998
0.017881906761999997
0.0182921219026
0.018651729134199997
0.018973346715399998
0.019215556259000004
0.019385866828
0.019473812232400002
0.019464166958800006
0.019370048791
0.0191422647478
0.0188170059874
0.018350552496400004
0.017747323524399998
0.016996133825400002
0.016108780250999998
0.015042516493000003
0.0138534300316
0.0125686780748
0.011255428795
0.0098804228746
0.008494021504000002
0.0071522870282
0.0058988022812
0.004782167546000001
0.0038123702141999996
0.0030299437464
0.0024309232664
0.002049024192
0.0018410037908000003
0.0018045031484
0.0019040345946
0.0021026344570000003
0.0023737563842000002
0.0027305066971999997
0.0031555671992000004
0.0036077361976
0.004140190072
0.004727892369399999
0.0053863134586
0.006207560770600001
0.0071381006922
0.0082351877844
0.0095087575788
0.010974782785400001
0.0125468189386
0.014243373790000003
0.015905754003400004
0.017576807718
0.019098970586199998
0.0203697938504
0.0212390318924
0.021821912894
0.021964287483400003
0.0217902208212
0.021112577564200003
0.0200375227724
0.018704898084000002
0.017393573020599996
0.0160373970382
0.0148208560164
0.013681950481399998
0.013030718370599997
0.012985649013
0.013311729410199999
0.0142193367274
0.0155982867396
0.017854206499000002
0.020462067611399997
0.023609045041600003
0.0268633347452
0.030212341311200003
0.03369276627960001
0.037244705009200005
0.040447982770199994
0.043068784358000003
0.0449826595726
0.0470518089362
0.048241997940799995
0.049184448767200004
0.05048674994
0.051116661159
0.051091637009000004
0.051473637068
0.05131300883159999
0.051957584239599994
0.052792610392000006
0.052645090343799994
0.0541402921786
0.0579959172222
0.060881759839399995
0.06458374356699999
0.0662447005732
0.06787677074000001
0.068678974765
0.0688987893618
0.0681875018346
0.0671671710576
0.06567306719820001
0.0632325905732
0.0600455147136
0.05839301455
0.0571409234632
0.0546074056544
0.0511325988558
0.049881782374000004
0.0497022931682
0.0510340942148
0.052669662322599994
0.05222846665780001
0.05364092211120001
0.051009402619200006
0.054222882238799994
0.054791528235
0.054437085854
0.05112044125680001
0.050436845731400004
0.04628144469059999
0.04320733210980001
0.0370169581306
0.034235758863599995
0.0332743758384
0.033977960226000005
0.039239939417800004
0.0477076295812
0.0568600487588
0.06351153518920001
0.0776711366552
0.0913429485746
0.10110220571319999
0.1174225107092
0.13173018229039998
0.13646587654960002
0.1504733441486
0.14927820786079998
0.1414696884646
0.14475841001599998
0.13717509556940002
0.1353232273224
0.1387447553152
0.12162191549739998
0.10963422482759999
0.0942900890818