1.
0.990043902173
0.9606935374756
0.9134657584190002
0.8507611723134
0.7756864450004
0.6918274773461999
0.6029963323918
0.512971056794
0.4252526404114
0.3428634733822
0.2681867346168
0.2028784426454
0.14783751872
0.1032411119362
0.0686315827954
0.0430480385598
0.0251777042456
0.013521265329800001
0.0065480423117999995
0.0028300604996000004
0.0011471883522
0.0005535448274000002
0.0004062072518
0.00035800863720000006
0.0003202019736
0.0004031684358
0.0008452198790000001
0.0019384753436
0.0039604754436
0.007118821216600001
0.0115123712864
0.0171119230708
0.023759529573400003
0.031184326170399995
0.039030019272000005
0.0468911696764
0.054351711393400004
0.06102168953139999
0.0665686434664
0.070741012272
0.07338202193
0.07443362150520001
0.07393203757399999
0.071995178396
0.0688067057754
0.0645953931694
0.0596146266936
0.0541225501244
0.0483667388292
0.0425693435242
0.0369192774208
0.031566783818199995
0.026621733690599995
0.0221559445038
0.0182063341676
0.014780645359
0.011863552116
0.0094224499598
0.007413545614799999
0.0057870231252
0.004490716741600001
0.0034737176481999996
0.002688328973
0.0020916953424000005
0.0016462948806
0.0013203044482000001
0.0010870716292
0.0009249855482000001
0.0008166042786000001
0.0007482021394
0.0007090331621999999
0.0006907197038
0.0006868702758
0.0006925404948
0.0007039444674000001
0.0007182290209999999
0.0007332167752000001
0.0007473320848
0.0007594838202
0.0007689235682
0.0007753262605999999
0.0007786104756
0.0007789801816
0.0007768210209999999
0.000772690417
0.0007672453934
0.0007612515358
0.0007554882928000001
0.0007507902722
0.0007479115168000001
0.0007476216406
0.0007505522542000001
0.0007573449476000001
0.0007685096496
0.0007844989652000001
0.0008056206740000001
0.0008320443844
0.0008638360538
0.00090088326
0.0009429264104000001
0.0009895138922
0.0010399554526
0.0010934019781999997
0.0011488737178000003
0.0012051653473999998
0.001261048603
0.0013152068404
0.0013663714332
0.001413377311
0.0014551184384
0.0014907779521999998
0.0015197079098
0.0015414925520000002
0.0015558511598
0.0015627051292
0.0015621283065999996
0.0015544127506000001
0.0015398894244
0.0015192385168000002
0.0014933638922000002
0.0014635672943999999
0.0014315666202
0.0013995672172000002
0.0013701650677999998
0.0013462481143999999
0.0013305489867999998
0.0013253380114
0.0013318775689999999
0.0013500528684
0.0013779726174000004
0.0014122184768000001
0.0014479858331999998
0.0014802571262
0.001505181722
0.0015220973309999998
0.0015358165065999998
0.0015588802339999998
0.0016134912506
0.0017328108384
0.0019603528398
0.0023484864308
0.0029545588556
0.0038352041324
0.0050396763378
0.0066017189152
0.0085316098716
0.010809116122599998
0.013378651302799999
0.0161479814332
0.0189906157672
0.021752785453799998
0.024264587956
0.026354798918199994
0.027867932712799998
0.028681036044
0.028719041467599998
0.0279667153788
0.0264738284444
0.024354113971600005
0.021775865096399998
0.0189463461082
0.016089663717399998
0.013423297753599999
0.0111329375096
0.009350812750000001
0.0081413788982
0.007495463368800001
0.007334128233199999
0.0075247660764
0.007904639349
0.0083110526034
0.008613783548000001
0.0087460342994
0.008727458447
0.008676720867400001
0.0088099145544
0.0094240491334
0.010866207533
0.0134919858448
0.0176163064286
0.0234627067164
0.031121582341599997
0.040514778207
0.0513815749824
0.0632799866716
0.07561459875759999
0.0876803068856
0.098719285084
0.1079913873452
0.1148444497608
0.11877870513600002
0.11949642502539999
0.11693301026280001
0.11126490558640001
0.102893911484
0.0924072258578
0.0805235213754
0.068021311881
0.0556668115122
0.04414386254440001
0.0339981010018
0.0255966808112
0.0191084797098
0.014508591901000002
0.0116021865034
0.010066155129600001
0.0095030976746
0.0094988477678
0.0096786071084
0.0097531870866
0.0095525196178
0.009042040632600001
0.008321435749799998
0.007604957871400001
0.007188963998799999
0.0074100169416
0.00859887244
0.011035742800400001
0.014912082230400001
0.0203019993832
0.027149648834200003
0.0352673633808
0.0443487588762
0.053994493148800005
0.0637434312892
0.0731103464392
0.08162524329220001
0.08886777705660001
0.0944969489978
0.0982723543016
0.1000644399444
0.0998572738622
0.09774310289419999
0.0939054258376
0.08860040670580001
0.0821340904984
0.0748391418842
0.06705111637080001
0.05908860899319999
0.05123900567420001
0.0437453655056
0.03679884966859999
0.030537711870800004
0.0250479230468
0.020367609090799998
0.0164937494658
0.013389986229
0.010995040975
0.0092306425468
0.008009221733200001
0.0072407058774
0.006837049577199999
0.0067157505952
0.0068028584246
0.007034409185799999
0.007356324564200001
0.007724356955
0.008103331671
0.0084659938152
0.0087915656016
0.0090644999572
0.0092740743448
0.0094129756008
0.0094768753342
0.009463249493599998
0.009371626849200001
0.0092038466774
0.0089634734034
0.00865605461
0.008288984911
0.007871063523200002
0.0074128707342
0.0069262247400000004
0.0064231998743999996
0.005916820338000001
0.005419439403399999
0.004942400023
0.004496058804200001
0.004088550970799999
0.0037256099974000007
0.0034106454404000002
0.0031446653078
0.0029263513718000003
0.0027520369002
0.0026168853124
0.0025149357593999997
0.0024399029146
0.0023857887576000003
0.0023474568259999997
0.0023207709986
0.0023030520327999996
0.0022931910946
0.002291300427
0.0022985725833999998
0.0023166366826000004
0.0023473223922
0.0023920810488000004
0.0024513154212
0.0025243691714
0.0026093280786
0.0027030502659999996
0.0028013575954
0.0028994583178
0.0029924597866000007
0.0030757083364000002
0.0031453644314000002
0.0031987010302000005
0.0032341631329999994
0.0032516817904000004
0.0032519756646
0.0032365936250000004
0.0032075142652
0.0031667828438
0.003115925444
0.0030562458072
0.002988189839
0.0029118830693999997
0.0028276257979999997
0.0027364792342
0.0026410960216000003
0.0025467750219999993
0.002462314155
0.0024010642374000003
0.002382123372
0.0024310991366
0.0025809116946
0.002871451679
0.0033492122374000005
0.004065741835800001
0.0050747115282
0.006428053104000001
0.008171548105799998
0.0103383752478
0.012941012315799999
0.0159648847712
0.019363270972000003
0.0230521195044
0.026907769137000003
0.030768748050399995
0.0344447525708
0.03772636415020001
0.0403994617336
0.0422661307498
0.043165674556799996
0.04299406128259999
0.041722104782999994
0.0394090668988
0.036204552758999996
0.032342293354000004
0.028125395261799996
0.023897504862000003
0.0200083036522
0.016775523628200003
0.014446725663000001
0.013162586121
0.0129337615134
0.0136327978002
0.015004615020599998
0.0166945774548
0.018296245455200002
0.0194151592652
0.019738962973
0.0191101087388
0.017590702612200002
0.015506314742400001
0.013466588174799999
0.012352521907
0.0132701147256
0.0174690563824
0.026234273569000006
0.04075676201240001
0.0619960814544
0.0905499618508
0.1265477440076
0.16957158468119998
0.2186216827018
0.272131426678
0.32804138671140004
0.3839219690344
0.43712407295319994
0.48496497747199996
0.5249356555836
0.5548857460965999
0.5731811893133999
0.5788349652784001
0.5715738505092
0.5518701383622
0.5208987601848001
0.48042509677740003
0.43266719455159997
0.38013690431
0.32545488936859995
0.27114950270360005
0.21949697714000002
0.17239023067579998
0.1312365746664
0.0969039949094
0.0697230532872
0.049528623651400004
0.0357332842912
0.027430721427000003
0.0235064800834
0.0227614791112
0.024022629805
0.026236517698799998
0.0285383467896
0.030293768462000003
0.031115621979200002
0.030855007856599996
0.029570526535599995
0.0274809185674
0.024912575224199998
0.0222400204546
0.019833465310000003
0.0180165221944
0.017032534032
0.0170223845852
0.0180181321942
0.0199487807082
0.022654842408800002
0.025910698352000005
0.029448734817800006
0.032986216056199995
0.0362509079628
0.039003452709
0.041051519981
0.0422616722632
0.04256471061820001
0.04195543159919999
0.040481848828
0.0382432713124
0.0353772945144
0.0320446755534
0.0284181320182
0.0246715581678
0.020968587080400003
0.0174555363312
0.014254397495000001
0.011460060027800001
0.009139296013200002
0.0073293952740000005
0.006042873208799999
0.0052688340904
0.00497606821
0.0051177730856
0.0056351932838
0.006461999470799999
0.007527683114
0.008760775937
0.010091153663
0.011452492729
0.012783214698600002
0.014026921324600001
0.015134454042000001
0.0160642453668
0.0167830009104
0.017266741623800003
0.017500230868399996
0.017477870960200002
0.017204090297
0.0166915596404
0.015962969317800002
0.015049437352599998
0.013987481591
0.012817665125400002
0.011582895752400001
0.0103273374954
0.0090931390784
0.0079178210992
0.006832680718799999
0.0058618688426
0.0050213223154
0.0043185391416
0.0037542842979999998
0.0033239984934000004
0.0030195494652
0.0028317092774000005
0.0027531313698
0.0027805763904
0.0029163523082
0.0031689194123999996
0.003552263739
0.0040843199006
0.0047841959618
0.0056695563572
0.006752456367400001
0.0080348245516
0.0095053693832
0.011136890192199999
0.0128864766116
0.014696036556200002
0.0164951151566
0.018205335957400003
0.0197469380366
0.021044505480600002
0.022032823026800003
0.022663636562200003
0.022909887656399997
0.022768514074200004
0.022261138320599998
0.0214305318556
0.020337128223000003
0.019053863015
0.0176589427196
0.016230312000199996
0.0148409437644
0.0135543923086
0.012420649499
0.0114775314348
0.010750000788799998
0.010254035211
0.0100008337218
0.009999286710800002
0.0102575824648
0.010783824124
0.0115853202392
0.0126655526916
0.014022043726400002
0.0156422186838
0.017498823187199995
0.019545867382400002
0.0217184028502
0.023936235890999996
0.0261065500304
0.0281271410118
0.0298977046476
0.031328941701
0.0323507512346
0.032918221884599995
0.03301425257639999
0.03265358
0.031880605903
0.0307614555876
0.029381968396799997
0.027839813080999996
0.026234379169
0.024659945684999997
0.0232020078386
0.0219309616954
0.0209076460912
0.020179529571999998
0.0197810056144
0.019737973462800002
0.0200671904576
0.020775214899600002
0.021854802996400004
0.023280462408600006
0.025004251012400003
0.026952474911399998
0.0290250684748
0.031097077101799996
0.0330232475316
0.0346468383464
0.0358184535312
0.0364126761892
0.0363428695472
0.0355756324538
0.034145972783
0.03216325548520001
0.029807219152799998
0.027311846726800003
0.024944943921400002
0.0229848569986
0.0216890811242
0.021264234099199995
0.021834023713400003
0.023416345772999995
0.025919754084
0.029147202276
0.032806928455
0.036543516643
0.039977959879000005
0.042745794929
0.044536153686799994
0.0451339379296
0.044446617003200004
0.0425150707328
0.0395174478978
0.03575241773639999
0.0316085092296
0.027523910758
0.023939138566599998
0.0212504190984
0.0197626895096
0.0196590423404
0.0209794309936
0.02361107965
0.027302701826600006
0.03168863423139999
0.036326861633199994
0.0407472628404
0.04449525161640001
0.0471755179504
0.048498117076800004
0.048300475042399996
0.046558798925200005
0.0433986804944
0.0390818067444
0.033975234706
0.028520240179400004
0.023190581709000003
0.018452685166399998
0.014729526094600001
0.012365833112199999
0.011599342694400001
0.012545936202799998
0.015192874831
0.019407390040600003
0.0249544173782
0.0315120963764
0.038699298532200006
0.046102599178200004
0.0533063796932
0.0599248666112
0.06561578372259999
0.0700971781296
0.07316757305919999
0.07471220340160001
0.07469982779880001
0.07317962321640001
0.0702620319384
0.0661129282274
0.06094520050240001
0.054996540374
0.0485268223062
0.04179525807460001
0.0350474170548
0.028515568616999998
0.022403513352999997
0.0168799639956
0.012079644981
0.008101315324999999
0.005009900764600001
0.0028350429312
0.0015749890504
0.0012004921608
0.0016570622770000001
0.0028681010808
0.0047384441194
0.0071579074004
0.0100036443266
0.013144552972400001
0.0164426267902
0.019757270555199997
0.022951235783999997
0.025891229907200004
0.028453348593800006
0.030527668809000003
0.032024729759199996
0.03287943102219999
0.033053792847399996
0.0325397581346
0.031357622562200003
0.029560425195
0.0272295359196
0.024469288024400005
0.0214065850028
0.018180200414
0.0149304980276
0.011796145117400002
0.0089026650762
0.0063526926857999984
0.004222481103399999
0.0025559422116
0.0013631918838
0.0006204477479999999
0.0002728076906
0.0002417791324
0.00043390394800000003
0.0007495718912
0.0010927775610000002
0.0013819257554
0.0015573748463999998
0.0015858331891999999
0.0014641481224000003
0.0012192839676000002
0.000905273988
0.0005958556816
0.00037653178539999996
0.0003348479822
0.0005520137826
0.001093161643
0.0019999287324000007
0.0032871580602000005
0.004942440211
0.006928792021799998
0.0091873556646
0.0116443638904
0.0142174527556
0.016822633384000002
0.01938278049
0.0218321446262
0.0241211482252
0.026214317153399995
0.028086241788000003
0.029722777061799998
0.031122597908000003
0.0322893115534
0.0332224003434
0.0339230100668
0.034394675956
0.034640769602
0.0346617144926
0.034458597325400006
0.0340412854966
0.0334309361992
0.0326552267838
0.031744279114200004
0.0307339303924
0.0296616617144
0.0285628147818
0.027469045128199997
0.0264089393582
0.025395690349000005
0.0244311410836
0.023514685051800002
0.0226369977314
0.021784692545200005
0.020944612050999997
0.020109663401000004
0.019278484513
0.018450651468199998
0.0176268926466
0.016809084736200002
0.015991730756
0.015167211855599999
0.014323900463200001
0.0134472494064
0.0125318576476
0.011582308179799999
0.0106155499944
0.0096770466852
0.008845893195
0.008230375487399999
0.007962542174000001
0.0081916227074
0.009065978688000001
0.010711906590199998
0.013209882773999999
0.016572928210800003
0.020733891219200003
0.0255313322186
0.030713286003400002
0.0359455482004
0.04082787734439999
0.0449429375246
0.047895315870599996
0.0493579050628
0.0491099312148
0.047067446868000004
0.0433170612664
0.038132391050000006
0.031948000264
0.0253259470766
0.0189145888212
0.013395535080599999
0.009422376032
0.0075380564213999995
0.0081144101122
0.011317861957600001
0.0170759307498
0.0250701314122
0.03476998877200001
0.0454778810676
0.056382058961
0.0666365890362
0.07543324444079999
0.08206378588920002
0.08600774446279999
0.08696043727
0.08485672031319999
0.0798922521108
0.0724910841454
0.0632543698046
0.052914270368400004
0.04227204155659999
0.032114136526599994
0.023150217021200004
0.0159576151234
0.0109413175976
0.008306801563
0.0080609514358
0.0100203949574
0.013827552571399998
0.019007052936
0.025013595566400003
0.031269411382
0.0372215492368
0.0423886090116
0.0463827773752
0.048938280538800005
0.04991354151500001
0.049303827620799996
0.047218796141199997
0.043861911116600004
0.0395150607156
0.034493135334999994
0.029128451998000005
0.023741437874400004
0.018618885292
0.0139956432306
0.0100468964888
0.0068798804098
0.004532115822599999
0.0029818564997999997
0.002155007557
0.0019369511912
0.0021888124793999998
0.0027569274262000004
0.0034850813562
0.0042327826184
0.0048806729448
0.005337671360600001
0.005545087682999999
0.005476858152199999
0.005140013972200001
0.0045690275872
0.0038225739278
0.0029781886828000002
0.0021248810140000003
0.0013572858102
0.0007707477358
0.0004531867004
0.00048010799939999995
0.0009122996914000001
0.0017924460099999998
0.0031411822872
0.004956614420399999
0.007210914464999998
0.009847949319999999
0.012786869590799999
0.015927623569
0.0191510849218
0.022323161498600003
0.025300607339199997
0.0279338695264
0.030081365596200005
0.03161241046260001
0.032432343341
0.032473489240600006
0.0316943354296
0.030103421184999996
0.027762890559999996
0.0247900866764
0.021352893872599997
0.0176695228408
0.013984640165199999
0.010562397753999999
0.007669901027199999
0.005555905573799999
0.004432635668400001
0.0044510477374
0.005690460233
0.008144204335
0.011712571836599999
0.016202026590399998
0.0213366211956
0.026767579164000004
0.032098988035400004
0.0369317735944
0.040888538105399996
0.0436446137556
0.044966708478199995
0.044723276014599994
0.042895604650199995
0.03959962740339999
0.0350666103988
0.029646416124800002
0.023764794771799998
0.0178782609392
0.012444078376000003
0.0078746352548
0.00450270901
0.0025533155752
0.002119980674
0.0031636936391999998
0.005520385581
0.008916900550399998
0.0129988602128
0.0173720283904
0.021642744409400002
0.025447101706999996
0.028494792478399998
0.0305710573002
0.031571501731
0.0315154006622
0.030499005106800002
0.028688758571199995
0.026308778181800004
0.023594017094800003
0.020765647861799998
0.018016605597400003
0.0154933181604
0.0132804800796
0.0114064499604
0.0098555324458
0.008576483732399998
0.007502408496799999
0.0065694446189999995
0.0057337655518
0.0049844381016
0.0043405132182
0.0038528524104000004
0.0035947222189999994
0.0036470980112
0.004087118294400001
0.004982066229
0.0063738740778
0.008265253191800001
0.0106248429462
0.0133817930336
0.016436313111000002
0.01968500569
0.023016342913200004
0.0263291639536
0.0295430241272
0.0326005440952
0.035470562941599997
0.0381561252084
0.0406729461348
0.043054353849800005
0.04535500981440001
0.047605617658999996
0.04982579387159999
0.0520156036794
0.054148527522
0.0561703183936
0.0580157603396
0.05960968471519999
0.060871066592400006
0.0617375752724
0.0621322214814
0.06197590986120001
0.0612163322622
0.05981412486200001
0.05775213818999999
0.05505454324220001
0.0517618815904
0.047924545918
0.0436196322462
0.038947504300000005
0.0340131855894
0.0289497017234
0.0239236476954
0.019093921719599997
0.01461318151
0.010615392482
0.0072054958132
0.004463547232399999
0.002421771711
0.0010605202388
0.00031869531259999995
0.0000988192896
0.00027192234800000004
0.000687182319
0.0011888472197999999
0.0016381350615999996
0.0019260148108000003
0.001985809633
0.0018001173263999999
0.0014055136867999998
0.0008934657379999998
0.00039573097159999995
0.0000701896092
0.0000866133638
0.0006056641623999999
0.0017599166175999998
0.0036381985790000003
0.006266639363
0.009604369368
0.013544672535999999
0.017909048068799997
0.0224808039772
0.0270103776262
0.0312253461944
0.03487066979560001
0.0376916849266
0.0394965417848
0.040173028752799995
0.039667163612600004
0.038008499320600006
0.035299373057799996
0.03170920765099999
0.027447580539600003
0.022767471091
0.017954212406
0.013284526313599998
0.0090169497028
0.005388594752199999
0.0026093877746
0.0008309176832
0.00013809312719999998
0.0005613565387999999
0.00207955586
0.0046224790093999995
0.008079588989400002
0.0123038816372
0.0171205387314
0.0223376994288
0.027766878140999995
0.03322359382139999
0.0385187607494
0.043499734399400004
0.0480407763244
0.0520113979828
0.055312638490199996
0.0578679102808
0.059624212217799996
0.0605400759572
0.06058743876239999
0.05979255151
0.0581701364304
0.0557446113724
0.0525949808914
0.0488320359598
0.0445811064454
0.0399624311618
0.035122279661
0.030231253195199998
0.025454642647799997
0.020976501456799995
0.0169715232272
0.0135827060828
0.010928346215600002
0.009082452274
0.008072212304199999
0.007880813062199999
0.0084437230708
0.0096292564864
0.011268775975999998
0.0131666614324
0.015086652548399998
0.0168100828438
0.018144291461599998
0.018913895252200004
0.0190123965264
0.0184052433556
0.017112187121200002
0.0152222630956
0.012912457159999998
0.010427309117799998
0.008045507843400001
0.006060876973
0.004759473553599999
0.0043922201212
0.0051437793916
0.007112548765
0.0102977562844
0.014597078675199998
0.019799697925199998
0.0255876625676
0.03157613096
0.037357997873399995
0.0425237651048
0.046692445790599994
0.0495391686856
0.050847941811399996
0.050531835391800006
0.0486179428044
0.04527412598519999
0.0407899842386
0.0355148650592
0.0298282632086
0.0241222355746
0.018780595833600002
0.0141391361252
0.010453299982
0.007880857541799999
0.006485381380999999
0.0062276646176
0.0069790615884
0.0085739578274
0.0108075552078
0.013477789252
0.0164140168924
0.0194860880264
0.022592177676400003
0.025643351981999997
0.0285884381482
0.031393608357999994
0.03405241393999999
0.0365501675662
0.038823327569999996
0.040823198680600005
0.0424678707038
0.0436490362622
0.0442607236518
0.044231921913799994
0.04352071240199999
0.042103882334
0.040032158077
0.0373988078504
0.0343158800254
0.030947366195
0.0274876059088
0.024133133495
0.021061082989999997
0.0184111403308
0.0162972994048
0.0147616016056
0.013771900463999998
0.013248061793799998
0.013070942380400002
0.013112771196200001
0.0132336277714
0.013288064830600002
0.013165304946799999
0.012783998888000001
0.0121137007814
0.01117519842
0.01002195597
0.008726806378999998
0.007362069471600001
0.006028054808400001
0.0048202774894
0.0038236169064
0.0031064730515999997
0.0027153148284
0.0026842859010000005
0.0030330738284
0.0037581780342
0.0048318824178
0.0062284437158
0.0079195087922
0.0098565062674
0.0119594423412
0.014148530644399998
0.0163555578656
0.018472459675200004
0.020389651823400003
0.0220185569614
0.023232254332199997
0.0239434560116
0.0241166173684
0.0237278175538
0.0227573552184
0.021236423323799998
0.0192797420914
0.016991489822599997
0.014474580966599999
0.0118694541746
0.0093306756208
0.006986165389199999
0.0049267628876
0.0032214645646000003
0.0019180933436000005
0.0010225397114000001
0.0004966742246
0.00027409761820000004
0.0002714152488
0.00040049757279999996
0.0005743673220000001
0.0007191054693999999
0.0007908212620000001
0.0007653247924
0.000642445737
0.00046049145420000003
0.000282318512
0.00018894594220000003
0.00027339167280000006
0.0006209944629999999
0.0013031183094000002
0.0023698324616
0.0038320590584
0.0056682448702
0.007817940757
0.0102062887972
0.0127361441352
0.015286918392400001
0.017724621420599995
0.0199089907838
0.021759375421800002
0.0231888644756
0.024124868082599997
0.024528466213400005
0.024391115537199998
0.0237364080334
0.022619597646200005
0.021139103624000004
0.0194256752858
0.017612917397599997
0.015835361262800003
0.014233862414
0.012917845316000001
0.0119870152582
0.0115295860044
0.0115831934454
0.012157528137600002
0.0132778451962
0.0149401159624
0.017062411958199998
0.0195484960364
0.022331555580200002
0.0253305649194
0.028423806699800002
0.0314901520224
0.0343914457556
0.0369941817484
0.039191260033000004
0.040846020457599996
0.041874806749599994
0.0422631427482
0.04199293670459999
0.0410749016834
0.0395480021072
0.0374755091072
0.034902558993
0.0319075773976
0.0286581969788
0.025294650130600005
0.021991301501600002
0.0189151256012
0.016175449711
0.0138824494478
0.012146952916399998
0.011020712191199999
0.010481038303200001
0.0104546442836
0.010835873210799998
0.011473525961600003
0.0121804786828
0.012767766775200001
0.0130724317378
0.012960258235
0.012377861825399999
0.011337086439000001
0.009983949579
0.0086568639818
0.0077864559498
0.007909467407600002
0.0096654450946
0.0137549854246
0.020903263761199997
0.031738638911799996
0.0467826555324
0.0664067586866
0.09063978394300001
0.1192616582502
0.15187626865240003
0.18763702290040002
0.22529204530340002
0.26343510378019996
0.3003581271452
0.3342731110114
0.3635341381342
0.3866230864244001
0.4024255836162
0.410015702749
0.4090018898974
0.3994359750018
0.381677763797
0.35642236192099996
0.3248888734338
0.28881434993599997
0.2500701162634
0.2104877339584
0.1718509275774
0.1357281922084
0.10322356692199999
0.07530233197920001
0.0524905713058
0.034876106740799995
0.0222943452228
0.014177529963399998
0.009770065166800002
0.0082372905744
0.008674341378799999
0.010279430668199998
0.012371024393399998
0.014415912309599998
0.0161520874592
0.0174885186578
0.0183828701958
0.0189777713922
0.0195170018432
0.020183598541999997
0.0212017938162
0.0227595210742
0.0249342146928
0.027663754879199996
0.030716879983999995
0.0338776612508
0.036924625497
0.0395463106824
0.041503954952
0.0427204632944
0.0431017991158
0.042556060387
0.041100990404999996
0.038814233647400005
0.0358181148674
0.032269707267800006
0.0283833662834
0.0243683988802
0.020370273254400002
0.016607958232
0.0132916935016
0.010528332080199997
0.0084638107726
0.007225200979800001
0.006908558590800001
0.007614887577399999
0.0094055897166
0.012309229909400001
0.016359632907799997
0.0215407812586
0.027699438788200005
0.034649242112
0.0421977018762
0.050083672413000005
0.0580552702874
0.0657847390098
0.0728946789894
0.07915331875060001
0.0842350655696
0.08793159038280003
0.09015281198580001
0.0906985159778
0.08966420793319999
0.0871401727296
0.083199301387
0.07803133017
0.071936578539
0.0652663684574
0.058276315685
0.05114208067299999
0.0440962756772
0.037343627773
0.0310291974908
0.0252926766034
0.0202226383288
0.015872579469400003
0.0122557102152
0.0094071198638
0.007318528922599999
0.005877215907199999
0.0049836081558
0.0045480651994
0.0044628891367999995
0.004642724719000001
0.004997055029
0.00540523208
0.005814098896800001
0.006219138418800001
0.0065933559510000005
0.006878639169799999
0.007063937551799998
0.007194417044200002
0.007321236472600001
0.007447255660999999
0.0075687495194
0.0077152429802
0.007912649882799999
0.008164461744000002
0.008464103297
0.008805954719200001
0.0091770444886
0.009562619773199998
0.0099356906902
0.0102316820148
0.010426225204199998
0.0104999116668
0.0104338948362
0.010177789209000001
0.009742912076
0.0092197173258
0.008575692677800001
0.007822176154000002
0.0069881092738
0.006095707068800001
0.005209733340400001
0.0043986094216
0.0037286537721999994
0.0032287332658
0.0029203873078
0.0028337446912
0.0029989617494000005
0.0034520250496
0.004185918053
0.005221069729000001
0.0066020946652
0.0083619504362
0.010537202124800001
0.0131477536014
0.0162400229634
0.0198987820828
0.024179218642
0.029035882578199994
0.034447755903999996
0.040403378264
0.0467639621718
0.05333915040300001
0.05986290955160001
0.0661533429584
0.0720895688354
0.077437956863
0.0818448975686
0.08498766013919999
0.0866809167108
0.0870606681958
0.0859398196732
0.08296852027299999
0.078270175839
0.072173110848
0.0649056587808
0.056811777495800006
0.048223903384399996
0.0394663818996
0.031054606202999997
0.0233185607198
0.016527122742199998
0.010998536584
0.0068133076608
0.0038727366808
0.0020794726765999997
0.0012482069381999999
0.0011042615419999998
0.0013995740818000002
0.001911685318
0.0024852193256
0.0030297515272000005
0.0035855529442000004
0.0042795119146000005
0.0053202467958
0.007031988087999999
0.0097167692308
0.0136839657044
0.0192222061344
0.026548941178800002
0.035721719730399996
0.04663125272540001
0.05907770057140001
0.0725723427778
0.08648792391099999
0.10018405172000003
0.11313936428279998
0.124734086473
0.134038522904
0.14056660247039998
0.14426309212
0.14500051373320003
0.1424435997008
0.136648607932
0.1281449393586
0.1175078263434
0.10531390741359999
0.0923337029292
0.079368709691
0.0669597385292
0.055609383290799994
0.0458404467676
0.0378728732638
0.031653137839
0.0270732659446
0.0238283389944
0.021502043033
0.019698083572199997
0.0181682440452
0.0167320341216
0.015240209554400003
0.013646573774400003
0.011957229217399999
0.010300182037400001
0.008854130516200001
0.007849110237199999
0.007543631289200001
0.0080699494036
0.009465233037
0.011744296188800001
0.0148495135984
0.0185426451292
0.022498134414599996
0.026439856074400005
0.030196213098800002
0.0335967762924
0.036319350861
0.03815992939540001
0.0391212533054
0.03927777279439999
0.038718198739599995
0.037679094722400004
0.036444152741
0.035190355017
0.0341013421906
0.0332095812128
0.0325032672112
0.0320566925346
0.0317889158656
0.0314610305578
0.030922913742800002
0.030158275389399997
0.029260280176599995
0.0281826192702
0.0268238811614
0.025251416911800006
0.023513495854799997
0.0216280501744
0.019699216380200002
0.017939450136400005
0.016422370719599996
0.015123250446600001
0.0140560473082
0.013239471386799997
0.012685645933600002
0.012369843095400002
0.0122674081972
0.0123466985386
0.012558931352799998
0.012844446854199998
0.013112165744599998
0.013283764272999998
0.013324518159800004
0.013215969191599999
0.012976402695200001
0.012606088994000004
0.012193398212800001
0.011749513767399999
0.0113081623612
0.010924525487199998
0.0105770351448
0.010244579996200001
0.009905069347599998
0.0096563677282
0.00950303894
0.0093699994396
0.009241807730199999
0.0091277254282
0.009079421636400001
0.009073878974
0.0091516359492
0.0092793959528
0.0095679076884
0.010025387377
0.010523548802999999
0.011095273115000002
0.0117859291736
0.012605451466199999
0.013512908318799999
0.014335676778599999
0.0150127114862
0.015617083196599999
0.0160999794118
0.0164763622316
0.016618454122199998
0.016515212379
0.016379158417
0.0163403882842
0.0164455836626
0.0166182468344
0.0169646003726
0.017591497830800003
0.01850561589
0.0197824419988
0.021470537322
0.0233680799052
0.025326695435200004
0.0273659699552
0.029396295647199998
0.031308181039
0.032986796468200005
0.034381136102
0.0354244115876
0.036121058978600004
0.036421470320599995
0.0362837341542
0.035796970606
0.035242949074399996
0.0348443124866
0.034830258607799994
0.035421064917
0.036893881445
0.0394853364166
0.04330466113
0.0484717262144
0.0546849254502
0.061630966855000004
0.06931656942139999
0.0779424071312
0.08723235952740001
0.0963877541408
0.105167468789
0.11331805354939999
0.12065487925179999
0.1271551823312
0.13229289621520002
0.13548345387299998
0.13643762357
0.1351662716724
0.13182545955959998
0.1260764403596
0.118308074663
0.10917385976860002
0.0991339141152
0.08859084654339999
0.0776305779228
0.0669589155366
0.05689646114759998
0.047526957136
0.0392490271168
0.0324756030916
0.0273627764682
0.023581469608199998
0.0206658248532
0.018399271061400005
0.016683949142999997
0.015413363307400002
0.0144773897504
0.013845711677799999
0.0136629548946
0.013976490336
0.015094114425200002
0.017689307053199998
0.022602176778600002
0.030811364347
0.0432427032276
0.06056642445879999
0.0831057385966
0.1113986871024
0.14614378036140002
0.18746805242640002
0.23435175346800002
0.2856146223092001
0.34105774784680004
0.39903180175639996
0.45810682379080003
0.5177291806382
0.5746300128086
0.626206328104
0.671119785177
0.7070012798276
0.7331070672816
0.7487572237468001
0.7525600046828
0.7448400558406
0.7267827199838
0.7001175462692
0.6657341553778
0.625573554614
0.5810217879874
0.5328783813775999
0.48300754089260006
0.4319622955612001
0.38111831584379996
0.3324363161582
0.2859742846036
0.24282588317559997
0.20330270243520002
0.1668819611054
0.1340557796598
0.10566945591899998
0.08216962874219999
0.0627422570924
0.046728552587399996
0.034111994057399994
0.0250937566278
0.0196414730316
0.0173448523782
0.017949533349200002
0.0211729600766
0.026695839102
0.0340267852738
0.04262956780859999
0.051976310007399995
0.061429490924800004
0.0707606155984
0.07946339311180001
0.0871502867762
0.09339571696980001
0.0980965956122
0.1012280771276
0.10270674259999998
0.10295419459300001
0.10254654114979997
0.102077487414
0.10205901122580001
0.1023414426664
0.1027571634556
0.10316824631879999
0.10360591021099999
0.10423783369940001
0.10485459308680001
0.10553963771120001
0.10555088089359999
0.10424559139419998
0.10168199392479997
0.09769523229799999
0.09243713299020001
0.08647589752500001
0.080037281763
0.073207647194
0.0662752296216
0.0597874642734
0.0544154279704
0.050758674367599996
0.0486009369986
0.0479752754788
0.049056057953600005
0.051743863511
0.055678596782599996
0.060425860582
0.0656359788214
0.0710813485256
0.07647640256380002
0.0820059222706
0.0875187943786
0.0920100060908
0.095556877711
0.09801820053079999
0.0992349388142
0.09916392365900001
0.0976353931602
0.0950679068442
0.0917215855654
0.0877903040084
0.0828919322546
0.07778803668760001
0.0726630258632
0.0682841341514
0.065069657394
0.06289563047600001
0.0620569314
0.06238477283100001
0.06392238642980001
0.0667750213116
0.07080965973300002
0.0750472100134
0.07923512483079999
0.08347423478
0.08720001808679999
0.0903837441846
0.09354872985480002
0.09686318775880001
0.1008031862138
0.10507807984199999
0.1095828766024
0.11439048135780001
0.1193609145508
0.1252074171852
0.13209484771059996
0.13970816942960002
0.1479575477394
0.15584326672780002
0.16300141846840002
0.1691191624334
0.172999488223
0.17488693406439998
0.17629065062000002
0.1773832535614
0.1779386391934
0.178309954411
0.1789894654336
0.181133382101
0.1848171670682
0.18985940155439998
0.19630898198600003
0.2044633981608
0.21382445147739998
0.2229429001198
0.231017599168
0.23768149621860002
0.241631224292
0.24136451958259997
0.2380896868582
0.2318908740592
0.2212735043366
0.2080002959858
0.19418012312859997
0.18035309418560003
0.1661332894482
0.15187233454700003
0.13872497368920003
0.1258995267344
0.11437938491459998
0.10556439875240001
0.0986521557212
0.09323981758699999
0.08927631484319999
0.08710925727120002
0.0865077246922
0.0875482138644
0.0901070994178
0.0942118065072
0.10005414094799998
0.1073946021304
0.11573584954020003
0.1250255213726
0.13527793699639998
0.14595010476320003
0.1563338779334
0.165483712594
0.17276485999740002
0.17833637611940004
0.18125642148659998
0.18029138568680003
0.1770787052368
0.17334692413220004
0.16873504482499999
0.1629042699462
0.1557044752292