1.
0.9900439001779999
0.960693525625
0.913465364508
0.8507622713314001
0.7756839521888
0.6918218136425999
0.6029908049295999
0.5129680377234
0.4252489112866
0.34286353916300005
0.268189017626
0.20288049667900002
0.14783844568159998
0.10324314881159999
0.06863296836340001
0.043050154178799996
0.025179406575200004
0.013522622420200003
0.0065488492518
0.0028306336914
0.001147621733
0.0005537868150000001
0.0004063286558
0.00035801689259999994
0.0003201035966
0.0004029469026
0.0008448645026
0.0019379687681999997
0.0039597237272
0.0071175660682
0.0115104734078
0.017109397998999996
0.023757002142600004
0.0311807746386
0.039025049629799996
0.0468862091172
0.0543460676118
0.06101582471019999
0.06656363732699999
0.07073614181860001
0.07337684910600001
0.0744297174658
0.0739284522348
0.07199116927999999
0.06880437867320001
0.064594785705
0.0596128018636
0.054120810467
0.0483658344144
0.042567326211600004
0.036917511005
0.031565211963999994
0.026620424741599997
0.0221552256936
0.0182054798744
0.014779758385799998
0.0118624726582
0.0094216356656
0.007412797769199999
0.0057865956194
0.004490417097800001
0.0034736378006
0.0026884542044000002
0.0020919060218
0.0016467331256
0.0013208538682000003
0.0010877877024
0.0009257508975999999
0.0008174582086
0.0007491533332
0.0007100681329999999
0.0006919116982
0.0006881673706000001
0.0006939518176
0.0007053970156
0.0007196819042
0.0007346743544000001
0.0007487587452000001
0.0007609422986
0.0007703100540000001
0.0007766270641999999
0.0007798133493999999
0.000780153388
0.0007778601531999999
0.0007736105
0.0007680840596000001
0.0007620520912000001
0.0007561933484
0.0007514265382
0.0007483924811999999
0.0007479787381999999
0.000750818354
0.0007574932756
0.0007685190198
0.0007843921449999999
0.0008053661401999999
0.0008316585510000001
0.0008632906039999999
0.0009001737971999999
0.0009419735493999999
0.0009882732990000001
0.0010385134354
0.0010917672247999998
0.0011469688502
0.0012030402262
0.0012586867466
0.0013126166184
0.0013636042119999998
0.0014103685759999998
0.0014519596331999999
0.0014875822206
0.0015164511609999998
0.0015382075686
0.0015524801245999998
0.0015593405832000002
0.0015588455456000002
0.0015512421503999997
0.0015367955026000001
0.0015162628178
0.0014905023984000002
0.0014607723785999998
0.0014288255411999998
0.0013969684386000002
0.0013677243228000001
0.0013438567654
0.0013283585504
0.0013233235486
0.0013300768204
0.0013485266727999998
0.0013767245362
0.0014112873270000002
0.0014474017192
0.0014801334897999998
0.0015054782118000005
0.0015228529684
0.001537032581
0.0015605718426000004
0.0016158782172
0.0017357124626
0.0019635972326
0.0023518993354000005
0.0029580035834
0.0038389033884
0.0050435073664000015
0.0066052452964
0.008535132534000001
0.0108116770976
0.013380338045
0.0161487213034
0.018990568080400002
0.021751213365
0.024262297540599997
0.026352121797999995
0.027863459661
0.028675100150800003
0.028711979593999997
0.0279586152654
0.026463762832800008
0.024342881599000003
0.021764384095200002
0.0189331004222
0.0160759533566
0.013410360455599998
0.011120450900999999
0.0093387586724
0.0081303742852
0.007485969948600001
0.0073273509764000015
0.0075213831152
0.0079050609992
0.008315732043600001
0.008623453601
0.008761346692999999
0.0087490625474
0.0087037912328
0.0088413934504
0.009459477105399999
0.010904404397200002
0.013531679951199999
0.017657170014200002
0.023503802480400002
0.031158579356400005
0.0405506634338
0.05141221045600001
0.0633031677758
0.075633056915
0.0876903840994
0.0987252158468
0.1079949495608
0.1148530262994
0.11878805504419998
0.11951123191060001
0.11695117727320001
0.11128580402880002
0.10291741660820002
0.09243379661399999
0.0805510123636
0.06804858704500001
0.05569758605340001
0.044172453450999995
0.03402288698
0.025616872045
0.019124679835199998
0.0145199853468
0.011607971610799999
0.010067447435599999
0.0095012728832
0.009494731045599999
0.0096733153074
0.009746693882999998
0.009546192746599999
0.009036630835999999
0.008316360055200001
0.0075997270522
0.007182854446999999
0.007402671268000001
0.008588940018600002
0.011022029944800001
0.0148939338036
0.020277537222399996
0.027119868462999998
0.035231987023999996
0.044311299341799996
0.053952571542600004
0.06370027265980001
0.07306889695399998
0.08158445585940002
0.0888336610778
0.0944737498564
0.0982630826478
0.1000641704752
0.0998725052078
0.0977692259132
0.09393771857699999
0.0886409425516
0.08218201813420001
0.07488789262180001
0.06710371633119999
0.0591381267518
0.0512840889214
0.043783178718800005
0.036833348637399996
0.0305648083026
0.025067742688800004
0.0203797229424
0.016498606744400002
0.0133885513852
0.0109866903366
0.009216740661
0.007990035620800001
0.0072176273594
0.0068099700252
0.0066860512952
0.006769946017799999
0.0069997151081999985
0.0073210643326
0.007689340899399999
0.008069522228
0.0084336376932
0.0087617542958
0.009038492894599999
0.0092529972612
0.0093963420936
0.009465950334
0.009457047589000001
0.009370949477800001
0.009207628491600001
0.0089712838962
0.0086675193894
0.008303393600199998
0.0078873205828
0.0074309506984000006
0.0069452310214
0.0064427346222
0.0059364598464
0.0054387900238
0.0049610072048
0.0045135651554
0.0041050507592
0.0037405287424000003
0.0034236883172
0.0031555019197999994
0.0029347226878
0.0027585277116
0.002621596647
0.0025175392221999998
0.0024400616216
0.0023836345758
0.002342743119
0.002313270162
0.002292528039
0.0022797149545999997
0.0022752483274
0.0022797436998
0.0022951171751999996
0.0023229019426
0.0023649846044
0.00242135416
0.0024923148418
0.0025756877288
0.0026683731834000004
0.0027662731416
0.0028646028844
0.0029576500646000003
0.0030418349216
0.0031131154912000004
0.0031679544084000006
0.0032056333570000006
0.0032255684757999995
0.0032278040270000002
0.0032147479143999997
0.0031880661328
0.0031494696073999994
0.0031009427364
0.0030431400259999996
0.0029770743454
0.0029024482394000004
0.0028200669485999993
0.002730933462
0.0026382416254000004
0.0025466670012
0.0024654089898
0.0024073845752
0.0023919079646
0.0024444281942000005
0.0025976548544
0.0028920934482
0.0033729670052000003
0.0040919896942
0.005103239340400001
0.006457656629400001
0.008202193535
0.0103696718706
0.0129731210678
0.015998628566400004
0.019396862110000003
0.023085359993799997
0.026941652565399998
0.030807428412799997
0.034486985128
0.037768100193999996
0.0404438417326
0.042308805549999995
0.043205181055
0.0430312271026
0.0417596701898
0.0394467781796
0.0362436621466
0.03238330223
0.028169999950000003
0.0239457782806
0.0200599577308
0.01683447428
0.0145143452102
0.013239214727000001
0.0130196637316
0.013730744307400001
0.0151127883146
0.016812096525
0.018421124904199997
0.0195430012208
0.0198646009492
0.019228021411600002
0.0176956973586
0.015593793084399999
0.0135352280152
0.012397309585000002
0.013290682554
0.017466879563799997
0.026210958008200003
0.040721329392999994
0.06196107563880001
0.0905205085406
0.12654544609
0.16959957714679996
0.21869174091239998
0.27225252019980006
0.32822884595919993
0.3841648714084
0.43740425808499994
0.48530296939360007
0.5253030178392
0.5553288703128
0.5737052500679999
0.5794041701272
0.5721954944238
0.5525429896044
0.5216337112706
0.48118080577499994
0.43341919332379997
0.38087726703200003
0.3261672995504
0.271829163609
0.22013978664500003
0.172987609173
0.131771156788
0.0973673382956
0.0701168490248
0.04984520997400001
0.035979092739600003
0.0276105864488
0.0236294801812
0.0228404008804
0.0240635743228
0.026248200082000007
0.028524992737200005
0.0302639212978
0.031077828358400006
0.030812860701799994
0.0295300423034
0.0274411367594
0.024872338483199995
0.022200651833799996
0.019796703652999997
0.0179834296688
0.017006633483
0.017006351327000003
0.018016890406599997
0.0199687126116
0.022700724770200003
0.0259814989418
0.0295489455278
0.033113493403599994
0.036409634748
0.0391907344068
0.041264498984
0.04249970053959999
0.042823577241800005
0.0422287767308
0.040765649322999996
0.0385317972622
0.0356618876476
0.0323169149076
0.0286732115216
0.024909652076200002
0.0211848073294
0.0176468925952
0.0144195236846
0.0116025942406
0.009255956401400001
0.007420342396800001
0.0061101748446
0.0053143464222
0.0050029235364
0.005125193625600001
0.0056259472901999995
0.006437700054200001
0.0074907260716
0.008713137469199998
0.010038964012599998
0.011394856153
0.012723358658600002
0.0139619562438
0.015066826252999998
0.015993592905
0.0167099437652
0.0171939837072
0.017426599327800003
0.017404886233400002
0.0171327368258
0.016623543223
0.0159019483302
0.014994509222799999
0.013937998414399999
0.012773827237799998
0.011544514314799999
0.0102952676374
0.0090685771088
0.007899089282399999
0.0068213013353999995
0.0058567870834
0.0050203524998000005
0.0043219620872
0.003761847629
0.0033348185342
0.0030335288102
0.0028475065076
0.0027705170976
0.0027986656445999998
0.0029343609716
0.0031845980162
0.0035639074401999996
0.0040909376797999995
0.0047847379282
0.0056662406762
0.0067408774846
0.0080161854196
0.0094763168748
0.011097599218799999
0.012838088880600002
0.014639752993400002
0.016431562248400002
0.018136716203000003
0.0196785804678
0.0209772772648
0.021966740729599997
0.022604205418600004
0.0228551898124
0.0227201992546
0.0222162903942
0.021392250915199994
0.0203100025136
0.019037950798
0.0176512419608
0.016232448371400005
0.0148519766572
0.013575835593399999
0.0124495320966
0.0115093971662
0.010786550582599998
0.0102917531964
0.010040880837399999
0.010039150379799999
0.010296138825
0.0108215054148
0.0116222856958
0.012701261385
0.014056882286599997
0.015673566939
0.0175272339482
0.019569020573399997
0.021734525195
0.023939546911799996
0.0260921076348
0.028094580081800002
0.029838371007200003
0.031254013469599995
0.032259601702600005
0.03281100301059999
0.0328953254784
0.032527532747
0.0317554021856
0.030644475198400002
0.029274334960799998
0.027751924901999996
0.026161375562799998
0.0246041969148
0.0231641442462
0.021906675154600003
0.0208967830604
0.020179177823
0.019789250300199998
0.019754982804400002
0.0200961384066
0.0208128499212
0.021897985329000003
0.0233268482542
0.025058037966199997
0.0270103280058
0.029089247821600002
0.031164778964799994
0.0330910884766
0.034718757128199995
0.0358990152634
0.036502151243600005
0.0364333665132
0.03566954071680001
0.0342381515948
0.032255634538799996
0.0299033060624
0.0274021481322
0.025030121309200005
0.023067642262200004
0.0217640700984
0.021325638235999998
0.0218729207586
0.023441069328199997
0.025934339794799997
0.029148329191599997
0.032795811381399996
0.036526545843
0.039963472571999996
0.0427469449974
0.044559626802
0.045193045101
0.044540230822
0.0426375512768
0.039675127905799995
0.035954028847599996
0.0318488241316
0.027797185691000002
0.024236774422
0.021567747047000006
0.020084976565400002
0.019976345912400002
0.021295411679400002
0.023924001622
0.027615627484999995
0.032015146593
0.0366621108012
0.0410865121418
0.0448469271536
0.0475297124798
0.0488433594958
0.048616418804
0.04683508324420001
0.0436261601784
0.0392521530136
0.034077520454600004
0.0285529913922
0.023154219173
0.018352568615999997
0.014575575934199997
0.012164652844999999
0.0113663575024
0.012292835770400001
0.014933256832799998
0.0191691541662
0.024751708898199998
0.0313559611848
0.0385844071396
0.04604344232259999
0.053289986504
0.059944148693
0.06564397646040002
0.070124201292
0.07319950670220002
0.0747558593036
0.07472434933799998
0.07317735620520001
0.07024468428820001
0.0660755194478
0.060888577583
0.05492699385599999
0.048469353613600004
0.041762386144800004
0.03504138569319999
0.0285396769356
0.0224532758326
0.0169492351766
0.0121625741004
0.008192026986600001
0.005099064095199999
0.0029104676309999996
0.0016212924326000002
0.0012064138032000001
0.0016119821068000001
0.0027640331382
0.0045725845532
0.006930607223600001
0.0097180530904
0.012803030799800002
0.0160595982284
0.0193465316692
0.0225159249368
0.025447084297
0.0280205980582
0.0301208972322
0.03165215223460001
0.032557845707199995
0.032794052878399996
0.0323435772102
0.031222133747799995
0.029486255697000002
0.027213123051800004
0.0245004093676
0.021481893967
0.0182793347228
0.015051421457199999
0.011920382751600001
0.0090191483162
0.0064572800116
0.0043111902126
0.002621425107
0.0014046141282
0.000637114685
0.00026833688139999996
0.00022297476560000003
0.00040824901639999997
0.000725737777
0.001077278894
0.001382725281
0.0015742126402000002
0.0016185922828
0.0015128708686
0.0012773926868
0.0009657667203999999
0.0006489974194000001
0.0004090067048
0.00033398265040000005
0.0005037339704000001
0.0009878255916
0.0018273655042
0.0030408415729999997
0.0046240178676
0.0065381340256
0.0087338193494
0.0111370915718
0.013661816092400001
0.0162425115236
0.0187956923946
0.0212491104694
0.023557281019599995
0.0256810609718
0.027586036930799994
0.0292653100554
0.030711157364000003
0.0319224634318
0.0329012070586
0.033636075531799994
0.0341266346198
0.0343981582058
0.034440108424
0.034245789479600004
0.0338458089576
0.033241474477199995
0.032480993813
0.031593934375
0.030617063142599998
0.0295845179322
0.0285201302698
0.027477452460400002
0.026458440390599997
0.0254882760478
0.024569950634199998
0.0236945987314
0.0228495908284
0.0220268179546
0.0212143325488
0.020397792573
0.0195848074488
0.0187746311814
0.017956361029799993
0.017148779083799998
0.0163219125536
0.0154942570846
0.014643607303599999
0.013765922083600002
0.012863476412800001
0.01192041143
0.010970799897
0.0100525620338
0.0092488902978
0.008661131614199999
0.008416842178000001
0.008657422353800001
0.009529582519000001
0.011168571665599999
0.013643974511
0.016972668770399997
0.021081402016200002
0.025822056616400003
0.030915207961999997
0.036062627097000005
0.040855139879199996
0.044896245070600006
0.0477923063704
0.049209657884800015
0.0489178255644
0.046857359259999995
0.043115919945799996
0.037945068319800004
0.03175238285780001
0.025128089142599997
0.018728271523599998
0.0132268176738
0.0092608453122
0.007370149645800001
0.007938824246
0.011121530179800002
0.0168496896864
0.024803783344999997
0.034489372978400004
0.045201187648800004
0.0561363185936
0.0664187426516
0.07526773981939999
0.0819393171094
0.0859543034616
0.08699052591619998
0.085002694684
0.08015533829020001
0.0728480886834
0.06370604376200001
0.05347674544680001
0.042883085371199996
0.03276843421319999
0.023803925652999998
0.016574641293000004
0.0114977441782
0.0087728486212
0.008406701665399998
0.010220075184999998
0.013870990255400001
0.018893212201
0.024729684160199994
0.0308186973248
0.0366260645348
0.0416700312456
0.0455543062826
0.0480120073816
0.04894024734539999
0.0482912757868
0.04621219953879999
0.042864266178599994
0.038535831147399995
0.03356055216920001
0.028249489659399996
0.022940527013
0.017913206834999994
0.013386601258999997
0.009550293214
0.0064851014292
0.0042381498238000005
0.002786642088
0.0020458866934
0.0018952379815999998
0.0021969513018
0.0027957511268
0.0035420730434
0.0042982071354
0.004943874024000001
0.005387807108599999
0.0055757894505999986
0.0054940191367999994
0.0051362843928000005
0.0045450797524
0.0037865103140000004
0.0029394424594000003
0.0020911440074000004
0.0013249465352
0.0007474787034
0.00044340412679999997
0.00048038162659999996
0.0009213148318000001
0.0018052213552000001
0.0031567291956
0.004970079374
0.007214893446000001
0.0098375935662
0.012770729255400001
0.015898659606
0.019108393408800002
0.022252271839
0.025213854865400002
0.027814361885
0.0299508308556
0.031502739701799995
0.032340172941
0.0323898122138
0.0316171586218
0.030062303708199994
0.0277389602348
0.024800042637800005
0.0213865385776
0.017702588455599997
0.0140108816052
0.0105498019426
0.007580780383999999
0.005371136240800001
0.004135915079199999
0.0040260654324
0.0051266809478
0.007435178233599999
0.0108723199056
0.015246394507399999
0.020276316480999996
0.0256067840586
0.030881452306199996
0.0356946526984
0.03968272357
0.042499526673400005
0.043945712047400005
0.0438559286842
0.042189700682
0.03906687573460001
0.034720456511999995
0.029480634142399997
0.023747436665200003
0.0179809791042
0.0126234835604
0.008083857336
0.0046978510932
0.0026944653123999996
0.0021790184068000004
0.0031234170934
0.005375202943200001
0.008657900050600001
0.012647445926599998
0.0169402082438
0.021157486541999997
0.024919263758
0.027938491983199996
0.0299976883872
0.031018142086199997
0.030993580996800003
0.0299933156476
0.028212929213399997
0.025862672983800006
0.023165000010799998
0.020333708944200002
0.0175815575332
0.015042232974200001
0.0128166069308
0.0109316932446
0.009366950760199999
0.0081001270074
0.007051101216
0.0061527741072
0.0053627635908000005
0.004646661415799999
0.0040336197716000005
0.0035677743486
0.0033166461030000004
0.0033631130420000003
0.0037758509345999997
0.004632963251000001
0.0059828423262
0.0078290892164
0.0101346146258
0.0128442360842
0.015876229377
0.0191051451264
0.022441991745399997
0.025792633122600005
0.0290543461914
0.0322062145828
0.035202415637199995
0.0379673099382
0.0405690574674
0.0430476509382
0.045427139062199993
0.04772273793040001
0.0499926299524
0.05216060706219999
0.054228370431799996
0.0562420281684
0.0580229311778
0.05953260359839999
0.0607376216976
0.0615053444572
0.061772592533000006
0.0614940345566
0.06067960042539999
0.059239615062600004
0.0572198628536
0.054622059933200004
0.0514602031396
0.0477757082882
0.0436205587396
0.0391218433366
0.034371927727
0.029510025914599995
0.024674003233600004
0.0199837076246
0.015605340051400001
0.011606962231199999
0.0081391084662
0.0052708591372
0.0030583024724
0.0014867715282000002
0.0005296474994
0.00009438446279999999
0.00007322055439999998
0.00032536596140000007
0.0007099815120000001
0.0010908572813999999
0.0013538645714
0.0014244024472000003
0.0012996510386000001
0.0009908223851999999
0.000589897155
0.00021401297700000002
0.000019892812
0.00017056781560000002
0.0008231355408
0.0021073889433999996
0.0041025244454
0.006843398683599999
0.010298478270800002
0.014375434737599998
0.018898442285399997
0.023625256736600004
0.028278789694999994
0.0326749274486
0.03645770129880001
0.0394387003334
0.0414543993154
0.0422967847498
0.0419410945702
0.040355346662799996
0.0377187059698
0.034126635553399995
0.0297730078452
0.0249139979526
0.019883035895999997
0.0149278485318
0.010347533545
0.006409858798399999
0.0032939956209999998
0.0011702878026
0.00014898597159999997
0.000279331153
0.0015594799964000002
0.0039300749644
0.0072865490168
0.0115181600762
0.016403659531
0.021760631978400002
0.0274544890546
0.0332637870132
0.038932213188000005
0.04430168381
0.04922399376619999
0.05351166400220001
0.0571110778988
0.059806813961399995
0.0616458331232
0.0625271780824
0.06243940058900001
0.061491565299999995
0.0596754560556
0.0569941763184
0.0536134697906
0.0495695652018
0.045059639752199995
0.040203888145600004
0.0351926927682
0.030104711682799996
0.0251973703102
0.020618782085599998
0.0165464394256
0.013098381192
0.0104123423746
0.0085007020216
0.0074427885188
0.007177138580999999
0.0076047973924
0.008655635221200001
0.010158298750599998
0.0118778345316
0.013625782755999998
0.015194980094800001
0.016404133592999998
0.0170700458288
0.017132463567000003
0.0165207302322
0.015292943812600001
0.013532090215
0.0114264975192
0.009162070082400001
0.0070270803886
0.005292810519800001
0.0042624041674
0.0041528535371999995
0.0051315848243999995
0.007315140179400001
0.010666607731
0.0150442286742
0.0202971206388
0.0261193172408
0.0321496194456
0.0379166269646
0.0430463622718
0.04717588797580001
0.0501209047564
0.051561143832800006
0.05133415423860001
0.0496051502358
0.046448323498199995
0.0421283489818
0.036900723148600004
0.031159850593800005
0.025351643120400003
0.0198809848778
0.0150178977334
0.0110486441062
0.008146161231599999
0.006373790048399999
0.005757977564
0.0061724561048
0.0074884049704000005
0.0095111409526
0.0120390914294
0.0148784005784
0.017888902614399998
0.020918436089
0.0238895245004
0.0267485831282
0.029401893945400003
0.0319026311206
0.03416669097080001
0.036132374108400006
0.037763074636799995
0.038939548718400004
0.039724901853399996
0.039981670452200004
0.039600930266400006
0.038560352426400005
0.036932878337
0.03469801077879999
0.0320821102314
0.0290986878138
0.025915106665
0.022818979956
0.019875736076800002
0.0173171516252
0.0152058709322
0.013698892876000002
0.012754376315399999
0.012293745889199998
0.0122761257724
0.0125386489406
0.012877114295199998
0.0132313362072
0.013406616785200002
0.0133234358864
0.0129330071848
0.012177213945599999
0.0111443882486
0.0098369845626
0.0084216361234
0.006952367476
0.0055575684206
0.004346778567999999
0.0033703783048000006
0.0027523038278
0.0024839344746
0.0025998826952000004
0.0030717661195999993
0.0039052583760000002
0.0050230480604
0.0064574773518
0.0081458401938
0.0100147939604
0.0121052605484
0.014286101288199998
0.016568527286
0.018824557468
0.020891708802399996
0.0227659585442
0.0242781215164
0.025337749731000003
0.0258971493454
0.0258604607544
0.025262077583800002
0.024050774758
0.022250530201000006
0.0200389033842
0.017457352276800002
0.0146963845012
0.0118975156226
0.0091999553978
0.006743153862200001
0.0046563899669999995
0.0029744767708
0.0017185556695999999
0.0008706684546
0.0003919941828000001
0.00019882333539999997
0.0001910974332
0.0002807833454
0.0003822139242
0.0004403011013999999
0.00042435933540000006
0.00033861741559999993
0.00021922259339999996
0.00010903855380000002
0.0000939852868
0.00024723679480000003
0.0006557123946000001
0.0013717159635999996
0.0024431674391999997
0.0039024252290000006
0.0057312710092
0.0078896294354
0.010257019547
0.012796770253599998
0.0153241472214
0.017722078129
0.0198071354584
0.0216256252896
0.023021063092800005
0.023875523854399998
0.024156523346
0.023969724926600003
0.023285452388799997
0.022142848035200002
0.0205799401946
0.018839275351000002
0.0169446836136
0.015016780245
0.0132629678926
0.0117357528022
0.0105812738298
0.009868952298
0.0096417012608
0.009947597763600002
0.010784557019999998
0.012111948535400003
0.013968195977800002
0.016182930010599998
0.0187163036148
0.021443974658999998
0.0242089587408
0.026946137499199996
0.029560409553200002
0.031992546269
0.0340429981802
0.035588329578799996
0.036573546552
0.03700648498320001
0.0368136048602
0.036092687473
0.0346095157958
0.032715198667600004
0.0304457687688
0.027799824571999997
0.0249805574392
0.022052659634199997
0.0192862037728
0.0168181169
0.014682237762200002
0.012994077972199999
0.011844397336400001
0.0112554138784
0.011219724514
0.011599425234999999
0.0122881450806
0.0130980518816
0.013866909710199998
0.0143641101962
0.0145686718484
0.0142978495554
0.0135082922818
0.0122515460148
0.010829797970799998
0.009469187552
0.0087252599136
0.009164990003600002
0.011435727966599998
0.0162474458168
0.0242662499762
0.036089530838400004
0.0522735514368
0.07288436294859998
0.0978106410442
0.12709755710980003
0.15985775878199998
0.1952876007226
0.232000492808
0.2687248380524
0.30380963784000004
0.3357077821138
0.362621883962
0.38346268295540004
0.396313608578
0.4014526958728
0.3978917939336
0.3859161499904
0.3659227451918
0.3390008059302
0.30692650031300006
0.27042872437379994
0.23184945381319996
0.1930038253788
0.15550390925960003
0.120853831963
0.090079627924
0.0640347535954
0.043014496672000004
0.027195101681799998
0.0161692275848
0.0094322782756
0.006114172539200001
0.005334381209999999
0.006179622344399999
0.007861326494199999
0.009761819679
0.0115033854374
0.012825016092200001
0.0137273282294
0.014179982137000002
0.0145051596186
0.0150525897556
0.0159397445888
0.0173923978846
0.0195511794432
0.0224842602288
0.0260809143358
0.029997250891199995
0.0340499579758
0.0379082631264
0.0410963685334
0.043596290869800006
0.0451087991574
0.045340270715600005
0.044456227694799996
0.0423956648382
0.0392680779396
0.0353710502244
0.0309581623212
0.026359467273200005
0.0215816721356
0.0170560083176
0.0129521311606
0.0095317644462
0.0069152149496000005
0.0051367669504
0.0043862060236
0.004605408161000001
0.0058195640932
0.0080410094148
0.0112619661944
0.015354669927
0.020416116147
0.026336176339600004
0.0329471495626
0.040134700925
0.0473851075706
0.0547571904592
0.061691975217200004
0.0683545749386
0.0739037809092
0.07841402607800001
0.0815232060422
0.08335879933
0.08359376990279999
0.08251469398219999
0.0801474605416
0.0766702762526
0.0721264618622
0.0663316643148
0.059905559863000016
0.05320906167640001
0.0463765467048
0.0397024165598
0.0333873154194
0.027442663536800006
0.022286852196600003
0.0178168460798
0.014028505557999999
0.011049254170799999
0.0087316129792
0.0071880524365999995
0.0060749605814
0.005488482172799999
0.0052093849654000005
0.0051790378848
0.005321625103
0.005498981714
0.005744943741600001
0.005983685896999999
0.0061736003349999995
0.006343590295
0.0063799605629999995
0.0064646259706
0.0065684905022
0.0068036664268
0.007037958248400001
0.0073309559554000005
0.0077033095122000005
0.0080618424798
0.0084196515916
0.008849922076999998
0.0092740391976
0.0096785262812
0.009982934958000001
0.010128173852399999
0.0101820016376
0.0101896945264
0.009969555943799998
0.009593161335399999
0.009059005065999999
0.0084724135778
0.007698554851199998
0.006760286959199999
0.005811178144
0.004813707635599999
0.0039288438286
0.0030721935172000002
0.0023169005656
0.001694044163
0.0012542368655999998
0.0010691590112
0.0011923607706
0.0015782380210000002
0.0023479839664
0.0034682955785999997
0.005098162501600001
0.007105953870000001
0.009480258549
0.012372347290400001
0.0157859870514
0.019570241545799998
0.0237007573544
0.0284308220176
0.0334814240732
0.038748430064600006
0.0442290820728
0.050132398596799986
0.05586956113120001
0.0617485850728
0.0674471252046
0.0728140668358
0.07736247504879999
0.0809737708386
0.0832542486998
0.0843189548794
0.08417165264399999
0.08245701902319999
0.0793561798172
0.07511944229659999
0.069710351378
0.063496370415
0.0564657185154
0.04914552384200001
0.041434361281599996
0.0338646892686
0.0269067711354
0.020597685579799997
0.015263139402000001
0.011094699473
0.007955516468599998
0.006126753065
0.0051401142322
0.0050718683979999995
0.0056097926521999995
0.006567228394800001
0.0077932373158000005
0.0090748977368
0.010372969911999999
0.011688437479799998
0.013281180880400001
0.0155376193444
0.0183927190166
0.022244289427600004
0.0277852592018
0.0345966216302
0.0433748070524
0.05397241815099999
0.0662493931188
0.0804918619252
0.09515197669560001
0.11026482950680001
0.1242879136304
0.13741195232160003
0.1477693533186
0.1549869057924
0.1595832426144
0.16040268138280003
0.15731910351599998
0.1515971594982
0.14151726842399998
0.1290159244984
0.1150087707008
0.0999645041392
0.084338697656
0.06928079856739999
0.0553738548916
0.0436921076746
0.033845931123999994
0.0258785334584
0.0197776110334
0.015039729952199998
0.0117543235224
0.0094994184772
0.007739365701800001
0.006531732671199999
0.0053449666894
0.0043078976346
0.0034697153166
0.0028384124875999997
0.0026527335371999998
0.0030483540380000004
0.004205776686
0.0061177493158
0.0087374468626
0.012285237519599998
0.016238437116799998
0.020081831340000002
0.0239278323656
0.027426233176800003
0.0303825858964
0.0323155956884
0.033346191751399995
0.033008222580199996
0.031544843982800004
0.029335294983800005
0.026402320091200006
0.023236073528
0.0199172762956
0.0172571461284
0.0151301625962
0.0135855621392
0.0131160244144
0.013275183135600003
0.0140121365984
0.015207352453
0.0165365862914
0.018105861456400002
0.019574422658799995
0.0203014346416
0.0205322809444
0.020202011042000003
0.0193779961932
0.0180700359902
0.016199484524000003
0.014086668770000001
0.012309947378000001
0.010441339276
0.008892774418600001
0.007652112435399999
0.0067720718242
0.0062425577587999995
0.0061687510761999995
0.006137829421199999
0.0063999767353999995
0.0067449242524000004
0.0070832615835999995
0.0073440885357999985
0.0074516809466
0.007332455952599999
0.0073386020252
0.007176477433799999
0.007019380337
0.007063857472599999
0.006937738408799998
0.006715592054799999
0.006638858393999999
0.006581035884199999
0.006402124977800001
0.006235204607599999
0.006041964005200001
0.005899635173000001
0.0054302170592
0.005263492795
0.0051775943858
0.0051446423190000005
0.005131743955800001
0.005176534630600001
0.0052572633256
0.0054426750506
0.0054400341218
0.0053948491734
0.005546840877
0.005509094250000001
0.0055562062384
0.0056446668368
0.005829995811399999
0.006211944044199999
0.0067765382883999995
0.007525602356399999
0.008370992688000001
0.0092327160716
0.0100839599372
0.011144924390200001
0.012220663274000001
0.013674825039
0.014960020625199999
0.0159901637398
0.0172158782484
0.0180503497224
0.018587935856
0.019182902393799998
0.0193956130256
0.019623610798799998
0.0197821219456
0.0199263318734
0.020160672405
0.020626229276
0.021459633813200003
0.0217721872122
0.0226470522836
0.0237815642818
0.025091264502999998
0.0264003621934
0.027875557089399993
0.0293951135774
0.030656031018600004
0.0323585770738
0.03388697262
0.035672021597999995
0.03751291778539999
0.0394455709086
0.040969400663000005
0.04268617122280001
0.0442648190366
0.0465355139362
0.0484051352272
0.04989816325699999
0.0516683427794
0.0530671272766
0.053932366314399995
0.054777194159599994
0.055627021678199995
0.0553754057082
0.05515900638860001
0.053805155743799994
0.051681734374800004
0.0482451090546
0.045268557268200005
0.0419536114676
0.038244112031800004
0.03380927763180001
0.0302607131116
0.026880647220800004
0.024093472757
0.021240807020000002
0.019244627458200003
0.017347181409399996
0.0159786618494
0.014838704792399997
0.013820065894600001
0.0130227315308
0.012130143169799998
0.011189107013599996
0.010345039274799999
0.0091907524868
0.008246075276599998
0.007449271951200001
0.0070332316084000005
0.0075270072602
0.0094738435258
0.013518950374199997
0.0200146453344
0.030124544462400003
0.04448818511199999
0.0648168629742
0.09138130525160001
0.12466619136440002
0.16521140880479998
0.21059202212599998
0.26203941584799995
0.31805444799060006
0.37984229555460003
0.4413846422302
0.4997535402952001
0.553836433312
0.5999920732082
0.6388209990972
0.6659447945718001
0.6797890367363999
0.6799698532495999
0.666478921283
0.6397885338024001
0.6030457275615999
0.5577585104826001
0.5014877623558001
0.440557418379
0.3762862537328
0.3131822434258
0.25327904387519995
0.1986605495534
0.1500037665458
0.1099065855112
0.0777824308218
0.052486141922200004
0.035055612575600005
0.0229560250806
0.01635200642
0.013463933469
0.012963855165999998
0.014094406453199999
0.0161120747896
0.0182075665698
0.020198504624800002
0.0221971349896
0.023890447765199996
0.025880722507
0.02802637806620001
0.031270011714200005
0.03582820904260001
0.0410314178292
0.0476065512084
0.05570303309839999
0.0648135198852
0.07342541982800001
0.08271581003960002
0.089322654725
0.09708336795780001
0.1036597846072
0.108226788226
0.11247594334340001
0.113551577428
0.114261205201
0.11519268355859999
0.11299557945959997
0.1102524199058
0.1070509739938
0.10176537548520004
0.09343491192700001
0.0854808282824
0.07749007516859999
0.06992771019140001
0.061441732388400006
0.0535843988632
0.04670473986699999
0.041085588565200004
0.0362853454388
0.0322775092946
0.02953446553100001
0.028194463882800003
0.029207202935
0.0297635178524
0.031648381906
0.0333452194558
0.035895125677
0.039077024673200005
0.041290383284400003
0.0436673059658
0.045525176328
0.046832327384
0.046949318502
0.0464042131616
0.0456274058126
0.043764035246
0.0415012022618
0.0379066456636
0.033461889514
0.029917924564199998
0.025469198032799994
0.0223816169698
0.019218729047399997
0.0169042197372
0.0153296788094
0.0146006345432
0.015059898502200002
0.016282652886799996
0.0182248580152
0.0202659450334
0.022442396969
0.025139157310600003
0.027616578202600002
0.0302850562758
0.0316617142052
0.0331168242044
0.03405007699880001
0.03502147263620001
0.0361085915858
0.035280850375400005
0.035085549933999996
0.03386879629759999
0.03262598364679999
0.030726461632
0.0290406561226
0.0282032567098
0.026506221429999997
0.0253570343076
0.0234128362276
0.022759590283199994
0.021557371463399998
0.021235783539
0.021364330328000003
0.020938429244399998
0.020509569135200002
0.020208241598399998
0.0201256844112
0.0196742847166
0.020772010077200004
0.0217117049296
0.023396395635
0.0250461020708
0.027155392982599995
0.03042073577119999
0.0342500162004
0.038592082822799995
0.0436094412914
0.04940955962
0.05540888432700001
0.0617411825452
0.06711773355379999
0.07152663597320001
0.07556970307839998
0.07987116411339999
0.08171430330519999
0.08209476158160002
0.08153475221239999
0.0791061509564
0.07818688654980001
0.07682900255879999
0.0749892052988
0.072043574679
0.06949140064079999
0.06641067347820001
0.06403233893740001
0.06152311536180001
0.060351521379
0.059341045461599996
0.059234747213799996
0.057212646534
0.0561641720922
0.056072882048999996
0.055812066061200004
0.0553507508722
0.055066929384000006
0.05286073437700001
0.0515262759872
0.0486772301618
0.0466643364396
0.0449189742728
0.042773432579
0.0383703821176
0.0348372018354
0.030520255046600005
0.027705315296199996
0.0263999845214
0.0252805164624
0.0241536304282