0.
4.459122036932833e-8
1.6497585116697015e-7
4.769423797646881e-7
3.441323647185678e-7
9.226642441126825e-7
2.5711735524991517e-6
5.394161820922552e-6
9.383086101782706e-6
0.000013551388471847146
0.000017493855356167026
0.000023261303771510285
0.00002925404350251293
0.00003427364954690953
0.00003742837063432754
0.000039927603653804676
0.00004384318477704755
0.000053877271534854734
0.00006729856301842381
0.0000778992767572588
0.00008465678130333043
0.00008751161000638123
0.00008757270689016016
0.00008716699838160918
0.00008681390918250859
0.00008539344577537175
0.00008110068997185196
0.00007316678435176798
0.00006501942073992186
0.000059078165257152546
0.000055802402902815324
0.000054399799326975254
0.000055023486981494584
0.00005829980195783924
0.00006409960362888206
0.00007294318115595776
0.00008453345239560448
0.00009701344964819974
0.00011211303601729712
0.0001296636410047738
0.00014832982491223143
0.00016725647503342846
0.00018377288671046708
0.0001993422991931933
0.00021159797375018923
0.00021725083664045756
0.00021810841487717296
0.00021531446449237287
0.00020601830602618937
0.00019156954298476606
0.00017536819925817113
0.0001566253072681776
0.0001371798219368436
0.00011886093445826092
0.00010086846337740883
0.00008277685756145076
0.00006488731728765862
0.00005374697598501254
0.000052010701385476355
0.000056503734773019444
0.00006576817643354502
0.00007732872643765171
0.00008838349599752561
0.0000951146639484429
0.00009797488516828057
0.00009572157870394315
0.00008674685452100059
0.00007693818228402511
0.00007083397233062744
0.00006860726483799766
0.00007842337601212201
0.0000998284180582801
0.00012075737077566754
0.00014306595193222857
0.0001704801172842777
0.0001992356416905509
0.00022522368228782932
0.0002450281854302958
0.00026271999928160995
0.00027204766987206513
0.0002664138568095594
0.0002637620262765053
0.00027763731167899296
0.00029865597237373675
0.00031414419708602706
0.0003222026664292939
0.00032311530436447125
0.0003158540843278819
0.00030761114630574894
0.00029616500323921644
0.00028122715783275354
0.0002757066689564649
0.0002824662526982061
0.00029568110881027964
0.0003108982399936938
0.00034470380428975396
0.0003941169619382833
0.0004430490839512506
0.00048619483745275966
0.0005284112556835967
0.0005594687894973187
0.0005717958222684034
0.0005692230004090999
0.0005507968830676591
0.0005254166597657515
0.0005095621894688066
0.0005036615651433415
0.0005041621948516224
0.0005108352579183138
0.0005302180752293668
0.0005688816872604808
0.0006340170622651271
0.0007179968361337255
0.0007905094564481443
0.0008408201975122229
0.0008825732552643975
0.0009067969527087989
0.0009298043469945645
0.00097337988179451
0.001043725005576584
0.0012230104610123534
0.001530713252238426
0.0019223996420240264
0.0023707477664024336
0.002815153280528333
0.0032731002990709257
0.003737332948198085
0.0041470707418429075
0.004466676185677194
0.004688710176214634
0.004813375732394417
0.004790784633116383
0.0046533660624400825
0.004491378820234542
0.0041869973097294726
0.0038427138095329864
0.003619269677700772
0.0034434245751476422
0.003285779712944597
0.0030932030589846103
0.002872445208818162
0.002794866312267647
0.0029642546103626254
0.0033461755988889877
0.0038479376927701143
0.0043681163050821505
0.0048752015361022225
0.0055264761543127915
0.006697032616193656
0.008381206193123238
0.010141169936863365
0.011664750372154862
0.012954670030983856
0.013948640054714405
0.014631784633541174
0.014922351629113146
0.014703835297168047
0.014060030582203387
0.013509408140172648
0.01325981047832641
0.014067509783067637
0.016334467250722382
0.01919397253407054
0.022649140542537357
0.026822197681513872
0.030617380258360458
0.033447745050426365
0.03590728893750163
0.03847241552056518
0.04044593291006884
0.04115582849004757
0.04104819984594918
0.04088291878292743
0.04174964218499038
0.043100214271169175
0.04463023729349238
0.045376587391836094
0.04425263574674435
0.041579094341647777
0.03871908423958356
0.03854331145738683
0.04014849854624437
0.0399513703973455
0.037933874357952764
0.035400153337506825
0.03517296442014637
0.03996903515284064
0.04804735996956892
0.05805116363456064
0.06671273069516663
0.07107574306683645
0.07085920323945553
0.0673254615768273
0.07257622344982011
0.0969652348450736
0.1391152052886358
0.19996609502845364
0.266592748316681
0.32897270773161574
0.390346886000028
0.4596756650738995
0.5369915068828702
0.6097861247841974
0.6802026490495364
0.7375560045708474
0.7526173886219302
0.7274447516229935
0.7107268068900677
0.7344816731223887
0.783331062292285
0.8389341670995317
0.899900013336211
0.9313517582764058
0.9311717615218315
0.9175029174311748
0.8822647910265857
0.8027593560023528
0.7226720567161069
0.750974946359844
0.9181005771223354