1.
0.9900462351379999
0.9607249142900001
0.91362523114
0.851249483578
0.776830835898
0.694078696369
0.606914631581
0.519190211645
0.43443344925700006
0.355628259018
0.285064772002
0.22424677305700003
0.17387416130900002
0.133894109453
0.103606269989
0.08181233514500003
0.066987796168
0.057461034937
0.051580123591999996
0.04785299608400001
0.045053138524999994
0.042282488141
0.03899022094400001
0.034956879792999995
0.03024226201
0.025116678100000005
0.019977005761
0.015266148115999998
0.011396698381000001
0.008694906948999999
0.007360278145999999
0.007448518685
0.008872432025
0.011422151725
0.014795700989000002
0.018636092844999994
0.022572910563999998
0.026257422857000005
0.029394450961999993
0.031762883724999996
0.033228316853000005
0.033744819722
0.033347800685
0.03214155761799999
0.030282591433000005
0.027957910346000002
0.025366830540999998
0.02270294191400001
0.020139591523999998
0.017818270425
0.015842482819999996
0.014275819153999999
0.013142126344999998
0.01242985617
0.012098722429000001
0.012087770165000001
0.012322619717
0.012724546706
0.013217318504000002
0.013733594575999998
0.01421882109
0.014634540241000003
0.014959256659999998
0.0151874665
0.015327292537999998
0.015398365133
0.015426484657000002
0.015440780097
0.015469765298000003
0.015537477825
0.015662177433999995
0.015853761604000004
0.016113878405000004
0.016437800596999997
0.016813294154
0.017224529005
0.017652640824999996
0.01807857693
0.018484326068
0.01885343221
0.019171807117
0.019427455490000002
0.019610224936000002
0.019710611570000005
0.019718934820999998
0.019624676994000008
0.019416789706000002
0.019083631656999996
0.018614157410000002
0.017998774371999995
0.017231495777
0.016311709522
0.015245579380000002
0.014047622797000002
0.012741121741
0.011356920451999998
0.009933570657
0.008514295828999999
0.007144233629
0.005867536841
0.004723569905000001
0.0037443610440000006
0.002951697394
0.0023561059400000004
0.0019563121699999997
0.0017401652500000002
0.001687100666
0.001770980945
0.001963814341
0.002239899665
0.0025791663679999998
0.0029701394599999996
0.0034112156199999997
0.0039115637379999995
0.004488959341
0.005167173618
0.0059722859919999986
0.006927216997000001
0.008047320828999999
0.009335335370000001
0.010778744161999998
0.012346984169
0.013992189268
0.015650839619999996
0.017248269927999996
0.018703878376999997
0.019938990769000003
0.020883586284999995
0.02148281992
0.021703955650000002
0.021540507364
0.02101454489
0.020176192705000002
0.019101851873
0.017888605085000002
0.016649677327999993
0.015505112780999999
0.014573980642
0.013967615449
0.01377942248
0.014080354279999999
0.014913034002000001
0.016287920409999997
0.018181994769999998
0.020539533096999994
0.023273654869000005
0.026272499624999994
0.029404656100000003
0.032528748871999996
0.03550189732
0.038191737572
0.04048701313599999
0.0423077405
0.043613878397000004
0.044409826084
0.044749083853
0.044728066433
0.044481881004999994
0.0441719357
0.04396878299300001
0.04403619268
0.044512107536
0.045492292621000005
0.04701546085700001
0.049057880656
0.051531453144999996
0.054290540025
0.057147536681
0.059892234695999996
0.062315164147999993
0.06423352489999999
0.065513811464
0.06608864993
0.065965918244
0.06523044002499999
0.06403186188900001
0.06256570622599998
0.06105020326400001
0.05969272862600001
0.05866380756200001
0.058069669121
0.057936804746
0.058204653525
0.058729478196999994
0.059303877619999994
0.059681133160999995
0.059611252285
0.058873382105000004
0.057312014290000005
0.054863697593000006
0.051572653778
0.04759359812999999
0.043183025257999996
0.038674097552
0.034443639081999995
0.030870824297000006
0.028296480530000005
0.026982203914
0.027081340525000004
0.028617840905
0.031479842836
0.03542996448800001
0.040124112265999996
0.045146210888
0.05004533125
0.05437916215300001
0.057751784227999994
0.059850734148000004
0.060468574213000004
0.059520691589
0.05704297290499999
0.05318474114599999
0.048191088328
0.04237307245
0.036079910268999996
0.029668589938
0.023471864189
0.017776315208
0.012802798385