1.
0.9900438602980001
0.9606933676889999
0.913465391474
0.8507605654329999
0.7756855709810001
0.6918263071209999
0.6029948833609999
0.512969392745
0.42525075063699996
0.342861534557
0.2681848236769999
0.2028761698
0.14783586208399999
0.103239426533
0.06863027326599998
0.04304706500199999
0.025176989025
0.013520754189
0.006547705704000001
0.0028297981640000008
0.001146951874
0.0005532708689999999
0.000405875873
0.00035767430499999996
0.0003198035860000001
0.0004027165200000001
0.000844759624
0.001937902658
0.0039599508260000004
0.007118139725000001
0.01151151066
0.017110953565000003
0.023758565697
0.031183100604999993
0.039028606578
0.046889292425000006
0.05434950974499999
0.061019215184
0.066565774265
0.07073787772899999
0.07337891715300002
0.0744303794
0.07392811232899997
0.07199130275299999
0.06880300421
0.06459203096999999
0.059611481109000004
0.054119632081
0.048364122541000004
0.042567095114
0.036916956181
0.031564593773
0.026619772192000003
0.022154095587999998
0.018204556756999994
0.014779002565
0.011862024309000001
0.009420836794
0.007412168836
0.005785703025999999
0.004489451893
0.0034725323560000003
0.0026873616500000005
0.0020909105930000003
0.0016457920659999998
0.0013199119209999998
0.0010868761460000001
0.000924940133
0.0008166843539999999
0.0007484693960000001
0.0007094343369999998
0.0006913127330000001
0.000687616805
0.0006934545050000001
0.0007050256039999998
0.0007193878340000001
0.000734463458
0.0007486556479999999
0.0007608609700000001
0.000770300266
0.00077671861
0.0007799878210000002
0.0007803752419999999
0.0007781460579999999
0.0007739527610000001
0.000768439825
0.0007624168839999999
0.0007566001159999999
0.00075181925
0.0007488961960000001
0.00074858482
0.0007514348050000001
0.000758229512
0.0007693949250000001
0.000785356569
0.0008064527890000001
0.00083286361
0.0008646319450000001
0.00090166544
0.0009437096500000002
0.0009902632999999998
0.0010406405
0.0010941349699999997
0.0011495841620000002
0.0012058174120000002
0.0012617022260000001
0.001315775149
0.00136685133
0.001413812725
0.001455447017
0.001491023885
0.0015198192399999999
0.001541373136
0.0015555237290000004
0.0015621834329999995
0.001561432546
0.0015534568079999997
0.0015387088449999996
0.0015178306689999999
0.00149177554
0.001461790629
0.001429625872
0.001397497844
0.0013679592370000001
0.0013440362929999998
0.0013282712079999996
0.001323071312
0.00132963469
0.0013478109129999997
0.001375894165
0.001410271673
0.0014462293489999997
0.00147872882
0.001503928276
0.001521105188
0.001535075536
0.0015583994000000002
0.0016133171240000001
0.001732728772
0.001960302661
0.0023482240849999995
0.0029539274
0.0038341134249999997
0.005038151196999999
0.00659962661
0.008528899591999999
0.010805622490000001
0.013374397411999998
0.016142959121
0.018984947090000006
0.021746318113000002
0.024257664840999997
0.026347193938000002
0.027860003165000004
0.028672361434
0.028709944388
0.027957335572999994
0.026464364996000002
0.024344664657999993
0.021766740925000007
0.018937440547999996
0.016081956199999997
0.013416810436
0.011128022266
0.009347448553999998
0.008140036633000001
0.007496136991999999
0.0073373154500000004
0.007530903522
0.007913870439999998
0.008323366237000002
0.008629510084
0.008765177297
0.008749789205
0.008701868282000001
0.008837393858
0.009452750861
0.010895595856
0.013521091057000003
0.017643881413000002
0.023488767780999998
0.031145350514000008
0.040535782632
0.051399585952999996
0.063295234925
0.07562749032399999
0.08769082986
0.09872846346499999
0.10800075899600001
0.11485497266
0.11879028065000002
0.119509171389
0.11694602803999998
0.11127858669000004
0.10290733531299999
0.092421511789
0.08053838208200001
0.06803641375700002
0.05568074544399999
0.044156256784
0.034009460804
0.025606015474
0.019116215621
0.014514685577000001
0.011607086993
0.010070465266000002
0.009507638498
0.009504310265000001
0.009685329985
0.009761303938
0.009562319423999998
0.009053848300999999
0.008334757714
0.007619120917000002
0.007203628133000001
0.007424620669000001
0.008612802244
0.011048756659999999
0.014923486812999997
0.020312125013
0.027158665656999998
0.035275565925
0.04435680110799999
0.054002460593000005
0.06375124610000002
0.073118468737
0.081634105417
0.08887770945000001
0.09450772482499999
0.098284314325
0.10007811492499999
0.099872621969
0.09775924234599999
0.09392143572500002
0.088615863058
0.08214767861000002
0.074850268874
0.06705890699299999
0.059093509504999996
0.051240356469
0.043743306088
0.03679348342899999
0.030529463045
0.025037120245000002
0.020354498804
0.016478773705
0.013373531784999998
0.010977163282000003
0.0092115425
0.007989295503999998
0.007220042320000001
0.0068154719720000005
0.006693662189
0.006780266258000001
0.007011640970000001
0.0073335833209999994
0.007701831984999999
0.008081490375999999
0.008445070349
0.008771828360000001
0.009046683194
0.009258510608999999
0.009399998173
0.009466361957
0.009455198417
0.009366232967999998
0.009201082729000002
0.008963390696000002
0.008658197245
0.008293057922
0.007876644569999999
0.007419476161
0.0069334515489999984
0.006430799245
0.005924563129000001
0.005427061396
0.004949697160999999
0.0045030263049999995
0.0040949160100000005
0.0037312755609999995
0.003415799853
0.0031492140369999994
0.002930086321
0.0027550458169999996
0.002618978596
0.0025161140680000004
0.0024400472500000006
0.0023848600340000002
0.0023451459200000005
0.002316956713
0.0022976698769999995
0.002286146449
0.002282474849
0.002287841608
0.002304027013
0.002332930049
0.002375816266
0.0024334767719999995
0.00250508569
0.0025889974850000007
0.002681942202
0.002779905232
0.002878100693
0.0029715665850000004
0.0030556168400000003
0.003126430378
0.003181281475999999
0.0032184665090000003
0.0032376608929999997
0.0032397284930000005
0.003226183497
0.003198839684
0.00315966501
0.0031102208800000003
0.003051724717
0.0029846089119999995
0.002909254888000001
0.0028260132969999997
0.002736025832
0.0026418942810000007
0.002548974805
0.0024658721059999996
0.0024062719329999995
0.002388970025
0.002439781682
0.0025913887609999996
0.0028835786340000004
0.003362796953
0.004080389994000001
0.005090052409999999
0.006444205597
0.008187980552
0.01035444397
0.012956241415999999
0.015979637588000004
0.019377506129
0.023065337378000005
0.026919858304000007
0.030780258088
0.034455734514
0.037735853737
0.040406931277
0.04227149587700001
0.043167681640000004
0.042993343324999996
0.041719728113999995
0.039405270298
0.036200118304999994
0.032338810025
0.028123279501000003
0.023898252499999998
0.020014559282
0.016790032921999997
0.014471393616000002
0.013198674205000004
0.012982582197
0.013694916711999999
0.015079468441999996
0.016780180004999996
0.018389801105
0.019512986573
0.019837115769999997
0.019204819250000005
0.017676764801999995
0.015579263285
0.01352170277
0.012386329401999997
0.013279728904000001
0.017454087064999995
0.026195756233000002
0.040697917353
0.061922981223999994
0.090471654181
0.126472956697
0.169506874525
0.21857037411999997
0.27210042090500003
0.32803652336500005
0.383945512369
0.43717910089999995
0.48505949188100006
0.5250764356
0.5550728421220001
0.5734162731889999
0.5791179060639999
0.5719085822530001
0.5522572535139999
0.521329587025
0.48088786957699986
0.43315621896100004
0.380646531073
0.32597156562499996
0.271659387929
0.21998979804800003
0.17285435030799998
0.131659511425
0.09727728658000001
0.070042995361
0.04979252122399999
0.035940138481
0.027579285589000007
0.023599779233
0.022804457328999998
0.024022228658000005
0.026200057225000004
0.028473569162
0.030208936937
0.031019898820000003
0.030756546364999998
0.029476001092
0.027395406864
0.024838550336000003
0.022179151048000004
0.019787409385
0.017986629569
0.017018447593999998
0.017023326938
0.018034239226
0.01998008489
0.022701103412000004
0.025970499892999994
0.029520817321999994
0.033068761301000005
0.036342248465000004
0.039100677716
0.041152296772
0.042364505965
0.04266708535299999
0.042054508777
0.040577473169999996
0.038335320761
0.03546488346400001
0.03212742429
0.028495820409999997
0.024743798845
0.021034990658000005
0.017515335568
0.014306730818
0.011504093674
0.009173718369999998
0.00735347009
0.0060553450900000015
0.005267710736
0.004959676178000001
0.005084767106000001
0.005584972752999999
0.0063948182800000015
0.007444575532999999
0.008663267665999999
0.009981510337
0.01133252893
0.012654586169999999
0.013891769266000002
0.014995192132
0.015923415133000003
0.016643156623999997
0.017130114724
0.017369209564999998
0.01735426565
0.017089244017
0.016587418432
0.015870261977000002
0.014967588641
0.013915518564999998
0.012754919834000001
0.011529191429000002
0.010282041799999999
0.009055081709000002
0.007886168045000001
0.006806583968000001
0.00584040466
0.005003502400000001
0.0043038225
0.003742167434
0.003313701576000001
0.0030102996499999997
0.00282306258
0.002744729325
0.0027719403700000003
0.0029066377699999996
0.0031573280319999995
0.0035379516999999995
0.00406653125
0.004762609938000001
0.005644167124999999
0.006722567113000002
0.007999934265
0.009465123985
0.011091386340000002
0.012836333204000001
0.014641911701000002
0.01643803697
0.018146418256
0.019686982224999997
0.020984540573
0.021973426724
0.022606410280000006
0.022856224
0.022719851452999998
0.022217927715999994
0.021393088650000006
0.020305692245000003
0.019028331541
0.017639665097
0.016218125337999996
0.014836064775999998
0.013555572557000002
0.012426771772999999
0.01148688826
0.01076150593
0.010267601569999998
0.010016001477
0.010015519037
0.010274051880999998
0.010799967449
0.011600505481999998
0.012680226434
0.014036791183999999
0.015656467761999998
0.017511026857
0.019554369097
0.021722261300000004
0.023933381114000004
0.026093514114000002
0.028102698964000004
0.029862455690000008
0.031284022285000004
0.03229801902400001
0.03285847525
0.032950561141
0.032588469146
0.031815907384999995
0.03070115520199999
0.029329513479999996
0.0277966841
0.026200885237
0.024636054868999998
0.023186456325
0.021924458546000003
0.020909107981
0.020187641241
0.0197952781
0.019757627149
0.020091138212
0.020801900739999993
0.021881529649999995
0.023305472122000005
0.025026888725
0.026972758657000006
0.02904377425
0.031114790594000002
0.033040757765
0.03466686288499999
0.035844360226
0.036445004496
0.03638124270799999
0.035619759041
0.034195350085
0.032214876435999996
0.029853987041000004
0.027346141105999994
0.024961126682000002
0.022978955920000002
0.021657248149
0.021201740825000003
0.021736339865999998
0.023284931539999994
0.025760340836
0.028966951045000005
0.032617250652999995
0.036358710472999996
0.039811903184
0.04260907210900001
0.044439588562000004
0.045085887362
0.044451415333000004
0.042575053025000004
0.039632455282000004
0.035919546865
0.031822162810000006
0.027777129064999993
0.024224994250000003
0.021560227812
0.020090404165
0.019999537927999994
0.021328206505000006
0.023966208306000002
0.027665122500000004
0.032059965892
0.036710186372
0.04114129672900001
0.044895259624999996
0.047575531138
0.048886008161
0.048661230311999995
0.046880692296999996
0.043671598681
0.03929387956
0.034118405066
0.02858965889
0.023187526226
0.018386120064999997
0.014611364552000001
0.012210242227999999
0.011421914137
0.012364460945000003
0.015027542741
0.019278650749000006
0.024877229117
0.031496290032999995
0.038748836417
0.046217312856999995
0.05348195644500001
0.06014914249999999
0.06587305098400001
0.07037498605600001
0.07345294766499999
0.07499124953300002
0.07495623152899998
0.073395283013
0.070423925665
0.06621701896
0.06099132269
0.054992798577000006
0.048482285125
0.041719902788
0.03495563325
0.028417614003999996
0.022307203879999998
0.016792240901000004
0.012005422900000002
0.008042978285000002
0.004965536500000001
0.0028003971650000003
0.0015439462209999998
0.0011648476450000003
0.0016074935890000002
0.002795593844
0.004634865448999999
0.00701686877
0.00982084648
0.012918220705999997
0.016174126498
0.019451172904000003
0.022614221881000006
0.025532592970000007
0.028084465864999998
0.03016288225000001
0.03167821356500001
0.03256439072
0.032780420170000005
0.03231479912199999
0.031186703890000004
0.029445261957
0.027168458706
0.024459104357
0.021440658589
0.018248910324999996
0.015024657125
0.011905275009999999
0.009015855556000001
0.006460660994
0.004317518530000001
0.002632253504
0.0014168196050000003
0.000649832465
0.000279950105
0.000231520057
0.000412769488
0.0007251094090000001
0.0010730570579999999
0.0013736191250000003
0.001564739865
0.001610577145
0.0015051959650000005
0.0012723480010000002
0.0009621681170000001
0.0006455279439999999
0.0004058434899999999
0.000330009641
0.0004989738970000001
0.000979111684
0.0018156906580000002
0.003028305268
0.00460958672
0.0065268176409999995
0.00872538201
0.011135280949
0.013677123304000002
0.016270744681
0.018839835625
0.021318516008
0.023652914426
0.025804058696000005
0.027745358805000002
0.029461095161000005
0.030943519357
0.032189772313
0.03319873882
0.033969419136999995
0.03450075534100001
0.03479243408
0.03484548569
0.034666042666
0.034265552282
0.033663873256
0.032888196424
0.031972247860999996
0.030953731481000005
0.029873149682
0.02876781665
0.027669527041000005
0.026603061480000002
0.025581940525000003
0.024611731299999995
0.023689501861
0.022806885268000003
0.021952140929000004
0.021115075028000002
0.020287184124999993
0.019463569561
0.018642523180999994
0.017823560605000007
0.017006211812000002
0.016187171620999998
0.015359094964
0.014512328968999998
0.013635087345999998
0.012721151250000002
0.011774203369999998
0.010816152373000001
0.009893840192
0.009083510098
0.008490150472999999
0.0082444682
0.008491688789000001
0.009375696226000001
0.011018754853
0.013500526880000002
0.016835346969999998
0.02095555522
0.025701913613
0.030823008925
0.035986840517
0.040804620746
0.044864891530000006
0.047774487049999995
0.049203801692999996
0.04893118938
0.046877613341000005
0.043130906685000005
0.03795472732499999
0.031776701097999994
0.025159093456999997
0.01875192057
0.013234163125000002
0.009247825393
0.007330821668
0.007858487481999998
0.010998186589
0.016683724265000005
0.024612132576999998
0.03426363456499999
0.04494488410400001
0.055848244842
0.066127171204
0.07496861613199998
0.081672273709
0.08570957446899997
0.08677339425799997
0.084801157421
0.07997915076499999
0.07271948187399999
0.06361990782500002
0.053407099225000004
0.042868835325
0.032784786505
0.023860794857
0.016672373386
0.011623674948999999
0.008922213026
0.008574504200000001
0.010397186729
0.014045657602
0.019053820668999997
0.024880827289
0.030960632425999998
0.036750778376
0.041772068845
0.04564311534099999
0.048101426632000004
0.049012039779999995
0.04836722204900001
0.046274140925
0.04293567207199999
0.03862370245
0.033653753196999994
0.028354494249999994
0.023042591916999998
0.018000611105
0.013460294340999998
0.009591158644
0.0064965461410000005
0.004212930816000001
0.00271648585
0.001932506901
0.0017468335689999998
0.0020198727399999995
0.0026001558819999998
0.0033368727879999993
0.004091282752
0.004746128776
0.005211295713000001
0.0054285373570000005
0.005371999349
0.005047489057
0.004489364900000001
0.0037557900900000002
0.002923484401
0.002080988005
0.001322815369
0.0007428039700000001
0.0004287612499999999
0.00045713895400000004
0.0008888412250000001
0.0017656374100000001
0.003107585333
0.004911152837000001
0.007148357618
0.009766583405
0.012689616338
0.01581961882
0.019038862685000005
0.022215388169000004
0.02520756905
0.027869808099999997
0.030060859541
0.03165234604100001
0.03253773793
0.032639514353
0.031920706373000006
0.030388489896999993
0.028101617338000002
0.025170581425999997
0.021757047049999995
0.018068192605
0.01434601594
0.010853968783999999
0.007860462556999999
0.005618080179999999
0.004343471050000001
0.0041978853440000005
0.005268431725000001
0.007556547545
0.010969617064000002
0.015322539242
0.020344833505000003
0.025698389405
0.030999762000000004
0.035850856440999994
0.03987081194000001
0.042729299705
0.044176981753
0.044071145269
0.04239035273300001
0.039242710013000004
0.03485721154
0.029568349460000004
0.023788504217000003
0.017970685736
0.012569542361
0.007999906900000003
0.004600062289999999
0.0026006525139999994
0.0021052961280000003
0.00308382773
0.005377881248000001
0.008719917037
0.012761758117
0.017111316300999997
0.021371244116
0.025177376319999997
0.028232293626
0.030327520713999998
0.031358200145
0.031324574465
0.030320422994
0.028515072461
0.026125592657000003
0.023390187108999993
0.020537963472999996
0.017765799322
0.015221173300000003
0.012993884873999998
0.011116974401999997
0.009573721336999998
0.008313269823999998
0.0072677320580000005
0.006371154122
0.005574328834
0.004857537725
0.004234288181000001
0.003751104725
0.003479712097
0.003505900905
0.003914667088
0.004777007417999998
0.006137193244999999
0.008005099178
0.010353360112999999
0.013118957065
0.016211667725
0.019522849288
0.022939888709000003
0.026357334055999996
0.029687265658
0.03286753936
0.035864139994000004
0.038670405362000004
0.041302029223999996
0.043787987525
0.046163344474
0.048459180081999995
0.05069306597
0.05286598800199999
0.05495675869700001
0.056925675425
0.058713275284
0.060248722418
0.061454320624999996
0.062252365253
0.062570945732
0.06234970655300001
0.06154197044
0.060120120868000004
0.058073778425
0.05541489139400001
0.052174013657
0.048404491802
0.044179053228999995
0.039591125186
0.034752795733
0.029792820940999998
0.024850244673
0.020070361249
0.015595309460000002
0.011555626324999999
0.008060554949000001
0.005188258309000001
0.002978902736000001
0.0014300517530000001
0.000495644004
0.000089553832
0.00009342439299999997
0.000368377808
0.000769543697
0.00116190288
0.001435856929
0.0015201111250000004
0.0013913968729999998
0.001078050661
0.0006587853119999999
0.000254592109
0.000016051977999999998
0.00010625282899999999
0.0006818897449999999
0.0018737205609999999
0.00376935917
0.00640005588
0.009731669809
0.013663756244000002
0.018033340869000006
0.022626213697
0.027192137516999997
0.031464661601000005
0.03518207531300001
0.038107576985
0.040050010184
0.040876785964999995
0.040525618185
0.039008827169000004
0.03641275920400001
0.032890757297
0.028652718468999996
0.023949956645000006
0.019058907556000003
0.014262766236999999
0.009834981988
0.00602284594
0.003034864936
0.0010307756160000002
0.00011551374500000001
0.000336583985
0.0016852169299999998
0.004100388660000001
0.007475142797000001
0.011665324609000001
0.016498279069
0.021783474602
0.027321597202000007
0.03291288377
0.03836583801699999
0.04350347717
0.04816683762499999
0.05221969241000001
0.055551830909
0.058077404163999986
0.0597373685
0.060499861460000005
0.060357290045
0.059328085576
0.057454340197
0.054800744170000006
0.051455103944000005
0.047526101300000005
0.043140842154
0.038442557114000006
0.03358779312199999
0.028740837319999993
0.024068390259999996
0.019731655113999998
0.015880839553000004
0.012643927347999998
0.010121071445
0.00837583673
0.0074290449849999975
0.007255593841
0.007782954529999999
0.008893203464
0.010429304724000003
0.012204700709
0.01401554365
0.015656324225
0.016936809447999995
0.017699596930000002
0.017835039752
0.017294515168999998
0.016099639552
0.014343651397
0.012189207760000001
0.009857496520999999
0.0076113259929999994
0.005733846884
0.004502127625
0.004160906077000001
0.00489616912
0.006813108496
0.009920748905000002
0.014123349392000002
0.01922292266
0.024931176531999995
0.030889136165000004
0.036697534505999996
0.041948770025000005
0.046264456517
0.049327482124999995
0.050911792804999995
0.05090414946499999
0.049312652293000005
0.046268329556
0.04201011121
0.036863381823999994
0.031210744129000004
0.0254549524
0.019985337584999995
0.01514518441
0.011203786954
0.008341663105000001
0.006642142957
0.006094224116999999
0.006606338476999999
0.008024950609000001
0.010157810429
0.012799639973
0.015752618889999997
0.018845014499999996
0.021939957820999997
0.024940838052
0.027785344802
0.030439042944999998
0.032881005521
0.035092947977
0.037047389769999994
0.038702005658
0.039997238465
0.04086082865
0.041217679504
0.04100064305
0.040165612045
0.038703150148
0.036647367960999995
0.034079549605
0.03112532234599999
0.027946223545000003
0.024724157788999994
0.021643806019999996
0.018874290626
0.016550040002
0.014757793900999999
0.013527559844
0.012831639681999997
0.012590117105
0.012681841625
0.012961118833000001
0.013275393650000002
0.013484107493
0.013473454901
0.013169065225
0.012540847834000002
0.011603857560999999
0.010412910554
0.009052338356000002
0.007625918045000001
0.006242412530000001
0.0050048977449999995
0.004001383208
0.0032990429
0.002941353818
0.0029496315250000004
0.003325203121
0.004054502180000001
0.005113005629
0.006468744816999999
0.008084329380999998
0.009917065226000001
0.011917257927999997
0.014026779844999998
0.01617684569
0.018286375977000006
0.020264205172999997
0.022011050825000003
0.023426551745999998
0.024415596769999996
0.024899256352000004
0.024821220700999996
0.024158766536999995
0.022924439108
0.021170747587999993
0.01898622037
0.016489912297
0.013820743080000001
0.011126503839999998
0.008549544466
0.006214856485
0.004218041665
0.0026189997519999995
0.0014379578330000003
0.0006563201689999999
0.00022244008000000002
0.000060203636999999995
0.00008035798600000001
0.00019278115399999998
0.00031817444499999996
0.0003980093889999999
0.000401426365
0.0003285033050000001
0.00020953173800000003
0.00010067917300000002
0.000076429909
0.00022008389799999998
0.000613079585
0.0013245004899999997
0.0024023306769999997
0.003866371561
0.005704285505000001
0.007870752675999999
0.010290206916999998
0.012861533669000003
0.015466422024999999
0.017977011565
0.020265921716000005
0.022217029368999993
0.023731615674000003
0.024737813993
0.025193484899999997
0.025090328866000003
0.024453580839999992
0.023340552936999995
0.021836638825
0.020048567474000002
0.018100545025
0.016123777513000002
0.014250026168999999
0.012604292857
0.011298144625000001
0.010422933519999998
0.010045966541
0.010207161458
0.010917665401999998
0.012159170426000001
0.013885494020000002
0.016026005839999996
0.018488258857999998
0.02116339285
0.023931706453000003
0.026667753795999997
0.029247332617
0.031551216905000005
0.033473332997000005
0.0349238921
0.035834018353000006
0.036159375785
0.035882870949
0.03501565164499999
0.03359619953
0.031692226346
0.029395087716999998
0.026816964147999993
0.024085555048999993
0.021337715116999997
0.018710375049
0.016333142261
0.014317947683999998
0.012751072165
0.011684606916999999
0.011130221925
0.011055463193
0.011383777157
0.011998620805
0.012752257682
0.013479488899999998
0.014015304164
0.014217250447999997
0.013989733517
0.013307544901
0.012238530164999999
0.010961663193999998
0.009776628740000003
0.009104114320999997
0.009474527089
0.011503463680000003
0.015854024956999998
0.023188034856999995
0.034109064197
0.049098390160000005
0.068455345265
0.092238469837
0.12022358127299997
0.15187600624999997
0.186349725008
0.22250343710599996
0.25895609892500004
0.29415014482100005
0.3264529884579999
0.354254890777
0.37609129923999995
0.390744956146
0.39734334967699997
0.39543118124500004
0.38501815662500005
0.36658239790499997
0.34104252658600004
0.309700836601
0.27414050076999996
0.23611974058
0.197437268209
0.15980741556800002
0.124744688114
0.09346602173600002
0.06682426920500001
0.045280218617
0.028901606105
0.017404034
0.01021612202
0.006565887780999999
0.005575331565000001
0.006357741713
0.008101780340000002
0.010139882932000003
0.011991446557000003
0.013380344041999998
0.014226465994
0.01461675514
0.014757544421
0.014919772996
0.015381703636000001
0.016378511045
0.018062241993999997
0.020477394842
0.023554661945000003
0.027120427133000002
0.030918958937
0.034645261969
0.037982545525
0.040638411776
0.042375599432
0.043037116729000006
0.042555488089999996
0.040958965828999994
0.038359911193
0.034940725033
0.030934421704
0.026600536225
0.022204865106
0.018002262204999994
0.014220946576000003
0.011055994385
0.008664233810000001
0.0071644106559999995
0.006638565389
0.007135691309
0.008673363359999998
0.011239630925
0.014792327224999999
0.019257532815999994
0.024528646229000004
0.030464216393
0.03688821638100001
0.043594279885000004
0.050349537316
0.056903810618000004
0.06300253380200001
0.06839948862500002
0.072871112665
0.07623019220800001
0.07833763632499999
0.07911339874000002
0.07853682014599998
0.07665182870500001
0.07355879132900002
0.06941067299999999
0.06439881154900001
0.05874206949000001
0.0526721384
0.046419605125
0.040202505845
0.03421503908
0.028620624922000005
0.023545276224999998
0.019077608546
0.015266430664
0.012125277377000001
0.009635126560999999
0.0077505307369999995
0.00640535941
0.005519072673999999
0.005003568850000001
0.004768611973000001
0.004727987221000001
0.0048033098500000005
0.00492823701
0.005050596945999999
0.005133802505
0.005157385128999999
0.005115836124999999
0.005016625354
0.004877827380000001
0.004724477473
0.004585314226000001
0.004488988157
0.004460619529
0.004518915010000001
0.004673706049999999
0.004925345296000001
0.005263457141
0.005668415978000001
0.006111654561
0.006559154066
0.006973001285
0.0073150514319999995
0.007549576204999999
0.007646322729999999
0.007583042104999998
0.007346995185999999
0.006936588901000001
0.006362162914
0.005645065876
0.004817337490000001
0.003920479298
0.00300272173
0.0021181382449999998
0.0013228404609999997
0.00067386194
0.000226188625
0.000031412944999999995
0.00013571089999999997
0.000578896146
0.0013934707450000002
0.0026042204959999997
0.0042280962879999995
0.006273979992999999
0.008742788976999998
0.011627338309000002
0.014912196136000002
0.018573188579999997
0.022576692541
0.026878239716
0.031422736673
0.036141752365
0.04095307751400001
0.045760898858
0.05045668921
0.05491889778500001
0.059015974801
0.06261149534900001
0.06556930010000002
0.06775781401
0.06906094524499998
0.069383275154
0.068660971714
0.06686704026500001
0.06401801060000001
0.060178376317
0.055460791201999995
0.05002310368399999
0.044062543661
0.03780674858900001
0.031498412292000004
0.025381190738
0.019683723753999998
0.014601809477
0.010284739064999998
0.006824846224999999
0.004250811849999999
0.0025288484
0.001568737085
0.0012375303620000002
0.001378243997
0.001832758805
0.002465812116
0.00318808685
0.0039756320679999995
0.004881872896999999
0.006040839968999999
0.007660001033000001
0.010002827458
0.013360315664
0.018017047321999997
0.024210512989
0.032093120648000004
0.041696497250000006
0.052906566645
0.06545034216499998
0.07889945713
0.09268770873700001
0.10615015748200002
0.11856626396899997
0.129223214689
0.137471660352
0.14278663832199998
0.14481403072100002
0.14340836640800003
0.138644883241
0.130813601117
0.12039986450000001
0.10803348020000003
0.094436593121
0.080359841893
0.06651615442600002
0.05352337988999999
0.041861459386
0.031842678194
0.023604840675999997
0.01712159725
0.012232143325
0.008681339529000003
0.006167214936999999
0.004390674005
0.003096880361
0.002106503869
0.0013326206980000003
0.0007813987289999999
0.0005370222730000001
0.000735030689
0.0015276265640000002
0.00304625285
0.0053680576050000005
0.008490145428
0.01231611138
0.016656735541
0.021243570209999996
0.025756399721000002
0.029855959625
0.033223725265
0.035597023939999986
0.03680099552900001
0.03676541117599999
0.035535254509000004
0.033261568225
0.030185201677000006
0.026606944845000004
0.022854213765000003
0.01924528293
0.016055252954000003
0.013490778489999997
0.011672577673000001
0.010629718065
0.010303482548
0.010562628168999999
0.011224774597
0.012081452506
0.012925015218000001
0.013572181024000003
0.013882387293
0.0137691898
0.013205755153
0.012220245041
0.010887756658
0.00931527937
0.007627560740999999
0.0059496180410000005
0.004393629077000001
0.0030478149650000003
0.001969677569
0.0011842310889999999
0.0006854083009999999
0.000441385277
0.0004020143439999999
0.0005069956449999999
0.0006939741249999999
0.0009057470500000002
0.001095419602
0.0012296851459999997
0.0012898202979999998
0.0012710417410000002
0.0011801405200000002
0.0010326539059999998
0.000849063889
0.0006517361530000001
0.00046180025
0.000296997192
0.00017044652200000002
0.00008982481299999998
0.000057420004
0.00007087821799999999
0.000123824005
0.00020713741
0.00030985541000000004
0.000420355818
0.0005271144129999999
0.000619637314
0.000688981792
0.000728240032
0.0007331149959999999
0.000702204925
0.0006369951010000001
0.0005424054729999999
0.0004264583220000001
0.0003004770759999999
0.000178652905
0.000077760905
0.000016571745
0.00001515121
0.00009396557300000001
0.0002729172169999999
0.000570196898
0.0010010757410000004
0.0015769127090000002
0.0023038425319999996
0.0031821748099999997
0.004205403101
0.005359687524999999
0.0066243411529999996
0.007971745185000002
0.009368637965000001
0.010777250385
0.012157465624999999
0.013468405897999998
0.014672460816
0.015736269609999996
0.016634963309
0.017353659258000004
0.017890645513
0.018258475715999995
0.018483988250000003
0.018610196425999998
0.018692697460000005
0.018799523280000004
0.019006490178000008
0.019394032424000004
0.020041399764000004
0.021022025948999996
0.022398148136
0.024215132559999995
0.026495585628999997
0.029237781996999997
0.032410820161
0.035955050497
0.03978024697700001
0.04376991442000001
0.04778428998499999
0.05166455572
0.055242601807999996
0.058346266996
0.0608101264
0.06248436704899999
0.06324382430500002
0.06299636
0.061692457000000006
0.05932818573700001
0.055949413865000006
0.051654815577
0.046591086804999994
0.040947833504000004
0.034950715933000004
0.02884643956100001
0.022890150154
0.017326549376999994
0.012373738564999999
0.008204379625
0.004931565181000001
0.002596533277
0.001163610938
0.000521749985
0.000494456517
0.000859184456
0.001374959857
0.001817736541
0.002020605352
0.001915257681
0.0015714487209999997
0.0012284858600000001
0.0013148902930000003
0.002451049729
0.005432335597
0.011189824402
0.020730365892999997
0.035056159785
0.055071624625
0.081482328178
0.114695497069
0.15473296171599998
0.20116491858500002
0.253071647786
0.3090491640129999
0.36724630544
0.42545113938100004
0.48121247820499996
0.5319849412580001
0.575305788808
0.608962296794
0.6311615003450001
0.6406641933609999
0.636888107682
0.619959729701
0.590712508973
0.5506340287329999
0.501753296861
0.44649922867399994
0.387517308113
0.32748833722100007
0.26893471310500006
0.214065301024
0.164640681826
0.12188579717000003
0.086460403889
0.058467543122000004
0.037518295954000004
0.022826765089
0.013334231335999999
0.007841392425000001
0.005139737105000002
0.004127191946000001
0.00389785373
0.0038004334100000007
0.003460911985
0.002773226426
0.001860462356
0.0010147329449999999
0.000625567636
0.0011046695129999996
0.0028172347299999997
0.006025601185
0.010851607357
0.017258725689999997
0.025053496229
0.03390600321
0.043382564605
0.05298719132500001
0.06220561364000001
0.07054799542100001
0.07758691463299999
0.082982410561
0.08650249858099998
0.088028350714
0.08755567993800002
0.085180004941
0.08108923848499999
0.075538824101
0.068837285978
0.061323306138
0.053350925554
0.045270761693
0.03741612706
0.030091550129
0.02356021849
0.018035331609999997
0.013673428465
0.010567427104999999
0.008744058308
0.008163814985
0.008723203074
0.010262116202000002
0.012572369068999998
0.015411474809999999
0.018518111650000002
0.021627531152999997
0.024489265232000006
0.026883494185
0.028633264645
0.029614765154
0.029763972589
0.029077341328999994
0.027608726724999994
0.0254616317
0.022780412674
0.019735206170000002
0.016509202378000003
0.013285146025999998
0.010231572601000001
0.007493749085
0.005183896205
0.00337834237
0.0021147100820000002
0.001393734401
0.0011830862529999997
0.001423083325
0.002033712837
0.002922412778
0.003991519665
0.005144992064999999
0.006294883428999999
0.007365278336
0.008295526668999999
0.00904232834
0.009579106836
0.009896274004999999
0.009998109441
0.009900777445
0.009630194407999998
0.009217131929
0.00869619313
0.008101431132999999
0.007465680848000001
0.0068175866020000015
0.006181261882
0.005574870676
0.005011752388000001
0.0044998362370000005
0.004043094633
0.003642584669
0.0032976176849999995
0.003007498993
0.0027728497889999994
0.0025964068490000004
0.00248463154
0.002447843236
0.00250093898
0.0026629205
0.002956363841
0.0034067075090000003
0.0040410496660000005
0.00488630185
0.005967154541
0.007304960081
0.008914874797
0.010804764353000002
0.012972485593
0.015405342015999999
0.018078793508000002
0.020955159485000006
0.023984771060000003
0.027106327610000005
0.030247937701
0.033330158649000005
0.036268715737
0.038978051980999996
0.041375244473000006
0.043385387916999994
0.044944768765000004
0.04600529839699999
0.046537704049999996
0.04653483035399999
0.046008892561
0.044995595021
0.04354757199999999
0.041732829821
0.039628815426
0.037317203545
0.03487755031399999
0.03238087983299999
0.029887710241999994
0.027441781497
0.025072308890000002
0.022794454985
0.020614327993999995
0.018532359248000004
0.016552370801
0.014687512421000002
0.012966434499999999
0.011436564977000003
0.010166047946
0.009240119109
0.008756784160000001
0.008816206593999999
0.009509772351999998
0.010908391525000002
0.013050482847999999
0.015934455557