1.
0.9900444040999999
0.9606941218339999
0.9134665193
0.850760701834
0.77568497617
0.691822329685
0.602985059018
0.512948135312
0.42521120556100006
0.3427971201999999
0.2680870840570001
0.20273738994
0.147648719362
0.10299971033299998
0.068337466441
0.042703065522
0.024788646629000002
0.013097491984000002
0.006101292829
0.0023741023220000003
0.000696267368
0.00012146832400000002
5.714524999999999e-6
1.1240000000000002e-8
0.000013335876000000002
0.000153760484
0.0006572891450000001
0.00181399397
0.003899765701
0.007120699271999999
0.011575080677000003
0.017232880569999998
0.023935685605
0.031412986085
0.039307680000000005
0.04721462070099999
0.05471698932999999
0.061425051178
0.067005470285
0.07120581512499999
0.07386904832499999
0.07493672681800001
0.074443765034
0.07250932178500001
0.06931551349
0.06509140984100001
0.060090628034
0.05457267944899999
0.04878478783300001
0.042949907849000005
0.037258185928
0.031860834857
0.0268682465
0.022353254569999998
0.018353675041000002
0.014877952157
0.011910988385
0.009420910756000002
0.007364405425000001
0.005691416652999999
0.004350345768
0.0032899317889999997
0.0024624777050000005
0.0018249804560000003
0.0013396268649999998
0.0009743896850000001
0.000702453205
0.000502098869
0.00035595105999999994
0.00025030976
0.000174605965
0.00012084037199999999
0.00008295264399999999
0.000056457178
0.000038091025999999996
0.000025459129999999994
0.000016834185999999997
0.000011006532
7.101991999999999e-6
4.513689999999999e-6
2.824744e-6
1.734709e-6
1.042837e-6
6.14484e-7
3.53765e-7
1.98509e-7
1.0959700000000003e-7
5.9561000000000006e-8
3.2544e-8
1.7914e-8
1.0456999999999999e-8
6.85e-9
5.0169999999999995e-9
4.4499999999999985e-9
4.956999999999999e-9
6.73e-9
1.0915999999999998e-8
1.9897e-8
3.8845e-8
7.781299999999998e-8
1.56065e-7
3.0677799999999994e-7
5.853849999999999e-7
1.0784809999999998e-6
1.913825e-6
3.267514e-6
5.370938000000002e-6
8.495138e-6
0.000012947972
0.000019055044999999996
0.00002706353
0.00003714512400000001
0.000049302889
0.000063280288
0.00007854117300000002
0.00009424977699999998
0.00010929892000000002
0.000122325365
0.00013195086500000002
0.000136880393
0.00013615269199999998
0.000129373465
0.00011680082
0.00009948086600000001
0.00007909450900000001
0.000057881223999999996
0.000038118466
0.000021815469
0.000010203553
3.4539490000000004e-6
6.280650000000001e-7
1.9072e-8
1.6249999999999999e-9
4.2122599999999996e-7
4.4500519999999995e-6
0.000020738906
0.00006557761799999998
0.000164665604
0.00035409417800000005
0.0006798954500000001
0.00119615173
0.001960980245
0.0030311168259999997
0.004454245073
0.006261418249999999
0.008458088200000002
0.011018191108
0.013877891525
0.016935435517
0.020052643824999997
0.023063161225
0.025782524989
0.028025063992999998
0.029620548240999994
0.030431532820000003
0.030371028626000007
0.029413704073000008
0.027602428465
0.025048063124999995
0.021921697696
0.018436749458
0.014830805401
0.011338192093
0.008166636529
0.005474233026
0.0033540369249999997
0.0018271193480000002
0.000845190009
0.000305275354
0.00007182327400000001
6.502010000000001e-6
7.88e-9
1.9168090000000005e-6
0.000043862896999999995
0.00025186592500000003
0.0008449030820000001
0.0021184942609999997
0.004413980948
0.008076432557
0.013405687749
0.020606118748999997
0.029742510033999994
0.040706670629000005
0.053200822089999995
0.066743689013
0.08069428282600001
0.09429794774599998
0.10674631903699999
0.11724821573800001
0.125104140405
0.129769075666
0.13090919939600001
0.128434493938
0.122507598029
0.11353002326799999
0.10210431303999999
0.08897658093199999
0.07496521548799998
0.06088961290099999
0.047495026498000005
0.035394829445
0.025025452676
0.016625872671999997
0.010236560186
0.005722576633999999
0.0028126374610000005
0.001150458885
0.0003526224369999999
0.00006354168199999999
2.984249e-6
2.1458000000000003e-8
0.000010221249999999998
0.00011498648200000001
0.000503899685
0.0014433168099999998
0.0032350674980000005
0.006171344945000001
0.010491070705000001
0.016342043573000002
0.023754249759999995
0.032626342696
0.04272599405600001
0.053703530896999994
0.06511835428200001
0.07647243057
0.08724817962499999
0.096948984932
0.105134864468
0.11145173166399999
0.115653192889
0.117611324308
0.11731822661
0.11488025169800001
0.11049847862500001
0.10445441787399998
0.097079300905
0.08873319350800002
0.07978014261200002
0.07056705329999999
0.061406135730000005
0.052564373921
0.044255230045
0.03663537314
0.029806494524999994
0.023820491528
0.018684330417
0.014370208397
0.010823586637
0.007970533636
0.005726983456999999
0.004004330762
0.00271528669
0.001777668385
0.001116846749
0.00066799133
0.00037602826900000005
0.00019598950100000001
0.00009228595399999998
0.000037767069
0.00001257962
3.0322979999999997e-6
4.38401e-7
5.9957e-8
1.8378e-7
1.334386e-6
5.625866000000001e-6
0.00001622281
0.00003692312899999999
0.00007181824899999998
0.000124987481
0.00020029348999999998
0.00030119138599999995
0.000430451425
0.0005900681809999999
0.0007810175700000001
0.001003176576
0.0012551011939999997
0.001533952825
0.0018355019449999997
0.002153886389
0.002482058036
0.0028118100049999996
0.003133643461
0.003437741205
0.0037139366249999994
0.003952697248
0.004144842664000001
0.004283064329
0.0043617335450000004
0.004377238213000001
0.00432899944
0.0042186000650000005
0.0040508563720000005
0.0038323227399999996
0.003571818221
0.0032794770740000004
0.0029662308370000004
0.002643281077
0.0023210826250000005
0.0020088784799999998
0.0017145783649999996
0.0014442133249999997
0.0012016778210000001
0.0009891346100000002
0.0008070230900000001
0.0006541793540000001
0.000528604841
0.00042745054600000005
0.00034763379999999997
0.00028599996499999994
0.00023961908
0.00020590658500000002
0.000182882801
0.00016910718499999998
0.00016375078900000001
0.00016679714
0.00017906008900000003
0.00020244621799999995
0.00024026685700000004
0.00029770481000000005
0.00038249164900000006
0.0005056682579999999
0.00068264249
0.000934456753
0.0012886134929999998
0.001780244909
0.002452807738
0.003357747458
0.004553273599999999
0.006101974225
0.008066813649999999
0.010505099592000001
0.013461518799999999
0.016959282002
0.020991021938000003
0.025511489809
0.030429641224
0.03560532689799999
0.040850080804
0.045932239106
0.050589534521000006
0.05454429439300001
0.057525707440999996
0.059294727637
0.05966843132499999
0.058544353620999995
0.055915869213
0.051883668418
0.046654986418000005
0.04052901689
0.03387572744200001
0.027101222761999996
0.020608396743999998
0.014754225938000002
0.009812592245
0.005943885385
0.003179869256
0.001427060245
0.00048771347400000003
0.00010240688900000001
6.925220000000001e-6
8.532800000000001e-8
0.000013431456
0.000174023434
0.0008506362500000002
0.002674929869
0.00653109986
0.013510230020000001
0.02483150705
0.04173246016
0.06533897994899998
0.096526765757
0.135787459481
0.18311427847700001
0.23792345716
0.299019425594
0.364611820565
0.43238817235300003
0.49963792136
0.5634204991999999
0.6207590772610001
0.6688522036250001
0.7052727921569999
0.7281559753460001
0.736328054642
0.7293985179650001
0.7077855468819999
0.6726772101010001
0.625937535376
0.5699569797049999
0.50748427629
0.44141586451299997
0.37460365510900007
0.30967102259600005
0.24885993994000002
0.19391817509
0.14603830242500002
0.10584242726500001
0.07341520248500001
0.04837363865
0.02996972431299999
0.017205511944999998
0.008955884813000001
0.004083742037
0.001537356449
0.00042565256200000014
0.000065701957
2.0515809999999997e-6
8.2493e-8
0.000017962282000000003
0.00016291771599999998
0.00063866329
0.0016906552400000002
0.0035553593540000004
0.006417956402
0.010381374152
0.01545052921
0.021526794168999996
0.028417715761999994
0.03585428360000001
0.043514148004999996
0.05105103570100001
0.058121123021000004
0.06440937352199999
0.06964952415700001
0.07363958391700001
0.07625033800200001
0.07742759544499998
0.077189554826
0.07561811611600001
0.07284886506399998
0.06905650603300001
0.06444165536
0.059216966512999986
0.053594226370000005
0.047776512173
0.041945819194
0.036261421519999996
0.030853723513000003
0.025823962042
0.021243776857
0.017158416633000002
0.013587586792000002
0.010530694397
0.007969295793999999
0.0058715632420000006
0.004195646017
0.002893244042
0.0019126034260000002
0.0012010977920000005
0.0007074870079999999
0.0003837174480000001
0.00018618077299999998
0.000077047453
0.000024916858
5.197465999999999e-6
3.93601e-7
1.4599999999999999e-10
1.6074500000000003e-7
3.0759199999999998e-6
0.000016136788999999998
0.000050837957
0.000121413785
0.00024333042499999994
0.00043161392799999994
0.0006991659410000001
0.001055129725
0.0015031647530000002
0.0020406769219999997
0.002657740509
0.00333680821
0.0040533992409999995
0.004776936554
0.005472489602000001
0.006102973201999999
0.0066319973010000016
0.0070265711409999996
0.007260377921
0.007315339069000002
0.0071849641760000004
0.006873713935999999
0.0063984921249999995
0.00578695274
0.005075159144
0.004304933802000001
0.0035203059090000003
0.0027631715809999994
0.002070072189
0.001469021665
0.0009770895360000002
0.0006000684649999999
0.00033277425700000004
0.00016081403600000003
0.00006369524099999999
0.000018330845
2.8651449999999997e-6
8.0461e-8
8.036e-9
1.203809e-6
0.000010603468999999998
0.000041856785
0.00011245548800000001
0.00024002752100000003
0.00043829588500000005
0.0007136357930000001
0.0010624172260000001
0.0014697579560000002
0.0019105833769999998
0.0023513646259999996
0.0027544919810000004
0.0030823166159999996
0.003302768506
0.0033933081130000002
0.0033441458500000007
0.0031600212410000006
0.002859146189
0.002471492225
0.002033913609
0.0015855973779999998
0.0011629200640000002
0.000794723437
0.000499144178
0.00028255740999999995
0.00014011946099999997
0.00005842708000000001
0.000019511109000000005
5.286002000000002e-6
1.9195010000000002e-6
2.9453850000000004e-6
0.000010720613000000001
0.00003580897000000001
0.00009440808499999998
0.00020421016200000003
0.000379529748
0.0006267689379999999
0.000940733369
0.0013034701250000003
0.001684818452
0.0020462576199999994
0.002346223874
0.0025464632570000004
0.002618875717
0.0025509192929999997
0.0023479519090000003
0.00203378773
0.00164681488
0.0012339297610000001
0.000842332433
0.0005113025010000001
0.000265154485
0.00010931371399999998
0.000030963413
4.170457e-6
8.956999999999999e-8
5.0674e-7
0.000012946586
0.000084746088
0.000313293586
0.00084994322
0.0018953520099999998
0.003685858765
0.006470820585000001
0.01048325746
0.015905799409999997
0.022837505193000002
0.031263966977
0.04103802706
0.051870925993
0.06333880350500001
0.07490652242000001
0.08596057644199999
0.09586106276899999
0.103993198937
0.10982265227600001
0.112945916324
0.11313213463399997
0.11034314080099998
0.104742775969
0.09668288081799999
0.08667252504499999
0.075331274804
0.063333304425
0.051350458417
0.039992049305
0.029757709000000004
0.021003183763999997
0.013921499341000001
0.008542380745
0.004749719569999999
0.002313210089
0.0009308111129999999
0.00027629411400000004
0.000046173994000000006
1.645498e-6
5.0993000000000005e-8
0.000013352004000000001
0.00013188049999999997
0.0005535795699999999
0.0015604565809999998
0.0034853226129999996
0.006672652828999999
0.011437764610000001
0.018029389981
0.026597363856999998
0.037171738042000003
0.049649623204
0.063798572066
0.07926467244999999
0.09559672776000001
0.112273051761
0.12873340618
0.14441440407300002
0.15878056186399997
0.171356808409
0.18174741900199998
0.18965640422900001
0.194895507365
0.19738714792400003
0.19715743373
0.194331131653
0.18911293902500004
0.18177457321600005
0.172631619434
0.16203026988200003
0.15032848210900002
0.1378799869
0.125020741202
0.112059518569
0.09927229030899999
0.08689520168500002
0.07512213120799999
0.06410585352499999
0.05395964582900001
0.04475794833700001
0.036541470314
0.029320840049
0.023079698712999995
0.017780555124
0.013368120929
0.009772403212999999
0.006913506048999998
0.004704323849999999
0.003053832905
0.0018704138049999998
0.0010639831809999998
0.0005493614600000001
0.00024855716
0.000093092861
0.000026253725000000004
4.919268999999998e-6
8.88737e-7
1.675125e-6
0.000010569324999999999
0.000045858353000000006
0.000139129805
0.00033262782499999995
0.000675619577
0.0012202298649999998
0.002016189073
0.003105860305
0.004518860872999998
0.006267887405000001
0.008344279324999999
0.010716037426
0.013327311012999998
0.016099065652
0.018932763394
0.021715306784
0.024325377962000003
0.026641974292000003
0.02855133877699999
0.029957682105
0.030787499580999998
0.030996881305
0.030575830669000003
0.029547362729000007
0.027966579279999994
0.025917446978000004
0.023504627364999996
0.020846746673999998
0.018067455797000004
0.015285823961
0.012609188833000001
0.010126484829
0.007904069108000001
0.005983564816999999
0.004382356848999999
0.003095732405
0.0021016261460000004
0.0013648856330000002
0.000843231348
0.000492026445
0.000268682026
0.00013560343300000001
0.00006221252499999998
0.000025335848000000004
8.833901e-6
2.493706e-6
5.185169999999999e-7
6.697799999999999e-8
4.9999999999999985e-9
1.8850000000000004e-9
8.242e-9
2.3426e-8
4.1301e-8
6.3752e-8
1.1955399999999999e-7
3.18418e-7
1.039045e-6
3.424634e-6
0.000010324957
0.000027820586
0.00006727154599999999
0.00014766808500000004
0.000297969821
0.0005586354640000001
0.0009819929299999999
0.0016305540050000004
0.0025730037170000005
0.0038774501319999996
0.005602841986
0.007788110945
0.010441373545999999
0.013530543498
0.016976311313
0.020649719252
0.024375890234000004
0.027942914419999996
0.031118398087999998
0.033669376945
0.035386500565
0.036107338397000005
0.035737079760000005
0.03426456564499999
0.031767952264000004
0.028411053745000005
0.024430661348000003
0.02011188293
0.015758672948999998
0.011659405041
0.008055385706000001
0.005113720132000001
0.002910364285
0.0014268651699999996
0.000561301604
0.00015308330900000002
0.000019643584999999995
1.7024899999999998e-7
5.70425e-7
0.00003352897
0.00024698663199999995
0.0009359887769999999
0.0025341533449999994
0.005584012060999999
0.010686952561999998
0.018438987865
0.029355912109000005
0.043798165066000004
0.061904997919999996
0.08354310757000001
0.10827680053699998
0.13537280981299998
0.16382719193299997
0.19242306092500003
0.21981300989800007
0.244617424273
0.26552961347200005
0.281414554573
0.2914028659599999
0.29495695547600004
0.29190979267699996
0.28247554844199996
0.26722895189000007
0.247053775525
0.223067268554
0.19653113916499998
0.16875867769
0.14101347877
0.11443009191400003
0.08994516178
0.06825211697
0.049780400764999996
0.034696852506
0.022930132810000003
0.014213345369
0.008135223496999999
0.004199530376
0.0018824764999999999
0.0006856460200000001
0.00017750740900000003
0.000023297464999999996
3.812500000000001e-7
2.77668e-7
0.000018530114
0.00013517064500000002
0.000488942129
0.001248389801
0.00258369989
0.004640805907999999
0.00752146434
0.011269344484
0.015862523524999998
0.021214853725000003
0.027180423225000003
0.033564844897
0.040140760144000004
0.046660383893
0.052875475577
0.058549720109
0.06347340782600001
0.067472388761
0.070415858234
0.07222184967399997
0.072856096169
0.07233021356499998
0.07069958712999998
0.068056500868
0.06452337024999999
0.060246169588
0.055384718373
0.050108075753000005
0.044584962639999996
0.038980589484999995
0.033447333757
0.028123118465
0.023125253293
0.018550628737000002
0.014470500356
0.010931334760000001
0.007954115245
0.0055351554249999995
0.0036480518119999996
0.0022459654120000005
0.0012657476650000002
0.0006326859620000001
0.000265915341
0.000084926228
0.00001635274
8.79556e-7
3.77e-10
1.93096e-6
0.000026171856999999995
0.0001261732
0.00038963786600000003
0.0009357725569999999
0.001909674
0.003473368697
0.005793815169999998
0.009028748690000001
0.013310394163999997
0.018729573844999996
0.02532020516
0.033045778485
0.04179075230499999
0.051356261333
0.06146233561
0.07175694502800001
0.08183233801299998
0.091246721197
0.099553276213
0.106326426065
0.111197990944
0.11388117260199998
0.11419781157800002
0.11209490722000003
0.107652056096
0.101078089556
0.09269974893600001
0.08293908424399998
0.072280159313
0.061237356964999996
0.05031183578
0.03995965925
0.030558595208
0.02238385333
0.015596453681999998
0.010240491348
0.006252903331999999
0.0034825531050000007
0.0017168677839999994
0.0007124321209999999
0.000226528573
0.000044724604999999996
2.816834e-6
0.
2.3520080000000003e-6
0.000036765729000000005
0.00017669981599999996
0.0005218428010000001
0.0011753789800000001
0.0022211322500000005
0.003704741833
0.005620813248999999
0.007907661044
0.010450747881
0.013093046307999998
0.015651708377
0.01793904521
0.019782575305
0.021044087216999997
0.021634893361
0.021523466709000003
0.020736542620999998
0.019354772649999998
0.017500368794000003
0.015322091285
0.012979796026000003
0.010625693429000002
0.008392229954
0.006381367280999999
0.004659271612999999
0.0032560463290000003
0.002169521146
0.001372378081
0.000820397825
0.000461723445
0.00024443396
0.00012272572099999998
0.00006013284999999999
0.00003080033999999999
0.000018572612
0.000014816113
0.000015722144
0.000019798565000000005
0.000026012621
0.000032909124999999995
0.000038520605000000006
0.00004095349
0.000039059136999999995
0.00003298892500000001
0.000024239989
0.000015072808
7.633322e-6
3.06737e-6
1.1440530000000002e-6
9.28589e-7
2.85921e-6
0.000012313685
0.000044346356
0.000129028514
0.000316250197
0.000678855321
0.0013131785159999998
0.002335663108
0.0038752331780000002
0.006061317384999999
0.009009229464999999
0.01280261018
0.017476423631999995
0.02300203129
0.02927761002400001
0.036123255986
0.043284324148
0.050446732321000005
0.057251931577
0.063327661405
0.06831591559399999
0.07190233193600001
0.07384811941699998
0.074009661437
0.07235528500100001
0.068968935125
0.06404535748999998
0.057874315265000004
0.050814245860999994
0.04326305714599999
0.035624768644
0.02827571189
0.021535222552999993
0.01564465577
0.010753172217999998
0.00691367162
0.004089853589000001
0.002170666642
0.0009921091849999998
0.000362795626
0.00009111457700000001
0.000010405072000000001
5.9141000000000007e-8
4.5432500000000004e-7
0.000020420033
0.00013695227199999997
0.000487560505
0.0012563505170000001
0.002655501844
0.004904470106
0.008208352468000002
0.012737418508999999
0.018610991241999993
0.025884350404999996
0.034542241658
0.04449617077
0.055587610564999994
0.067597853986
0.080256960305
0.09325856692999998
0.10627661419300001
0.11897879706499997
0.13104226616499998
0.14216515819699999
0.152080786793
0.160561764757
0.16742812545000002
0.172548762685
0.17584326567200004
0.17727943835600002
0.176872431933
0.174678919841
0.170791484869
0.16533625856199996
0.15846550953999997
0.150352912448
0.141189846884
0.131177837002
0.12052787144500002
0.10945401728899998
0.098167973026
0.08687975754100001
0.07578793305
0.065078589082
0.054922918083999996
0.04546787608900001
0.036836637625
0.029123125793999994
0.022389107533000004
0.016662520538000002
0.01193594378
0.008168176325
0.005286364402
0.0031903107770000004
0.001758945137
0.0008587379049999999
0.00035283377300000004
0.00011158878799999998
0.000023029564999999998
2.6013379999999998e-6
1.18157e-6
0.000010613761000000002
0.00006580892199999998
0.00024293942600000002
0.0006533163079999999
0.0014333400260000003
0.0027305490599999994
0.004687247341000001
0.007422791060000001
0.01101631757
0.015491561333
0.020804553457
0.026839040224999996
0.033405284353
0.040248849722
0.047063227113999996
0.053511588244000007
0.05925034444499999
0.06395510472499999
0.06734900406599999
0.06922483888999999
0.069464722626
0.068048381354
0.065059533268
0.06067626959300001
0.05515690426
0.04881827168999999
0.042009547581000006
0.035083540136
0.028367843577999995
0.022141566026
0.016618343465000004
0.01193367293
0.00814507957
0.005236552850000001
0.0031318212290000003
0.0017110406339999997
0.0008304193
0.000341999125
0.000109906585
0.000023017625000000003
1.860658e-6
1.25e-9
3.56273e-7
7.700212e-6
0.000039078765
0.000113996488
0.00024605729800000005
0.00043725672
0.0006760023250000001
0.000938288306
0.00119202674
0.00140300714
0.001541489876
0.0015879263080000002
0.0015363280010000004
0.001395498241
0.0011867468739999998
0.0009399955299999999
0.000687694445
0.00045897134600000005
0.000274413177
0.000143367041
0.000063504772
0.000023593813
8.473977000000001e-6
5.564282000000002e-6
0.000011370041
0.00003663845799999999
0.00010892510900000002
0.00027149868999999996
0.0005786062100000001
0.0010874651529999997
0.0018476349859999997
0.00289012932
0.00421783402
0.005798389453
0.00756217629
0.009405853265
0.011200141908
0.012803216041999998
0.014077334015999999
0.014904990349000002
0.015203658015999998
0.014938154880999999
0.014126230825
0.012836040345
0.011180458445
0.009301480929000001
0.007354452305000001
0.005487974325
0.0038269344100000007
0.0024585450759999996
0.0014241701969999999
0.0007190846259999999
0.000298758034
0.00009163309299999999
0.00001642824
1.0553860000000001e-6
5.17298e-7
0.000010632504999999999
0.00007551337300000001
0.00028729808199999996
0.0007776595599999999
0.0017020241689999999
0.003218460425
0.0054640425650000005
0.008530646579999999
0.012445696640000002
0.017158753665
0.022535891204
0.028364513409000005
0.03436655680800001
0.040219681725
0.045586029442
0.05013871378
0.05359357922499999
0.05573471283999999
0.056430109385
0.055647019474
0.053449752805
0.049993638353
0.04550877919400001
0.040278819220000005
0.034614374248000006
0.028828106752000007
0.023208915004999997
0.018001958981
0.013392366748999997
0.009498326216
0.006369472345
0.003991904197
0.002298857053
0.0011853584100000002
0.0005244763329999999
0.00018450602100000002
0.000043985368999999996
4.6262740000000015e-6
3.3529e-8
5.10525e-7
0.000013556424999999996
0.00008051241599999998
0.00027010097
0.000669649418
0.001375142816
0.002480979304
0.004070093329
0.00620619732
0.008927104860999999
0.012240441473
0.016121955529
0.020515639297
0.025336893578
0.030475025802
0.03579873200499999
0.041163528008
0.046415361213
0.05139951752000001
0.055965286594
0.059972496449
0.063296327092
0.06583032807200001
0.067493228305
0.06822843005799999
0.068007305448
0.06683208734499999
0.064732678666
0.061769582249000005
0.05802972049
0.053625582204999994
0.048692425601000004
0.04338132322
0.03785620882
0.032286158906
0.026838112089999998
0.021669594728000004
0.016919857058
0.012703419109
0.009101402544999998
0.006158708921000001
0.0038786492530000004
0.002224683773
0.0011230979049999998
0.0004706553699999999
0.00014614426
0.000025616960000000003
9.239849999999998e-7
1.241e-8
7.80914e-6
0.000085530688
0.000386230084
0.00116440272
0.0027770776520000006
0.0056756619170000005
0.010385864304999997
0.017476408833999996
0.02751836445
0.041035045138000006
0.05844638492999999
0.08001359816000003
0.10578715738399999
0.13556465810900004
0.16886084541799998
0.20490006675400002
0.24263151744099995
0.28076121853
0.317815042381
0.352223456713
0.38240693213000004
0.4068923893
0.424408718725
0.43398776420199986
0.43503837462499995
0.42740312192499996
0.411377806765
0.3876959826000001
0.35749137790599994
0.32221068325
0.28351590970000007
0.243169525681
0.20290542445299997
0.16431564847299998
0.12874666622499997
0.09722346624999997
0.07040180242
0.048558764369
0.031614514345000004
0.019184067088999997
0.010651044181000002
0.005258828621
0.002202817121
0.000717772445
0.000150657026
0.000011646593999999998
6.445e-9
4.0264090000000006e-6
0.00007714414899999998
0.000395417821
0.0012030566649999998
0.0027540322
0.005256890218
0.008831016297000002
0.01347729514
0.019067367281000003
0.025351216249999996
0.031980884288
0.038546650324999994
0.04462033897800001
0.04979915658399999
0.05374687650099999
0.05622209285299999
0.057101856704999995
0.056382512821000014
0.054177413402
0.05069438573
0.046211713938
0.041047881481
0.035528347881000004
0.029959264524999994
0.024604498864999998
0.019670202173
0.015298166698
0.011565720289000003
0.008492400325
0.0060507247489999996
0.004179171314
0.002795701922
0.0018104175680000005
0.0011346461299999997
0.0006887602099999999
0.000405844025
0.00023310672799999998
0.000131518746
0.00007372862899999998
0.000041769197
0.000024413093000000006
0.000015062441
0.000010033972000000001
7.370057e-6
6.095964999999999e-6
5.802319999999999e-6
6.505421000000001e-6
8.627797e-6
0.0000132613
0.000022614881
0.00004076309799999999
0.00007463573800000003
0.000135167425
0.00023846036000000002
0.000406522485
0.000667617565
0.001055401049
0.0016070754500000003
0.0023607172970000006
0.0033506283010000006
0.004602712234
0.006129657956000001
0.007925729700999999
0.009963886324999999
0.012192861684999999
0.014539053898
0.016907955145000004
0.019190556113000003
0.021270414552999998
0.023032405345000003
0.024372418210000007
0.025205777539999998
0.025476491812
0.025160739523999998
0.024270905953999996
0.022854305025
0.020989518057000004
0.018780403625
0.016346748436999996
0.013815089556999999
0.011308076260000001
0.008936143032999999
0.006789304924999999
0.00493168714
0.0033993429210000003
0.002200472777
0.0013179177449999997
0.0007141504690000001
0.000337921685
0.0001313365
0.00003724818499999999
5.862041999999999e-6
2.3738899999999998e-7
1.1659700000000002e-7
3.941002e-6
0.000029051186000000006
0.00011017261300000003
0.0002965352929999999
0.0006477744400000001
0.0012296005760000003
0.002108716749
0.003348440161999999
0.0050045629599999985
0.007121249370000002
0.009729641224000002
0.012845040124999998
0.01646666801
0.020576839805
0.025142730920000002
0.030116392563999998
0.035435867233000004
0.04102820989
0.046809693709000004
0.052688293573000006
0.058565467090000004
0.064336809001
0.069894810113
0.075130115141
0.07993264843400001
0.084195078937
0.08781220469800001
0.090687553997
0.09273265371400001
0.09387135271399998
0.09404388945800002
0.093210072905
0.09135279715700002
0.08848088533699999
0.08463270500199999
0.079875788669
0.07431082604999999
0.06806708605300002
0.061301270594000014
0.054193008193
0.046937624500000004
0.039736742845000006
0.032789464612999995
0.026280923299999995
0.020372112841
0.01518792916
0.010811673841999998
0.0072772681930000005
0.004569226218000001
0.0026238090529999997
0.0013366247449999999
0.0005744149010000001
0.00018991700199999997
0.00003975285199999999
3.2229380000000003e-6
2.08484e-7
5.901204999999999e-6
0.00006055712
0.000272409866
0.0008125908200000001
0.001901841952
0.0037890388
0.0067235823729999995
0.010924359457999999
0.016545815681
0.023649639623999998
0.032180279149000006
0.041951446769000006
0.05264412031400001
0.06381815933299999
0.07493841189200001
0.085409545442
0.094624652593
0.10201472056400002
0.10709864947999997
0.10952793404200001
0.10912054320499999
0.10588237383700001
0.100006489125
0.09185977118799997
0.08195093829
0.070885200928
0.05930954612200002
0.047857024373
0.03709362661
0.027473549908000005
0.019307700785000003
0.012751285059999999
0.0078058421959999996
0.004340353793000001
0.0021236732689999998
0.0008664630399999999
0.000266076378
0.00004860512500000001
2.3989330000000003e-6
2.452e-9
5.54265e-6
0.00006763352500000001
0.000299494429
0.0008497540579999999
0.0018686120209999999
0.0034743910450000005
0.005725357402
0.008601469028
0.01199660626
0.015726037072
0.019542876965
0.023165007066000002
0.02630865988
0.02871823364
0.030199275553
0.030636973144999996
0.030008762425
0.028385962088000004
0.025920348898
0.022826112322000002
0.019353709082000004
0.015760929097999997
0.012285875277000001
0.009124198250000002
0.006414637032000001
0.004231552484000001
0.002586439517
0.001438424468
0.000707973538
0.00029500108100000003
0.00009651150900000001
0.000021719504000000002
2.9015729999999998e-6
7.93874e-7
4.326040999999999e-6
0.000025574386
0.00009125984500000001
0.00023258598499999996
0.0004753700660000001
0.000832139017
0.0012973281770000003
0.0018462421
0.0024375142849999997
0.003018987621
0.0035348908570000006
0.003934079109000001
0.004177089137000001
0.004240987738
0.004123038233
0.003839328733
0.003422177018
0.0029152701730000004
0.002366886149
0.0018240351489999995
0.00132641665
0.0009025336519999998
0.00056785472
0.000324737361
0.00016456638499999998
0.000071127044
0.000024817809999999995
6.600937999999999e-6
1.5684209999999998e-6
1.085058e-6
3.60629e-6
0.000014057145000000001
0.000041978852
0.000098898077
0.00019538707599999999
0.0003383678089999999
0.000529110845
0.0007621564010000001
0.0010253964340000003
0.0013012973170000001
0.001568651426
0.001805604068
0.001991876225
0.0021113557160000003
0.002154023314
0.002117009744
0.0020047297939999997
0.0018281512099999997
0.0016032062719999998
0.001349090125
0.001085576269
0.0008313881089999999
0.00060183812
0.0004078487300000001
0.00025518035300000003
0.00014442644899999998
0.000071663056
0.000029665024999999996
9.46985e-6
2.127193e-6
4.54369e-7
6.257619999999999e-7
3.4506610000000002e-6
0.000015263704999999998
0.00004833526399999999
0.00012088546
0.00025657672
0.0004837912820000001
0.0008343630250000001
0.0013425095699999999
0.002043037669
0.0029700840020000004
0.004155512657
0.005627456641
0.007408719025999999
0.009515533465999999
0.011956130356999998
0.014730342721999998
0.017826726832999996
0.021224061802000004
0.024887619647999997
0.028771897203999995
0.032817469082
0.036951810449000005
0.041090394965
0.045137519604000004
0.048987074666
0.052526769056000004
0.055639316259999995
0.058208417137
0.06012343104100001
0.06128381991700001
0.061607137477
0.061034610960000006
0.059537347431999996
0.057120947969000004
0.053830884253000005
0.049752584335999994
0.04501300403300001
0.039775026505
0.034230978836
0.028593909145
0.023081974669
0.017905386133000006
0.013249878408999998
0.009260186136999998
0.006027158448999999
0.0035787186250000004
0.0018773818339999997
0.000824290273
0.00027348002899999993
0.00005442961
3.174202e-6
7.204900000000001e-8
0.000010955789000000001
0.00012793424199999997
0.0006049366900000001
0.0018828951250000005
0.0045994866409999995
0.009579706309
0.017802767645000002
0.030347253220000002
0.048312235688
0.07272163105
0.104416989394
0.143944917098
0.19145553725
0.246613431509
0.3085467842000001
0.375820086596
0.44646556133
0.51805156301
0.587798890369
0.652738907389
0.7098942519360001
0.7564833142559999
0.790114481757
0.808965368105
0.8119312956050001
0.798715235509
0.769864599353
0.726741929178
0.671439687858
0.606626530344
0.5353589239449998
0.46086698428899997
0.3863295893299999
0.314662930285
0.24833958783300006
0.1892525897
0.13863815989199998
0.09705247835400001
0.06441374929999999
0.040092444269
0.023039646396999996
0.011940779637
0.005375671624999999
0.001968474344
0.00051384749
0.000068457733
1.096484e-6
4.4804499999999996e-7
0.00004427009000000001
0.00033736666599999996
0.001228810194
0.003120544264
0.006379223425
0.011260933641000002
0.017858444740000003
0.026074540441999996
0.035621127052999996
0.046045262833000006
0.05677370104499999
0.067172801512
0.076608233017
0.08450985734500001
0.09041797413700002
0.09402487870900002
0.09519012360999997
0.093944502898
0.090472879781
0.08508870368499999
0.07819517875300001
0.070245160346
0.061700413568
0.052996112649999996
0.044512512005
0.036555663248000005
0.029347221122000007
0.023024225993
0.017646192324999997
0.013206171325
0.009646381104999999
0.00687366205
0.00477602152
0.0032348711140000003
0.002135455426
0.001374123397
0.0008625937159999998
0.000529025738
0.000317852386
0.000187944068
0.000110134432
0.00006460393
0.00003848447300000001
0.000023715770000000006
0.000015465204000000003
0.000010937786
8.577405e-6
7.579025000000001e-6
7.585412000000001e-6
8.525969999999999e-6
0.000010579417000000002
0.000014153389
0.000019934119999999997
0.00002889522
0.000042375346000000007
0.00006200426900000001
0.000089729361
0.000127570529
0.00017749615299999998
0.000241081497
0.00031922462500000006
0.0004119244650000001
0.0005178764610000001
0.0006344692
0.000757796409
0.0008827442500000001
0.001003382665
0.0011133256769999998
0.0012064374580000002
0.00127712826
0.001321021026
0.0013354332849999997
0.0013193769700000002
0.0012737765
0.001201468405
0.0011067079809999997
0.000994869173
0.0008720041089999999
0.000744381586
0.000617924392
0.0004978055119999999
0.000388104601
0.000291864197
0.00021071760399999997
0.000145153025
0.00009460852999999998
0.000057695143999999996
0.000032358946
0.000016307530000000005
7.12585e-6
2.567396e-6
7.27445e-7
1.86788e-7
1.22549e-7
3.7552500000000005e-7
1.4973130000000004e-6
4.784525000000001e-6
0.000012300961999999999
0.000026910581
0.000052317668
0.000093103504
0.000154790725
0.000243914996
0.00036816273699999993
0.000536368804
0.0007585023290000001
0.001045869061
0.0014107424049999997
0.001866521194
0.002427298112
0.0031070712130000003
0.003919846045
0.00487786916
0.005991296098000001
0.007266711367999999
0.008705183445
0.010301655629
0.012042293544999999
0.013904634517
0.015854431540999997
0.017847001709000002
0.019825989930000003
0.021725748772999993
0.023471924194
0.024985693059999998
0.026187136378000003
0.02700202869
0.027365027501000002
0.027228395716999997
0.026566321233999997
0.025379364913999995
0.023698357345
0.021583812544999997
0.019125931714000004
0.016438375971999996
0.013650673786000002
0.010898585672
0.008312215325
0.006004586537999999
0.0040598011539999986
0.0025258292000000003
0.0014091341380000001