1.
0.990050603989
0.960740203833
0.9136500453799999
0.8512538796680001
0.7767254172410001
0.693682215425
0.6059059653700002
0.5170926052690001
0.430615167385
0.349339222629
0.27550213192000006
0.210645386113
0.15560833525000003
0.11057236353699999
0.075142615858
0.048466716388
0.029367448490000003
0.016482205805
0.008399703689
0.0037775811690000005
0.0014404542440000002
0.00044509695399999995
0.00011477651300000001
0.000042005321999999996
0.000063275354
0.000212441725
0.00066065017
0.001650653953
0.0034342047220000003
0.006218227936999998
0.01012395284
0.015164778868999999
0.021237113585000002
0.028129999349000002
0.035543874676
0.04312092976999999
0.050477923801
0.05724042272
0.06307250665
0.06770306853000001
0.07094190656500002
0.07268894104399999
0.07293228648999998
0.07174287478800001
0.069261862372
0.06568227040999998
0.061229887913
0.056147056944999996
0.05067466206799999
0.04503691523700001
0.03943288375699999
0.034027191724999996
0.02894838754
0.024287981592999996
0.020102604924999996
0.016418538805
0.013235208545
0.010533032788
0.008277411685
0.006424675756999999
0.0049264561
0.003732579029
0.0027950550290000006
0.0020689486689999996
0.0015142678730000001
0.0010959833800000002
0.0007846285010000001
0.00055573381
0.00038940379300000006
0.000270021044
0.000185287121
0.00012580753999999998
0.00008454270800000001
0.000056205493000000003
0.000036961128
0.000024037473999999997
0.00001545937
9.834896e-6
6.188032999999999e-6
3.851944000000001e-6
2.3825249999999997e-6
1.4663170000000003e-6
9.07154e-7
5.683450000000001e-7
3.665139999999999e-7
2.48221e-7
1.79201e-7
1.4000500000000002e-7
1.1860999999999999e-7
1.0815999999999998e-7
1.0312199999999999e-7
1.00708e-7
9.9013e-8
9.543999999999999e-8
8.9165e-8
8.012799999999999e-8
6.943399999999999e-8
5.882e-8
4.943300000000001e-8
4.4602e-8
4.6273e-8
6.012499999999999e-8
9.7357e-8
1.8317e-7
3.6733000000000005e-7
7.380000000000001e-7
1.437473e-6
2.6765049999999996e-6
4.740242e-6
7.988804e-6
0.000012834265999999999
0.000019697952999999998
0.000028959245000000005
0.000040843172000000006
0.000055353913
0.000072207845
0.00009071511199999999
0.00010976769700000001
0.00012792040999999997
0.00014344583199999998
0.000154611176
0.000159840025
0.00015799569799999997
0.00014874622600000002
0.00013261405000000002
0.00011107039399999998
0.00008642304800000001
0.000061445333
0.000038956628
0.000021155436999999995
9.196532999999998e-6
2.8109600000000004e-6
4.74097e-7
5.4146e-8
2.3235999999999997e-7
2.6005050000000003e-6
0.000014357285
0.000051332949
0.00014091447199999997
0.000324302365
0.0006573794770000001
0.001210080896
0.002062975417
0.0033017959220000004
0.005009103460000001
0.007254436625
0.010083385220000001
0.013506173353
0.017488357465000007
0.02194358725
0.026732255881000005
0.031663260913
0.03650261644100001
0.04098732293000001
0.044844790016
0.04781473032099999
0.04967384278900001
0.05025742861
0.049479968528000004
0.0473485081
0.043966722868000005
0.03953270980100001
0.034322891936
0.028669598961999998
0.022929501639999995
0.017448045170000002
0.012525390788000001
0.008383808529999998
0.005145901852999999
0.002826687573
0.0013388550399999995
0.00051598372
0.00014877212500000002
0.000031491821
0.000011784341
0.00003608105
0.000183343904
0.0006803060499999999
0.0018945006610000003
0.00430347866
0.008442783082
0.014838354221000001
0.023930935276999996
0.036000630122
0.05110380933199999
0.069027008884
0.089269146448
0.11105091219999999
0.133357925817
0.15500903540800004
0.17475288896000002
0.191373447085
0.20379851069
0.21120299297800002
0.213085096405
0.209318677402
0.20016251044
0.18623412752199997
0.168453344885
0.14795063234500003
0.12596307901199996
0.10372606772500002
0.08237017106000001
0.06283644949300002
0.045813025141
0.031705680348999996
0.020636670337
0.012471157169000002
0.006870249297
0.0033582820000000006
0.001398276938
0.00046648528100000006
0.00011652944
0.000025516186
0.000018318169
0.00006784200200000001
0.000273626434
0.000823147837
0.0019430172009999999