1.
0.9801879405878001
0.9230555240012001
0.8350869892481999
0.7257161000562
0.6057281057612001
0.48539339429899997
0.37340336252879996
0.2756134785944
0.1951551907422
0.132462640347
0.0861571139346
0.0536647210996
0.031987471914400004
0.018228600346399997
0.009924494432200002
0.0051568213564000005
0.0025547480346
0.0012044365525999997
0.0005398687026000001
0.00022959697359999998
0.00009242997099999999
0.0000351592044
0.000012594993800000001
4.2365068e-6
1.332379e-6
3.901832e-7
1.055702e-7
2.6221999999999998e-8
5.962799999999999e-9
1.2259999999999995e-9
2.29e-10
4.e-11
7.999999999999998e-12
1.e-12
0.
0.
0.
0.
0.
0.
0.
0.
0.
0.
0.
0.
0.
0.
0.
0.
0.
0.
0.
0.
0.
0.
0.
0.
0.
0.
0.
0.
0.
0.
0.
0.
0.
0.
0.
0.
0.
0.
0.
0.
0.
0.
0.
0.
0.
0.
0.
0.
0.
0.
1.e-12
1.1399999999999999e-11
8.799999999999999e-11
7.262e-10
4.5792e-9
2.44126e-8
1.1189799999999999e-7
4.5381580000000003e-7
1.6472693999999998e-6
5.433581999999999e-6
0.000016441026999999998
0.0000459397124
0.00011932954280000001
0.00028937759640000003
0.0006582593012
0.001408822886
0.0028460574822000003
0.005439804354
0.009856455377200002
0.0169621937796
0.027782401889000004
0.0433543705876
0.064523675427
0.0917351552472
0.12459716900820002
0.1619493444944
0.20150489430000001
0.2401647315594
0.2743677185052001
0.3004826584302
0.3156623422718
0.31813698454360007
0.30763243352180003
0.285501199296
0.25417792794840005
0.21715084862279999
0.1779659339458
0.1398164748346
0.10524610107759999
0.0758406284344
0.05228568985219999
0.0344378191106
0.021639243391800005
0.012944462156400003
0.007352863550999999
0.0039546864748
0.0020054567961999997
0.0009537811322
0.0004226507562
0.0001730221078
0.0000646363466
0.0000216976838
6.407832199999999e-6
1.6134157999999998e-6
3.299512000000001e-7
5.0591200000000004e-8
5.1636000000000015e-9
2.8439999999999997e-10
2.4599999999999998e-11
1.7600000000000003e-11
1.28e-11
1.7400000000000003e-11
1.622e-10
1.2800000000000001e-9
6.039e-9
1.94212e-8
4.86448e-8
9.99948e-8
1.7693739999999999e-7
2.7741360000000003e-7
3.9096059999999995e-7
5.040162e-7
5.978396e-7
6.582790000000001e-7
6.752194e-7
6.477262e-7
5.813562000000001e-7
4.881784e-7
3.8304419999999996e-7
2.8061819999999996e-7
1.912132e-7
1.2074239999999998e-7
7.0118e-8
3.707299999999999e-8
1.77376e-8
7.5586e-9
2.7618e-9
8.525999999999999e-10
2.0799999999999998e-10
3.9600000000000004e-11
4.999999999999999e-12
2.e-13
0.
0.
0.
0.
2.e-13
1.3999999999999997e-12
1.e-11
4.e-11
1.188e-10
2.774e-10
5.379999999999999e-10
9.376000000000002e-10
1.46e-9
2.039e-9
2.6146e-9
3.0307999999999995e-9
3.2686e-9
3.17e-9
2.8325999999999995e-9
2.2815999999999996e-9
1.6222e-9
9.851999999999999e-10
4.892e-10
1.98e-10
5.28e-11
8.599999999999998e-12
2.7999999999999994e-12
1.9999999999999996e-12
4.799999999999999e-12
6.3999999999999986e-12
1.0599999999999998e-11
5.14e-11
8.716e-10
8.435800000000001e-9
5.386219999999999e-8
2.5865220000000004e-7
1.0035294000000001e-6
3.3044752e-6
9.523592799999999e-6
0.0000245822548
0.00005748110000000001
0.00012341860320000002
0.00024532302939999994
0.00045436446439999997
0.000788475521
0.0012875391010000001
0.0019828301392
0.0028908384207999996
0.0039964591144
0.0052514141406
0.0065699309136
0.0078304463048
0.0089058031602
0.009669819887
0.010026782363
0.0099319297182
0.009400800072
0.008492208332200001
0.0073231377694
0.006025624708200001
0.0047199858052
0.0035119788255999996
0.0024792827477999996
0.00165167291
0.001035245261
0.000606665415
0.0003298717932
0.0001648089272
0.0000747350128
0.000030178274199999997
0.0000106232004
3.1642248000000003e-6
7.591533999999999e-7
1.4774960000000001e-7
2.41264e-8
3.9538e-9
1.412e-9
1.8629999999999995e-9
2.2156e-9
6.561e-9
6.75488e-8
4.2214339999999994e-7
1.8006879999999996e-6
5.9537858e-6
0.0000162050594
0.000037883563399999996
0.0000786976706
0.00014785506400000003
0.0002542737654
0.000405413699
0.0006028865174
0.0008412200734
0.0011069743028
0.0013779006016
0.0016260238611999999
0.0018253161690000002
0.001947414649
0.0019786742814000002
0.0019110889188000003
0.0017583159562000004
0.0015402662057999999
0.0012831380061999998
0.0010146259043999999
0.0007602123322000001
0.0005388994422
0.00036076218560000004
0.0002274996118
0.00013423787259999998
0.00007385312499999999
0.000037691091
0.0000176775812
7.56682e-6
2.8956012e-6
9.737898000000002e-7
2.859306e-7
7.09302e-8
1.4685399999999997e-8
2.6978e-9
7.68e-10
4.684000000000001e-10
3.05e-10
2.5400000000000005e-10
2.106e-10
1.5719999999999998e-10
1.7959999999999998e-10
4.3399999999999995e-10
1.308e-9
3.3038e-9
7.213999999999999e-9
1.31242e-8
2.07856e-8
2.9092e-8
3.6663200000000006e-8
4.213640000000001e-8
4.45328e-8
4.27324e-8
3.7588399999999994e-8
3.01562e-8
2.21208e-8
1.4765e-8
8.8032e-9
4.5652e-9
2.1394e-9
8.687999999999999e-10
3.374e-10
1.61e-10
1.306e-10
1.28e-10
1.576e-10
1.618e-10
1.778e-10
1.726e-10
5.707999999999999e-10
3.5568e-9
1.7128e-8
6.435499999999998e-8
1.955174e-7
5.068916e-7
1.1640972e-6
2.4022984e-6
4.5234586000000006e-6
7.872481399999999e-6
0.000012771473
0.000019344861
0.000027515882800000002
0.000036889476
0.0000468931872
0.000056473600399999994
0.00006432587080000001
0.00006960062720000001
0.0000714833058
0.0000697100258
0.00006452368240000001
0.0000564367322
0.00004685253939999999
0.0000365472642
0.0000267755556
0.000018273261999999996
0.0000114465454
6.634389e-6
3.5333255999999994e-6
1.7172414e-6
7.468202e-7
3.06315e-7
1.257644e-7
6.259159999999999e-8
4.1212799999999996e-8
5.836220000000001e-8
1.4454020000000003e-7
3.360626e-7
8.65531e-7
2.3624571999999996e-6
6.724110800000001e-6
0.000018933456800000003
0.000050491949000000004
0.0001253554364
0.00028874998140000004
0.0006247702216
0.0012697651128
0.0024178147489999995
0.004320791766399999
0.007336466791600001
0.0118417018102
0.0181701504072
0.026553267433400002
0.0370970418032
0.0495126991966
0.0630583625176
0.077085751572
0.09006975483139999
0.10100650360680001
0.10876699171540001
0.11221807980460001
0.1110277504014
0.10515259622199999
0.09553711295100001
0.08313339707
0.06934118141880001
0.055299487821400005
0.04220973047
0.030716794094599997
0.0213005705464
0.014053718717000003
0.0088107262692
0.005241683712599999
0.0029489082466
0.001556623516
0.0007719098269999999
0.00035830405100000006
0.0001533697244
0.0000608162622
0.0000217763138
6.9558194e-6
2.1372486e-6
6.465524e-7
2.95654e-7
1.882332e-7
1.3254899999999998e-7
1.005644e-7
6.98654e-8
4.24518e-8
2.1634199999999998e-8
1.6701e-8
1.9359800000000002e-8
2.51604e-8
3.4089999999999996e-8
4.6306199999999995e-8
5.675199999999999e-8
7.13398e-8
8.036940000000002e-8
8.6104e-8
8.44964e-8
7.95198e-8
6.684260000000002e-8
5.462900000000001e-8
4.2267000000000004e-8
3.20444e-8
2.08126e-8
1.20096e-8
7.5306e-9
4.608400000000001e-9
4.2664e-9
3.828800000000001e-9
4.678600000000001e-9
5.525799999999999e-9
5.5345999999999995e-9
5.9116e-9
5.2324e-9
4.460200000000001e-9
3.1818e-9
2.5062e-9
2.3153999999999997e-9
3.2825999999999994e-9
7.256e-9
1.6776799999999998e-8
3.52282e-8
7.0721e-8
1.387718e-7
2.3020139999999998e-7
3.6815379999999994e-7
5.526138e-7
7.85701e-7
1.0126202e-6
1.2788854e-6
1.5107202e-6
1.671521e-6
1.7574895999999999e-6
1.7754046e-6
1.7551729999999998e-6
1.6473881999999999e-6
1.5070827999999998e-6
1.308924e-6
1.1896080000000002e-6
1.0661434000000001e-6
1.0290658e-6
9.621878e-7
9.021388000000002e-7
8.502098000000001e-7
8.266393999999999e-7
8.608531999999999e-7
1.0552055999999999e-6
1.2427982e-6
1.9711246e-6
3.0991632000000002e-6
5.785585000000001e-6
0.00001147175
0.0000254506298
0.000056157833399999996
0.00012827349120000004
0.0002856677696
0.0006195349567999999
0.0012902500358000003
0.0025642911940000003
0.004846028532
0.0088098329614
0.015338661402600002
0.025685452416600002
0.040812683485199994
0.062431439056399994
0.0915300187424
0.1286325681394
0.17302698830479998
0.22359070986939997
0.27699764166019997
0.32931558549719997
0.37756969660539996
0.41481758435579996
0.43805047301199995
0.44438586922159995
0.4340538544694
0.407002428031
0.36683713641439997
0.31594307770979996
0.26250360309419996
0.208483594464
0.15921990915220002
0.11667628625920001
0.08222645733979998
0.0553488931422
0.035592114788600006
0.021630072458999998
0.0126149521618
0.0069543357956
0.0035960008212
0.0017589437761999997
0.000805735404
0.00034528315499999997
0.0001468948536
0.0000586449956
0.000023723091799999998
0.000011638066199999998
8.3995328e-6
8.4304476e-6
7.3401471999999995e-6
5.244223600000001e-6
4.493921400000001e-6
3.3454480000000002e-6
2.585664e-6
2.1607734e-6
1.6951121999999999e-6
1.3828209999999999e-6
1.4315812e-6
1.718694e-6
2.0289956e-6
2.4688307999999995e-6
2.7923247999999997e-6
3.1510909999999997e-6
3.3913196e-6
3.5543244000000004e-6
3.5398362e-6
3.6761065999999996e-6
3.4831288e-6
2.8885678000000003e-6
2.455879e-6
1.9481532e-6
1.4341847999999999e-6
1.1275855999999999e-6
8.918352000000001e-7
6.493290000000001e-7
5.847964e-7
5.44002e-7
4.97907e-7
5.263976e-7
5.798142e-7
6.319304e-7
6.547064e-7
6.077004e-7
6.0456e-7
6.300328e-7
6.246780000000001e-7
5.988358e-7
6.239661999999999e-7
7.44937e-7
8.857781999999998e-7
1.0448738e-6
1.0679888e-6
1.2157802000000002e-6
1.3348564000000004e-6
1.4214364000000002e-6
1.4899176e-6
1.505371e-6
1.7524954e-6
2.0495844e-6
2.0651954000000004e-6
1.9340428e-6
2.0415794e-6
2.6977122e-6
3.3542160000000004e-6
5.783346600000001e-6
7.086550200000001e-6
8.4004622e-6
9.874628799999998e-6
0.000012636049800000003
0.000014828423400000001
0.000018289951000000002
0.000022359089799999997
0.000025861184800000005
0.0000283001252
0.0000299423574
0.000037001194800000004
0.000043570557200000005
0.00005194257639999999
0.0000618548266
0.0000778771028
0.000124792911
0.0002316865232
0.0004638867778
0.0008659007404
0.0016953812159999997
0.0033115861988
0.0058001519639999995
0.009918142137000003
0.015986135286000003
0.025066293341000002
0.0377302430342
0.0545080177226
0.074230207057
0.0982764982598
0.1245411261622
0.15126315853220001
0.1797401344472
0.20264040613959997
0.2189841133266
0.2262166957362
0.2280047673826
0.21832043693340003
0.19965978569460002
0.1754713282468
0.15074225780779998
0.1224335759838
0.0964115297826
0.0710741374352
0.051156084711600006
0.0349469465226
0.023215021281200003
0.014519695968000002
0.0085641196212
0.0049326033358
0.0027671439798
0.0014305451242
0.0006864470214000001
0.00033950390320000004
0.0002399624962
0.00017420568920000005
0.0001908531366
0.00018152353399999998
0.00019715621540000004
0.0002063796082
0.000230591531
0.00024333851160000006
0.0002154219576
0.00019953098959999996
0.00022731150939999997
0.0002335973752
0.0002413221478
0.00025371842700000003
0.0002299075468
0.00022806782760000002
0.0002369437538
0.00020369124780000004
0.0001756443096
0.0001709568734
0.00015872627519999998
0.0001448494198
0.00012414880180000002
0.00009278385120000001
0.0000772600944
0.0000781917234
0.00009429857480000003
0.000132270586
0.00016235310779999997
0.00020161151939999998
0.00022847617879999995
0.00022629403040000002
0.0002049213612
0.0001772733662
0.0001332496616
0.000115146333
0.0001014359736
0.0000894368698
0.00009145221399999999
0.0000774724412
0.00009052671700000002
0.0000892404668
0.00009680792
0.0000921210594
0.0001106543168
0.0001381356822
0.00015117182399999998
0.00018896690520000002
0.0001967884332
0.00019859662039999998
0.00019117023420000002
0.00018910251400000003
0.00018050589179999997
0.0001832666336
0.0001960310888
0.00021175034280000003
0.00019605753860000002
0.00018562186239999995
0.00021252564859999996
0.00018782960179999998
0.0001951560506
0.0002438135486
0.0002835252186
0.0002986255316
0.00031356441159999997
0.0003166212318
0.00034004388960000005
0.0002963640458
0.0004059917356
0.0006382416726
0.0007906720986000001
0.0008305238810000001
0.0009926860439999998
0.0012002393148
0.0013938913401999999
0.0012390014246000001
0.0010923002496
0.0010137879909999999
0.0011345442273999998
0.0010157974005999997
0.0008276968741999999
0.0009382980757999999
0.0012620058362000002
0.0017396883174
0.0023731420476
0.0031374986618
0.0037005106942
0.0047821704504
0.005755196760999999
0.007413130359800001
0.0089885169504
0.011500714491400001
0.014317178224399998
0.016640793869399997
0.016535063812999996
0.0200891551168
0.0243593540326
0.0250019654388
0.0284927563384
0.027246396782999994
0.026869696946399995
0.0261167409524
0.026299976389199998
0.027271305182199994
0.023813575361000004
0.0232067400978
0.0196981256218
0.016450756498399995
0.013708073356799999
0.0127149097228
0.0102513464024
0.007767107334999998
0.006116656247600001
0.005240767984000001
0.0052187445598
0.0057370785569999996
0.0062225979662
0.0071136157484
0.007343570877199998
0.0086475761062
0.009798826464399998
0.0132490684502
0.0141500296994
0.015722485566
0.015491347373800002
0.017763501985999998
0.019034589299400002
0.0216963805314
0.0204651334016
0.018832786971
0.0180624568564
0.017945350917200002
0.0184391302654
0.020101821833
0.0245082652886
0.027116147354599995
0.027597557499000003
0.025540876121799998
0.0277574204722
0.029331646783799997
0.032748388930200004
0.037680847172
0.04372394418319999
0.04248625450940001
0.040177742471400005
0.036469825101400004
0.0317118595154
0.0337256122336
0.033028273308600004
0.03745943964620001
0.041129858713
0.04606683790060001
0.042711451931799996
0.0397002272444
0.0393019230204
0.037179176002000006
0.033131231286800004
0.0293899321926
0.0293778260764
0.027634480527
0.027200430792399997
0.023803324783999998