0.
0.000010303499725428289
0.000030028182090223214
0.0000633294239452319
0.00006967550909382185
0.0000990105793855599
0.00009821386359842686
0.00010719483972195604
0.00008186276880465213
0.00006728953694751058
0.00006744565686539337
0.00004172965198998009
0.00003143777036730087
0.000020420651145255713
0.000013089900626174619
7.09666979620833e-6
3.0920204043186234e-6
1.6380925653459874e-6
9.078209679669306e-7
5.416014059433222e-7
3.1311444411954515e-7
1.592426794926565e-7
7.331934852956884e-8
2.9481669477830773e-8
1.3191238027570231e-8
4.6857313196553e-9
1.7928721928793304e-9
5.251482647786326e-10
1.5428869044748274e-10
8.015422633897677e-11
0.
0.
0.
0.
0.
0.
0.
0.
0.
0.
0.
0.
0.
0.
0.
0.
0.
0.
0.
0.
0.
0.
0.
0.
0.
0.
0.
0.
0.
0.
0.
0.
0.
0.
0.
0.
0.
0.
0.
0.
0.
0.
0.
0.
0.
0.
0.
0.
0.
0.
0.
0.
0.
0.
0.
0.
2.3021728866442676e-12
6.7082039324993574e-12
2.5742960202742888e-11
3.309380606699705e-11
2.1883395531772622e-10
7.049535445687241e-10
2.505424754407941e-9
6.232183269128065e-9
1.7480303587181175e-8
4.522381741958633e-8
1.0417847094433126e-7
2.3578235823890105e-7
6.253971587737472e-7
1.2924950218816213e-6
2.860732221790423e-6
4.9755709595848064e-6
8.475232552105254e-6
0.000014710489363862429
0.00002977360351170098
0.00004058339468134735
0.0000673760712773954
0.00008317193465331872
0.00008945773009967648
0.0001256282189689159
0.00016499768061728766
0.0001836223608040414
0.00021726973967515023
0.0002357145796720081
0.00021892980667995044
0.0002476944171628868
0.0002855372697750283
0.00034061679040030306
0.00030833334831208397
0.0002774019168929052
0.00029120197777973895
0.0002636247768815028
0.0001633195193827656
0.0001249481826667983
0.00010104589050149202
0.00006363862800407352
0.00005353383360191303
0.00003731500429231884
0.00002024497838675273
0.000012859746653249718
6.4237941109654035e-6
3.6852876104243667e-6
2.006583920417892e-6
1.272537316617512e-6
6.622862408677287e-7
2.7075509569221996e-7
1.148985735799202e-7
4.1717593389360515e-8
1.5249133047488117e-8
6.575438137493181e-9
1.8157171310531807e-9
6.086495707712281e-10
1.3132516895096693e-10
1.950128200913981e-11
9.607288899580361e-12
6.7970581871865715e-12
1.0990905331227272e-11
2.7105350025410108e-11
1.2971314505477087e-10
4.024767074005652e-10
7.978550620256791e-10
1.6461867148048553e-9
2.6873270549004557e-9
3.845635747181472e-9
5.3759678012429e-9
5.61020612812044e-9
5.844733971704838e-9
6.204122967833583e-9
5.566317229551276e-9
5.421312184333225e-9
5.608479580064487e-9
4.186301673315035e-9
3.178138181388543e-9
2.179572825119675e-9
1.487075384773751e-9
1.0300178153798912e-9
8.147418609596524e-10
6.290067567204601e-10
2.5520677890683167e-10
2.1651397183553745e-10
6.92625439902401e-11
7.101549126775054e-11
1.7686152775547366e-11
0.
3.1304951684997034e-12
2.121320343559642e-12
4.4721359549995796e-13
0.
0.
0.
0.
4.4721359549995796e-13
5.477225575051659e-13
0.
0.
1.0616025621672154e-11
4.929503017546478e-12
2.4647515087732447e-11
5.0082931224120744e-11
3.7349698793966415e-11
4.616817085395524e-11
5.454631059934277e-11
5.564800086256484e-11
9.791220557213488e-11
1.1833427229674415e-10
1.1514469158411079e-10
1.070878144328289e-10
8.014174941938817e-11
8.036603760295761e-11
4.205591516065254e-11
2.7294688127912372e-11
1.143241006962224e-11
2.0736441353327727e-12
2.0493901531919192e-12
1.414213562373095e-12
2.489979919597746e-12
4.449719092257397e-12
5.0299105359837156e-12
3.205152102475013e-11
1.4385513546620445e-10
5.749075577864672e-10
1.8667819101330488e-9
5.384591692969846e-9
1.3386462650752825e-8
3.242308249842984e-8
7.471837348470637e-8
1.515664106809302e-7
2.118777177312462e-7
3.553898726563522e-7
6.649325846537283e-7
1.1580125696987583e-6
1.7073551489411835e-6
3.176237942554205e-6
5.481958120147629e-6
9.667316629773821e-6
0.00001466007675555944
0.000022725329431542372
0.000030545065325261144
0.000033677638678295156
0.000039817325862076955
0.00004198941422443226
0.000043904107042770466
0.000043080746547217316
0.00003834734865453224
0.00003394562505213798
0.000030432837648116583
0.000026261411107622864
0.000019518270752966144
0.00001518207625205102
0.000012623105197004557
8.287484728145028e-6
3.947959636611335e-6
2.532825513574101e-6
1.8011693360815942e-6
8.845176215874602e-7
6.030130611505829e-7
3.4572170138812196e-7
2.1129311642431603e-7
1.1940096360666463e-7
4.907089129310775e-8
1.838259404436709e-8
5.794408710127375e-9
2.5890924471714023e-9
1.4963325165216453e-9
1.987854999742184e-9
1.7128888755549792e-9
4.8058227703484875e-9
1.190128199817145e-8
5.0207263591038304e-8
1.3115583327096056e-7
2.905972308809913e-7
5.705716359400442e-7
9.729881679197374e-7
1.3545165186105347e-6
1.967465809737872e-6
2.842680618645064e-6
3.4642823982365635e-6
3.5949110480044155e-6
3.6051044182747107e-6
3.940117429671864e-6
4.787867761714385e-6
3.964624483805956e-6
5.480809860677433e-6
5.96914602910732e-6
6.609779935562839e-6
6.152404278937336e-6
7.10063166624571e-6
6.863467588032075e-6
7.456030015009402e-6
7.212919346508748e-6
6.332688342571984e-6
5.264791059971494e-6
4.008074981540915e-6
2.512962388184734e-6
1.9148952719797257e-6
1.0494366553691994e-6
7.501342046060823e-7
4.106072181229917e-7
2.0304978660294195e-7
8.822614441706064e-8
4.258374745369407e-8
2.5618633712592832e-8
1.2870647660471479e-8
5.783804656106566e-9
2.083553743007365e-9
6.685618894313376e-10
2.7216686058372355e-10
1.505539770314953e-10
1.2101652779682616e-10
1.2103635817389746e-10
8.280519307386464e-11
1.1871099359368533e-10
3.1837949054548094e-10
6.61535713321662e-10
1.0448077335088977e-9
1.4265950721911251e-9
2.1738637721807676e-9
2.9720087146574787e-9
3.6352082471297306e-9
3.9598473076622564e-9
4.1514241291393005e-9
4.166542775491452e-9
3.314331953803057e-9
2.4827206447766105e-9
1.962067200684014e-9
1.9542540008913897e-9
1.5185147348643007e-9
1.0097458591150548e-9
6.785795458161118e-10
3.913173903623503e-10
2.748648758935925e-10
1.5802626363994057e-10
9.35120313114842e-11
8.141130142676753e-11
8.452810183601663e-11
1.0452894336020048e-10
1.3880814097163033e-10
2.2448541155273316e-10
1.768736837406854e-10
3.6737814306243094e-10
1.948852021062656e-9
5.806735184249408e-9
1.2557851547936051e-8
2.4249800417735402e-8
3.860991453370488e-8
6.729332249339453e-8
1.0684231997574746e-7
1.4908196292409117e-7
1.8521989543323954e-7
2.0341739325460757e-7
2.0600057524919732e-7
2.9636209985792926e-7
5.143271275628029e-7
6.722548924672864e-7
9.025399481129902e-7
1.1247623069478746e-6
1.4013391517624142e-6
1.399358695677306e-6
1.550157391415376e-6
1.7506277559646462e-6
1.6766951841690564e-6
1.5260514207947941e-6
1.3608077506377223e-6
1.1025462159582237e-6
8.967414162538716e-7
7.817875543984445e-7
5.563844435680251e-7
3.309079807413231e-7
1.7176139866774502e-7
9.154127272274516e-8
7.864533175910698e-8
7.627660277109881e-8
6.336322525171836e-8
3.64120302949451e-8
4.2970972373219584e-8
7.413646743135258e-8
1.6858489593021075e-7
3.376716157326523e-7
8.111751847330513e-7
1.8710415303073047e-6
3.5932231932422755e-6
6.7786580237720365e-6
0.000012807830760285777
0.00002357403902645905
0.00003929748219284997
0.00006549313921718057
0.0001034478802917744
0.00015669476835537528
0.00020156840594929383
0.0002759708735052127
0.0003560493019776484
0.00042808168757318515
0.0005610578623194682
0.0006922402414843345
0.0008354145584099804
0.0010391156437681863
0.0011936550874022962
0.001297579312210158
0.0014590279592884034
0.0013741007688958323
0.001377033861557714
0.001469968963779888
0.0013635740031378884
0.0012140548345388428
0.0011446208587702121
0.000964516399463386
0.0007893892373472923
0.0005962690217125528
0.0005369219936012247
0.000378626183453948
0.0002919438763719361
0.0002008670135105031
0.00011681668334013464
0.00006955318948837904
0.00004325170946550906
0.000024749532616994044
9.859552785717838e-6
4.322573524395529e-6
2.204516009416512e-6
1.4974933624229514e-6
7.421795164623586e-7
3.6171257522278644e-7
2.584911480602382e-7
1.7086031836912865e-7
1.0279108781650283e-7
7.415849650781762e-8
5.900371097058218e-8
3.801620715826343e-8
2.2455146964560263e-8
1.1959336959045846e-8
1.065550293041112e-8
1.4440404281044214e-8
2.1774282422160325e-8
3.3194564776481105e-8
3.957521900760626e-8
4.1342570326480674e-8
4.93855936918855e-8
5.1453867818658686e-8
4.393829496350536e-8
3.4725572114797474e-8
2.5060792910440806e-8
2.3152628878812018e-8
1.959469355463361e-8
1.6366864217069805e-8
1.4016981996849395e-8
8.24597536983952e-9
5.142968967435057e-9
3.393154328939373e-9
4.3226253365287174e-9
3.9346357772988345e-9
6.06309465537196e-9
7.2578688125371885e-9
7.571144120937071e-9
9.21896731201494e-9
6.625709494084389e-9
5.357557671178166e-9
3.6380384412482508e-9
2.2694992178892682e-9
1.8882609194706117e-9
2.9778591806866885e-9
7.404103017921888e-9
2.2263097059933057e-8
4.2348483204242396e-8
6.829961543815602e-8
9.736143289157162e-8
1.1422802419853018e-7
1.3792095606977212e-7
1.5108033286864307e-7
1.7849043913890735e-7
1.942595909863913e-7
2.2749092748679013e-7
2.3781361697283015e-7
2.787410423466554e-7
3.1337884315601145e-7
3.14264881535147e-7
3.7102396956531e-7
4.231144586517929e-7
4.560589049686455e-7
3.6907877629511583e-7
3.174885949305896e-7
3.8049965007250655e-7
6.570879824340117e-7
8.42574086280073e-7
9.627876574596811e-7
9.368568495793261e-7
7.517606601314677e-7
5.8688961122361e-7
4.97647060125748e-7
8.147645300617229e-7
1.575896791232313e-6
2.8667470923977067e-6
5.0460825207481494e-6
9.900417967375193e-6
0.000017492401001616676
0.000030041979444020445
0.0000487746673737012
0.00006534352872021557
0.00008327375283565184
0.0000976760352077312
0.00014700823764471336
0.00019718624581599602
0.00028176146582190503
0.0005206678107957127
0.0008017376293732922
0.0011467933398201613
0.0015052387265805322
0.0019251397619728355
0.003117687183480578
0.004854766592354964
0.00662170584708817
0.008764586670093562
0.009281556137384444
0.009779719386542252
0.009318491047148512
0.00861971153140489
0.0073727279175331345
0.00837358287198691
0.008922799266086167
0.008999068076103674
0.008122696917194498
0.00744949854099368
0.007301654720218591
0.005885783557539367
0.004607394193147392
0.0037591172348831036
0.002749233131421761
0.0017425865950197322
0.0013140327917639792
0.0011178955328515119
0.0006788349443505869
0.00045858897341970737
0.00030136941397458135
0.0001757535526694405
0.00008733625521366856
0.00003433914257188801
0.000016331475060450427
9.632523246416417e-6
6.56250987614028e-6
5.611680658622932e-6
4.283273334077372e-6
2.5541158164039276e-6
1.3584232944028529e-6
1.9410031542757214e-6
2.12847354248708e-6
1.9682909766248996e-6
2.0970488092398564e-6
1.908129492188017e-6
1.5648641801092513e-6
2.039541341403184e-6
2.7129926864902343e-6
3.044238080271614e-6
3.5169618749093936e-6
3.877589733635922e-6
4.156471539945148e-6
4.715561039237833e-6
5.024538170216673e-6
4.9053563913901505e-6
4.944126390213068e-6
4.840781473306578e-6
4.04726766888165e-6
3.3488405180252317e-6
2.2611686154907156e-6
1.5180886238834014e-6
9.053997042115156e-7
5.173770980949969e-7
3.9071847921489457e-7
3.831089604959664e-7
3.8103737425809034e-7
3.5803540947509646e-7
3.94377010838994e-7
4.164918358103793e-7
3.6219292468006603e-7
3.1364208976204066e-7
2.2889210995095484e-7
4.0500687394104803e-7
5.40325924438852e-7
7.193409583094098e-7
8.517073890959851e-7
8.885806119847539e-7
9.639690266268934e-7
9.370420179603472e-7
9.181134830649749e-7
8.217455192422408e-7
9.691645753576634e-7
8.771419101595249e-7
7.710082559611797e-7
1.0356132137146087e-6
1.1595576655800693e-6
1.333534258013569e-6
1.532699772804283e-6
1.2040750295630666e-6
1.4026692644911699e-6
1.5105348429418305e-6
2.3222578060593743e-6
2.948321374798718e-6
3.4915113468160606e-6
3.261335756110784e-6
4.440690886155128e-6
5.981545105835464e-6
9.256021775082843e-6
0.00001229821920083096
0.000014373156958100054
0.00001713206296046462
0.00002066784368222768
0.000019446301769542524
0.000021801574353681623
0.00002685157391898189
0.000030091209787869765
0.00004151669749879775
0.00005548407708535014
0.00007894574665587307
0.00011656512702382594
0.0001789344609114617
0.00031839233570942567
0.0004794753088357086
0.0007997484703840506
0.001437977144554481
0.0020975413083921916
0.003212979735546201
0.004175805535642533
0.0057237442369125905
0.007268441348090579
0.008991438829972985
0.010683525224774944
0.012930099261523617
0.01749261867443015
0.019365978661334462
0.022801278771365244
0.02522214745266784
0.02629252820747424
0.026216120303918067
0.025969088136198984
0.030236170215974068
0.029424711037478745
0.025781753371424358
0.024005185001669177
0.020974085423895783
0.01843997440964752
0.015117240901595193
0.012541271099958179
0.009150505741431867
0.005876849940929482
0.0035814579102588203
0.002074564533831089
0.0013061439993125637
0.0008371041208527136
0.0005680529166486999
0.00019843315850733462
0.00010624748001602037
0.0001545369255208973
0.0001631772465060958
0.00019962773172167014
0.000188649964486466
0.00022457876952924
0.00019955010462857056
0.00021875913433774133
0.0001892362513532882
0.00016676890694885947
0.0001433142120019103
0.0001590475400559744
0.00014814341686776028
0.0001546982757976556
0.0001655735224654428
0.0001729204997926074
0.0001906564633305094
0.00023071134516845044
0.0002371164392783623
0.0002283384197434343
0.00019454979733338413
0.00018448249567757518
0.0001554977535856016
0.00015450983945566933
0.00012278105309139367
0.00008855975547630003
0.00007471339235104604
0.00007072832422287236
0.00009836330019416908
0.00012897683928441437
0.00020393347578349051
0.00025577878667830574
0.000222122575297517
0.00020594068727740488
0.0001681321074458538
0.00012111724074327174
0.00011476168876151577
0.00010394512574975892
0.00010096179379656826
0.00010252081307422684
0.00006169444328740691
0.00005131133123270155
0.00004945363335471914
0.00007417877797562585
0.00007948516171017282
0.00009915182913288264
0.0001402249603501414
0.00016237432836839995
0.00020974844885738586
0.00024569376544925775
0.0002822077167237012
0.0002859987382242713
0.0002734927103782494
0.00025138411422141196
0.00021057091901879527
0.00018087032885501442
0.00015593079056855892
0.00013565447924728118
0.0001079261215317202
0.00014582578986853544
0.0001688219139871252
0.0001820557222854463
0.00022308987324701007
0.00023921309948865988
0.00021868139128398124
0.00018254083795174076
0.00013005093493900064
0.00017840056051579085
0.00015688267414833214
0.0001670972468024548
0.00017159672559944133
0.00021628982759529808
0.0002841486828081175
0.00037964013089690415
0.0004408059536091336
0.00044034780299482304
0.0005428719808935804
0.000430182897316787
0.00037325001851571125
0.0009716883726491051
0.0010637253562856442
0.0008300994809219282
0.0007791588527755917
0.001126246077305816
0.0018029549793269351
0.0026875044724559414
0.003338702359961754
0.003271463070327994
0.003145368770460879
0.004693618411913194
0.0055417176891502575
0.006266866724545817
0.009229002027326606
0.01065065407255519
0.013453248521553758
0.011933572273051439
0.014008328170779882
0.018042882705075484
0.02311351001457967
0.02621442785179904
0.0225644492085582
0.02018346958765512
0.020467826965072083
0.024793912421967178
0.03286172263393702
0.02946735850150323
0.031643549463352835
0.02822733552040352
0.02117135679983956
0.0169920830747246
0.014958451177276134
0.011461283057510426
0.008398962714047387
0.004637827749881865
0.003864409018644781
0.004108970620945416
0.005392494151192894
0.006478667054197267
0.008743203039750222
0.008431588218908553
0.009365094847289887
0.010826233225814125
0.011417326249032684
0.010601269695355171
0.009752249199995506
0.008612481101633216
0.009036773209266637
0.008383271870021742
0.008231284466191952
0.006800984204395671
0.00726982666819602
0.0089683366786913
0.01158750621415427
0.012124060809774398
0.01383219658695955
0.014247317887833871
0.012582747820798228
0.013190590993936378
0.0162298670454975
0.024171672890041733
0.028072306556001524
0.029247012320273644
0.03195741464299244
0.02931869912972023
0.020160198971293106
0.017537200767488565
0.015569601538954368
0.021300465993120937
0.0269740135393888
0.030742302116677986
0.036265762086896296
0.0373882247544739
0.040104665671635197
0.03237708432306382
0.024197141583339982
0.022413991432142007
0.02395599084102656
0.02885497253669797
0.028873431327695414
0.025253069710053058
0.024626637872630048
0.023680719606347357
0.025806158499535978