1.
0.9801544910774
0.9229179251969999
0.8350695141689999
0.7258589706308001
0.6058053071996
0.485421754987
0.3734985204018
0.27571581884439994
0.19524927203960002
0.13255858494259998
0.0862144694982
0.053702705160999994
0.032009485444199993
0.0182447768068
0.009932942162999999
0.005161574779799999
0.0025567208576
0.0012058176614
0.0005405456026
0.000229892572
0.0000925852634
0.00003522229840000001
0.000012625101800000001
4.2486499999999995e-6
1.336381e-6
3.9151979999999996e-7
1.061558e-7
2.6459799999999993e-8
6.0499999999999996e-9
1.2259999999999995e-9
2.29e-10
4.e-11
7.999999999999998e-12
1.e-12
0.
0.
0.
0.
0.
0.
0.
0.
0.
0.
0.
0.
0.
0.
0.
0.
0.
0.
0.
0.
0.
0.
0.
0.
0.
0.
0.
0.
0.
0.
0.
0.
0.
0.
0.
0.
0.
0.
0.
0.
0.
0.
0.
0.
0.
0.
0.
0.
0.
0.
1.e-12
7.799999999999998e-12
8.8e-11
7.261999999999999e-10
4.594400000000001e-9
2.4334999999999996e-8
1.1192859999999999e-7
4.528076e-7
1.6449461999999998e-6
5.4267736e-6
0.0000164188544
0.000045857094600000005
0.00011912549740000001
0.00028916056819999997
0.0006578040493999999
0.001408418123
0.0028453323242
0.0054388895918
0.009856215712800001
0.016959766549
0.027769662845200004
0.0433172247714
0.064457565596
0.0915882380728
0.12448082192519998
0.1618087538734
0.2013443098162
0.2399214756766
0.27408731742040005
0.30033892122120004
0.31554039045960003
0.3180711737672
0.30760387175080006
0.285465218185
0.254167754455
0.21709019023180004
0.17779568630780002
0.139634786894
0.10511505128780001
0.07576776981459998
0.052230927551000006
0.0344081769874
0.021610349483399998
0.012927456064799999
0.0073392530278
0.0039468448734
0.0020003113748
0.0009510416024
0.00042144529220000004
0.00017244004100000002
0.000064453877
0.000021629988599999998
6.3893425999999995e-6
1.6093752e-6
3.2620439999999997e-7
4.93656e-8
4.8236e-9
2.4500000000000003e-10
3.92e-11
3.34e-11
2.5799999999999998e-11
2.4e-11
1.61e-10
1.2908000000000001e-9
6.096e-9
1.96362e-8
4.92148e-8
1.0115140000000001e-7
1.791902e-7
2.791346e-7
3.94274e-7
5.074488e-7
6.016186e-7
6.619774e-7
6.797966000000001e-7
6.519390000000001e-7
5.848023999999999e-7
4.901202e-7
3.848788e-7
2.81871e-7
1.92222e-7
1.21376e-7
7.036620000000002e-8
3.71952e-8
1.7817e-8
7.562399999999999e-9
2.7802e-9
8.653999999999999e-10
2.1040000000000002e-10
3.9e-11
4.999999999999999e-12
7.999999999999998e-13
0.
0.
0.
0.
2.e-13
1.9999999999999996e-12
9.799999999999998e-12
3.9399999999999994e-11
1.1500000000000002e-10
2.65e-10
5.272e-10
9.414e-10
1.4341999999999999e-9
2.0432000000000006e-9
2.5956e-9
3.0602e-9
3.3018e-9
3.2442e-9
2.884e-9
2.3636e-9
1.6936e-9
1.0538e-9
5.476e-10
2.2939999999999998e-10
7.600000000000001e-11
1.78e-11
8.8e-12
9.399999999999998e-12
1.5200000000000003e-11
1.9e-11
2.8199999999999997e-11
5.76e-11
8.056e-10
8.0692e-9
5.21008e-8
2.519946e-7
9.835116000000001e-7
3.2556848000000004e-6
9.417996800000002e-6
0.000024331464799999997
0.00005693025679999999
0.00012235724120000002
0.00024352125999999998
0.00045152058839999996
0.0007841437098
0.0012805489829999998
0.00197251242
0.0028751084277999998
0.00397382321
0.0052285217052
0.0065428094046
0.007789603237199999
0.0088625621474
0.009609868829599999
0.009965248937399999
0.0098614456792
0.0093134173874
0.0084005309442
0.007232374326800001
0.0059370935546000005
0.0046434364818
0.0034504881076
0.0024271157194
0.0016128635208000005
0.0010078373466000001
0.0005876731753999999
0.00031800688600000006
0.00015828622919999998
0.00007091754839999998
0.000028343027
9.752328600000001e-6
2.832043e-6
6.536666e-7
1.1976339999999998e-7
1.9736000000000002e-8
6.407199999999999e-9
6.456999999999999e-9
9.6822e-9
1.03114e-8
5.526200000000001e-9
3.72078e-8
3.4881539999999996e-7
1.6336840000000001e-6
5.5880716e-6
0.000015451723000000003
0.000036757133599999994
0.0000767921642
0.0001444403106
0.0002502374136
0.0003993219268
0.0005938738708
0.0008296273587999999
0.0010921345106
0.0013628085126
0.0016085210362000002
0.0018028187748
0.0019215111518000004
0.0019521455852000002
0.001887748971
0.0017380227756000001
0.0015216669772000005
0.0012652438028
0.0010024516958000002
0.0007515133859999999
0.000533673334
0.0003573254816
0.0002251484622
0.00013270526180000002
0.000073317153
0.0000373910762
0.0000176323876
7.523190599999998e-6
2.8932538e-6
9.690197999999998e-7
2.734874e-7
6.50144e-8
1.2645e-8
3.1257999999999993e-9
1.8958e-9
1.8104e-9
1.9052e-9
1.6101999999999997e-9
1.4559999999999997e-9
1.131e-9
1.011e-9
1.3144e-9
2.4512e-9
5.2332000000000005e-9
9.91e-9
1.61e-8
2.4635000000000002e-8
3.2645399999999994e-8
4.0512e-8
4.5266400000000005e-8
4.62458e-8
4.3843199999999995e-8
3.8653e-8
3.16612e-8
2.36184e-8
1.61262e-8
9.912e-9
5.4604e-9
2.7348e-9
1.1632e-9
5.718e-10
4.1100000000000003e-10
4.4700000000000006e-10
5.168e-10
5.934e-10
7.53e-10
1.0551999999999998e-9
1.2428e-9
1.7876000000000001e-9
5.558e-9
2.10982e-8
7.444279999999999e-8
2.0871120000000003e-7
5.318038000000001e-7
1.2116746000000002e-6
2.4664688000000003e-6
4.620120599999999e-6
7.9544144e-6
0.000012786818199999998
0.000019131535
0.0000271820088
0.0000362864734
0.000045685488799999995
0.0000549088428
0.00006229752819999999
0.0000674964892
0.0000691937424
0.00006727128239999999
0.0000625430694
0.0000543227826
0.00004469164680000001
0.0000349463884
0.000025928141200000002
0.0000177251364
0.000011286401
6.722453e-6
3.885856200000001e-6
2.2530733999999997e-6
1.3523164000000002e-6
8.772936e-7
7.161806000000001e-7
5.342634e-7
4.093476e-7
2.5858e-7
1.982144e-7
2.8559780000000003e-7
6.228265999999999e-7
1.5492112000000003e-6
4.5196352000000005e-6
0.000013295404599999999
0.0000381377952
0.00010053097760000002
0.000244034455
0.0005449398341999999
0.0011234517586
0.0021565343812
0.0039389927778
0.0067371098506
0.0109748062954
0.0168937856946
0.024705546454000003
0.0344896347928
0.0463645091294
0.05922794279219999
0.07231597892160001
0.084881270772
0.09543728325600001
0.1027899698668
0.1056561055522
0.1049488392032
0.09963861222179998
0.09049190965540001
0.0787473368126
0.06579777146379999
0.0525755220706
0.040242690571
0.0293077524388
0.0203262869568
0.013482536005
0.008547784061200001
0.005136143887200001
0.0029274277886
0.0015881292855999998
0.0008103760887999999
0.0003973490052
0.00018417181200000002
0.0000795123524
0.0000342936118
0.000014807837599999998
6.309730599999999e-6
2.5588170000000002e-6
1.1955868e-6
6.57973e-7
5.022741999999999e-7
3.9965140000000006e-7
3.8464019999999997e-7
4.1743379999999997e-7
4.2341580000000003e-7
4.133194e-7
4.0043920000000007e-7
4.0898900000000004e-7
4.1012980000000005e-7
4.312798e-7
4.875081999999999e-7
4.939507999999999e-7
4.789506e-7
4.626282e-7
4.410314000000001e-7
4.35343e-7
3.7730919999999994e-7
3.493084e-7
3.003344e-7
2.4005940000000004e-7
2.0528899999999995e-7
1.6121860000000001e-7
1.3514760000000002e-7
1.4042540000000004e-7
1.4548320000000002e-7
2.0461479999999997e-7
2.3174400000000004e-7
2.9806620000000005e-7
3.3855059999999987e-7
3.367816e-7
3.335876e-7
2.64873e-7
1.9753839999999997e-7
1.388596e-7
1.1311120000000002e-7
1.0983959999999999e-7
1.5353e-7
2.0748880000000003e-7
2.50667e-7
4.58995e-7
6.475229999999999e-7
9.459852000000001e-7
1.2570231999999999e-6
1.5031774e-6
1.8729456000000001e-6
2.2988483999999997e-6
2.9624150000000004e-6
3.2507205999999994e-6
3.606876e-6
4.0333074e-6
4.145522599999999e-6
4.5349868e-6
5.029638999999999e-6
5.386067799999999e-6
5.4408858e-6
5.694793e-6
5.954369600000002e-6
6.0930256000000005e-6
6.2957432e-6
5.6617636e-6
5.3503816000000015e-6
5.6089174e-6
5.8873472e-6
6.780827800000001e-6
9.0743156e-6
0.0000136726454
0.000021564239600000002
0.0000260407678
0.00004064499000000001
0.0000662449626
0.00011656394519999999
0.0002199900714
0.000398226032
0.0007558892256
0.0014671793994000001
0.002769797824
0.005117140280399999
0.009128811593
0.0157389485406
0.0261344590446
0.041533818001600005
0.06333157814479999
0.09218451691199998
0.12897821867679998
0.1715765754448
0.219837945098
0.2745017010734
0.325501396588
0.3712265225888
0.41009926230339994
0.426939122368
0.43830134233799994
0.4230480405314
0.39686341008039994
0.35573075872200005
0.3053953733668
0.2543506823568
0.2016415592604
0.15202828963000004
0.10862819752019999
0.0755593539368
0.0515214895846
0.0321120831948
0.0196629686414
0.011334327125400001
0.0064904337436000005
0.0034728984704
0.0017070772788
0.0009247230582000001
0.000498967855
0.00030903670020000003
0.00022909816399999998
0.0001691726618
0.0001369746238
0.0001247004212
0.00010118675839999999
0.00008622457239999999
0.00007617905599999998
0.0000611335586
0.000048810736600000005
0.000034502203800000004
0.000029128701599999997
0.0000232381784
0.000023320375999999995
0.000021819971599999998
0.0000227150686
0.0000199626332
0.000019350579599999996
0.0000199820262
0.000024496572400000002
0.000021355843799999997
0.0000254496044
0.00002863902
0.00003094188279999999
0.000027777687600000004
0.0000343728398
0.0000346896674
0.000031060428
0.0000350292536
0.0000297038762
0.000024235944800000003
0.000025632726000000004
0.000023549665399999996
0.0000261582882
0.0000325825882
0.000030145744000000006
0.00003418370440000001
0.0000385765928
0.000041699750800000006
0.000047313674200000006
0.000044582325799999996
0.0000482339018
0.0000524504072
0.0000533335494
0.00006239029640000001
0.0000657183834
0.00007337380300000001
0.00007565990259999999
0.0000908114346
0.0000919665032
0.00009907835
0.00009969410039999998
0.00008763094899999999
0.0000926572252
0.00008810398000000002
0.0000871968284
0.00008145222679999998
0.00008352085699999999
0.00006823362299999999
0.000069506125
0.00006542041019999999
0.0000583670706
0.00005045479839999999
0.0000655649208
0.00007703935939999999
0.00010484760979999999
0.00015931124960000002
0.000189462572
0.00027297331420000003
0.000391288858
0.00048513104320000003
0.0005992246428
0.0007724977113999999
0.0008781113952
0.001202886589
0.0014462956218
0.0015826872619999998
0.0019923746444
0.0024263311565999998
0.0037534768782
0.005645580739
0.007191641489600001
0.010409447236799999
0.0160557836834
0.022342176069000002
0.0317356243516
0.048323950277599996
0.0695572304882
0.091933153124
0.118708102362
0.1441024707854
0.171793775248
0.20206197630460002
0.228343196375
0.2404882069414
0.2475985036784
0.2528632757052
0.24456758273579998
0.22343671205619997
0.21318980117779995
0.1763295332968
0.1445594773904
0.1172532183436
0.09879338246779999
0.0798099983398
0.064030786019
0.05056995095260001
0.040617642631
0.0299829427438
0.023605316692400003
0.0182551856716
0.0157245702368
0.0126682102948
0.010999740265000002
0.009677105138600001
0.008878053206600001
0.0087294977218
0.0080703411732
0.0078459557482
0.007698166278
0.008495707407200001
0.0083782543338
0.009934617246399999
0.0110756300276
0.011578818937
0.011066235167399999
0.012075786275200001
0.013930460951200003
0.013184374732199999
0.0123512439008
0.012103987173200001
0.0112281757784
0.0107154546788
0.010581615391399998
0.0090569845588
0.0088510746876
0.008240802169799999
0.008717406112199998
0.008380803601
0.0086636390872
0.008511316769000002
0.0089937135418
0.010501937984400002
0.010465088173199999
0.009153234987400002
0.009174996867600002
0.0086979435442
0.0081600216422
0.007514661639999999
0.007370937001200001
0.006807186812599999
0.0069787704706
0.0070080154228
0.006827741857
0.007370930310999999
0.008220637473400001
0.0096743110562
0.010325882746000003
0.009573040067199999
0.0080369608482
0.006404617569399999
0.0056184700088
0.004577369587
0.004892576167200001
0.006257565383199999
0.007625793636
0.007672168038600003
0.007701744588199999
0.008299992832399999
0.007713751062000002
0.007052133158799999
0.0072566601324000005
0.006709652336999999
0.008227297295400001
0.008915806571399999
0.010311049589
0.012822233383600001
0.013894015537
0.0172777429188
0.022689639990800002
0.028093754618
0.034097856316
0.048394869333
0.060758422364999995
0.07059040059320001
0.09045071271239999
0.12735226887980003
0.14240558482280002
0.1338017726608
0.12029106547540003
0.1146198169384
0.13268491647779998
0.13196265468300003
0.11492158556240002
0.0952890480032
0.0914281517308
0.08750437901279999
0.08770598947540001
0.100799633881
0.10073887458920001
0.10081595094580001
0.1298527546768
0.16543830196339998
0.16416925194520002
0.21309118379920006
0.2143960986734
0.2748753172268
0.24550765221860002
0.20735056445060002
0.17510451595279997
0.1422111709902
0.1290891108464
0.1422208971416
0.165641706716
0.1709592348428
0.1711613043944
0.2040647472732
0.20391203753979997
0.17569948841
0.14804513854499998
0.1977417475006
0.2135156318976
0.1809229775924
0.14986895514180004
0.1437558205144
0.1480496843704
0.15655488197439998
0.17543758709860002
0.2018381427562
0.22087749222539999
0.2689123814412
0.356848530233
0.4670626307630001
0.5289478739156
0.6007397275018
0.6723903605752002
0.6608296450754001
0.6382944723774001
0.6304889526044001
0.5492421753426
0.4369485865762
0.4214153570706
0.4717810138298001
0.4738985911934
0.5387836914824
0.6946264379106
0.7281458795714
0.8419493284648001
0.9237669847949999
1.0300004348542002
0.8405076560524
0.7307320116402
0.7460629864566
0.7629383102445999
0.756121334115
0.7810560885413999
0.7220321938306
0.977104870384
1.2478430666193998
1.1727327255845998
1.3467413258236
1.5856188987334001
1.5704282037809996
1.5911236516982001
1.5605384968871998
1.5926446017392
1.5642976672366
1.2076613786069998
1.1982346385058
1.1846584419452
0.9055470565352
0.710832702743
0.6508293809050001
0.5044971032150001
0.4629299863929999
0.5569144259946
0.7098359542407999