0.
0.00016670573892136839
0.0002790415959521207
0.0003163496295872766
0.0002474013227982534
0.0003577017467272649
0.0003023321448300166
0.0002553258810482981
0.0002041313029073064
0.0001779381037573998
0.00013136631439950307
0.00008588058501845521
0.00005842136231337204
0.000038095301240087664
0.00002370321367200557
0.00001198043796087864
7.191376583878889e-6
4.021007805821136e-6
1.838089087014731e-6
8.651014756127154e-7
4.4899313106715995e-7
2.01026412839949e-7
8.018416754135634e-8
3.473497418596925e-8
1.3643930353824087e-8
4.17793328094165e-9
1.9041677184533673e-9
5.176458248648465e-10
1.7362805072913882e-10
0.
0.
0.
0.
0.
0.
0.
0.
0.
0.
0.
0.
0.
0.
0.
0.
0.
0.
0.
0.
0.
0.
0.
0.
0.
0.
0.
0.
0.
0.
0.
0.
0.
0.
0.
0.
0.
0.
0.
0.
0.
0.
0.
0.
0.
0.
0.
0.
0.
0.
0.
0.
0.
0.
0.
0.
0.
3.2710854467592253e-12
6.7082039324993574e-12
2.5742960202742888e-11
8.909713800117218e-11
3.5076131485669944e-10
1.2499515190598354e-9
4.726317837386728e-9
1.3939225918249428e-8
4.129644319187838e-8
1.0908804835682096e-7
2.889408914947845e-7
6.926532078816925e-7
1.48245694599797e-6
3.2952887873520956e-6
6.515007172546074e-6
0.000011925353595800045
0.000022230181092945245
0.00003886904760614455
0.00006191451321100992
0.00009813650995240423
0.00013874271302550205
0.00019217645375324845
0.0002572423474656592
0.0003572862267890504
0.00043707195584679725
0.0005779143743839269
0.0006645987737467651
0.0006839022069236286
0.0006821769295968298
0.0007572325620169297
0.0008319976854433824
0.0007234277668158368
0.0006723823217876991
0.0005145728338261997
0.00045188692487827605
0.0004264368160932247
0.0003189592185400056
0.0002489279639387843
0.00021048171090669237
0.00015847106765916596
0.00011035244376965992
0.0000642326888647347
0.00003957072015634543
0.000024036822240855957
0.000014450039808850386
7.396514695799619e-6
3.820503846272887e-6
1.997494396067634e-6
1.237962941011765e-6
6.484013133554031e-7
2.9640605262426616e-7
1.3341244615777096e-7
4.6249950126459714e-8
1.7316809530049148e-8
4.5739821053432205e-9
9.059251072798458e-10
1.3906293539257687e-10
2.0705071842425474e-11
1.986957473123167e-11
1.7753872816937718e-11
2.4758836806279895e-11
6.914477565225013e-11
1.6946592577860596e-10
2.935396055049479e-10
5.297373877686973e-10
9.313206751704787e-10
1.8153968712102549e-9
2.3590051292865023e-9
3.8174608445929114e-9
5.646751411209793e-9
6.4915863007434525e-9
7.348260562881542e-9
7.764179724864724e-9
7.077547195179938e-9
7.100285311168851e-9
6.142643103746141e-9
5.912432976364328e-9
5.423316761908711e-9
4.1128612911208404e-9
3.0566971554277267e-9
2.191769490617127e-9
1.51019690769119e-9
8.927408358532751e-10
4.5642852671584824e-10
2.4753343208544635e-10
1.3233178000767563e-10
3.9500632906321895e-11
1.2095453691366847e-11
4.847679857416327e-12
2.121320343559642e-12
8.366600265340754e-13
0.
0.
0.
0.
4.4721359549995796e-13
1.224744871391589e-12
4.472135954999571e-13
1.3416407864998722e-12
1.3019216566291533e-11
1.8452642087245914e-11
2.892576705983788e-11
6.384590824790579e-11
6.464286503551641e-11
9.324805628001054e-11
1.371087159884447e-10
1.3449795537479359e-10
1.5608875680201944e-10
1.7842001008855497e-10
1.4253946821845526e-10
1.28733445537669e-10
1.124757751695891e-10
5.649513253369711e-11
4.108892794902295e-11
3.041052449399716e-11
1.514925740754312e-11
6.572670690061996e-12
2.16794833886788e-12
6.50384501660364e-12
9.934787365615838e-12
7.348469228349539e-12
8.012490249604056e-12
5.851324636353722e-11
4.3885111370486464e-10
2.0097933227075866e-9
6.59224261537756e-9
1.9521172692745683e-8
5.2153810812825625e-8
1.1690410784998101e-7
2.4059466133042144e-7
5.148604541394709e-7
9.70405950629273e-7
1.8765099363702207e-6
3.1223248718308354e-6
5.954628118866257e-6
9.531832551400568e-6
0.000014445250215605983
0.00002048330636612695
0.000027497450420476868
0.00003555317756637294
0.00004477571426782343
0.00005308491109533655
0.00005958326543189215
0.00006468022808931375
0.00007218811734767903
0.0000746769362540538
0.00006670442177050408
0.00006108232801199389
0.000050240529368457476
0.000046000582083195995
0.00004727129922284897
0.000037149887471538565
0.00002646069310914274
0.000016991459762647218
0.000010114711557495178
6.872450390953719e-6
4.5602727767648205e-6
2.9571275277927102e-6
1.8851160502867322e-6
1.0213046818353568e-6
4.613193733066083e-7
2.414897112762785e-7
1.329230654608147e-7
8.662018563706732e-8
4.162252302900439e-8
1.6578441045526568e-8
7.649849194592008e-9
7.0441953763364616e-9
9.411531474738848e-9
9.119599294925189e-9
4.07129177288978e-9
1.936769617688175e-8
4.5511533634893014e-8
7.742591261328479e-8
2.4920688521447395e-7
6.798405125248132e-7
1.7254528411122407e-6
3.4535149273689588e-6
5.702892318222153e-6
8.292367522352991e-6
0.000010987622974942515
0.000012948447702310392
0.00001659167839966486
0.000022487232049555745
0.00002525811301342288
0.000028961554349853035
0.000033247153165544154
0.00003411277892311915
0.0000356329835414836
0.00003427576649637959
0.00003516849800847713
0.000032580928314471256
0.00002411571690254098
0.000020560859041349478
0.00001624449352318654
0.000012440502374850678
8.143935397438786e-6
5.283095895973749e-6
3.444730070817123e-6
2.2913291377864126e-6
1.329909553040995e-6
7.899920635869072e-7
4.156725406173717e-7
1.8303527570990222e-7
8.67625617112588e-8
4.2623028696938014e-8
1.8350244802181796e-8
6.3578568716195544e-9
1.6722572170572322e-9
2.4265079229213322e-9
2.3843205111729424e-9
2.2475699544174368e-9
1.9622953906076424e-9
1.806804776393952e-9
1.3091951726156036e-9
7.126412140761998e-10
7.420069406683471e-10
1.2947064145975334e-9
2.1454842576910236e-9
2.5736801471822417e-9
2.2773611922573877e-9
2.828801159502027e-9
3.309222688185247e-9
4.31373961893854e-9
5.159482755083111e-9
6.423210388894326e-9
6.892672210398515e-9
7.2939847134471e-9
6.397775918239087e-9
5.444826792470078e-9
4.660496829738224e-9
3.221253948387181e-9
2.4839506436320345e-9
1.6382912439490118e-9
9.804459189572876e-10
5.235486605846682e-10
3.235606589188494e-10
2.354007221739135e-10
4.2953079051448677e-10
7.163060100264413e-10
8.231111711063093e-10
1.2214396014539564e-9
1.3486358663479184e-9
1.229695206138497e-9
3.4241048465255847e-9
9.942437663872979e-9
2.560081445384111e-8
4.498372814918745e-8
8.703583942664082e-8
1.341756637296795e-7
1.980736621126093e-7
2.563068036480891e-7
3.60294829673977e-7
5.112413416056071e-7
6.740446548946159e-7
7.102603691229706e-7
8.301135428992864e-7
1.0484262852593364e-6
1.166927979706849e-6
1.7663998249098865e-6
2.002703323915115e-6
2.328809755613748e-6
2.787667681936682e-6
3.103791904854494e-6
2.7761749044840973e-6
2.553789378924721e-6
2.4015476327494126e-6
2.0986071627826644e-6
1.5889873793066465e-6
1.1238863454544684e-6
9.91397595894049e-7
9.056355167779695e-7
8.090903566427546e-7
6.119166507276951e-7
5.549739758982399e-7
5.860216772772148e-7
5.247405272296966e-7
4.0434197293170044e-7
1.5835637716555657e-7
1.995348490171579e-7
4.2877940700516396e-7
5.597881898180775e-7
7.580906545646111e-7
1.1957876194568164e-6
2.491007157976127e-6
4.278089452546626e-6
7.962264478114901e-6
0.000021470221278653054
0.00003909074813019245
0.00007298120358371911
0.00014244975760316445
0.00024276139150928476
0.0004105379099552511
0.0005902872540740526
0.000890081758840386
0.0010727694267436308
0.0014497953771662598
0.0016727395113984662
0.0020299921433932023
0.002142705182652073
0.0022527555030069763
0.0024230340607754434
0.002169355321572584
0.002539291968152951
0.0023525512398503176
0.0022249058988041102
0.001973332959228402
0.0018971178738212723
0.0017350652811346807
0.0015137039285749315
0.0013841110056197403
0.001170060253833849
0.0007785756519619167
0.0006346693677894637
0.00043947258770669277
0.0002667207857789789
0.00018972235436538965
0.00011371744558340063
0.00006192993243568327
0.00003208876104561886
0.000026144113360450034
0.000015223715941815462
8.669136016957784e-6
5.9667844145939935e-6
3.2807223305289485e-6
1.7364306608893137e-6
9.926570192310635e-7
6.341758825266852e-7
4.708936992301978e-7
3.8180901152186024e-7
2.996308835946321e-7
2.7020849438479905e-7
1.5802768746235576e-7
1.6086110894588537e-7
2.3831355730780405e-7
3.641685146192625e-7
4.1178296342393766e-7
4.350119595076669e-7
4.5822979178049944e-7
4.303651748540999e-7
3.779319675514365e-7
2.8302556645327996e-7
2.5690405201417124e-7
2.666509049215847e-7
2.254038686506955e-7
2.6932659751740085e-7
2.50114102440866e-7
1.7186978081035657e-7
1.5811584949966272e-7
1.4351455381179992e-7
1.63014894829583e-7
2.153957339695938e-7
2.2482639718725203e-7
3.1820076618732393e-7
3.2255943444813396e-7
4.227183092115837e-7
4.381854577177338e-7
4.257097833310857e-7
4.286696073525623e-7
3.136473801213714e-7
2.2627414989410518e-7
1.389884747175103e-7
9.697565755487305e-8
1.243546261535935e-7
2.498013745418548e-7
2.9088205617775745e-7
3.3920674444356206e-7
5.138599492697403e-7
7.158178016199374e-7
1.0759478617743057e-6
1.3767112983725742e-6
1.5690308067690387e-6
1.7224533478496015e-6
1.9491089361507735e-6
2.3219864218530652e-6
2.6099956331228415e-6
2.7458457804005484e-6
3.1128344374317115e-6
3.1759668703075755e-6
3.4905107400251186e-6
4.071738294319945e-6
4.685588869580077e-6
4.896217454430889e-6
5.37601268320086e-6
7.2887216840953535e-6
8.527549303263999e-6
9.796674006050429e-6
0.00001003900728685373
0.000010497517203035765
0.000010885771511164301
9.380261396183619e-6
9.172292563904224e-6
8.87594181632092e-6
0.000011780240802752925
0.000024655530468610614
0.000029134092583195358
0.00004606783988196609
0.0000695828384119704
0.0000992016189465542
0.0001551842244641804
0.0002261568139377969
0.00031812796023441496
0.00046832415296995885
0.0008140994921565087
0.0014180596347778559
0.0018906630575119127
0.003064707752094666
0.004484382476226296
0.00588210120859031
0.00824338043410023
0.011485691028541684
0.014096924927129538
0.019232809090476897
0.02458570602900504
0.02913868502551754
0.035716044915329134
0.03612151764689278
0.03604379717267151
0.04266668878611008
0.04015999989500109
0.03527287458360383
0.03336181045912829
0.029442269715619057
0.026324930071553947
0.025043108763634043
0.022324073619664337
0.01837634187525943
0.01112969846005171
0.008510696772280097
0.007177273775235173
0.005698944137100489
0.004410228347479185
0.0032643962590237444
0.0025531316595263573
0.0018595273481466345
0.0011692445452967401
0.0009203563851432412
0.000600346896132936
0.00034326932622536486
0.00023514941624407673
0.0001327559376839056
0.00008742855151024679
0.00007796659571456635
0.000056173026349874816
0.000037605088099606606
0.0000359271050094939
0.000026199746372782722
0.00003180254827581986
0.00002958083575635798
0.00002749583875256993
0.00002733722348467774
0.000021333640080853802
0.000014082311172486151
8.889792090622719e-6
7.6143880502480425e-6
0.00001288200755035077
0.000015440668687235108
0.00001795086115966107
0.000015246574426353503
0.0000186385940111176
0.000023628531516837045
0.00003133854447772993
0.000028099319228069007
0.00003342160498015975
0.000033415982595008876
0.000030803037945646614
0.000043919778071038226
0.00003839929868998349
0.000028770576025992124
0.00003264677720277188
0.000033115389475156835
0.00003315454430471946
0.00004042382344424905
0.000042479229499191316
0.00004910981308591981
0.00005817597036015001
0.0000626514167918879
0.0000678779404459527
0.00005699481661753634
0.000054069063244868876
0.000045694494435142405
0.0000384969034529977
0.00005203674552280126
0.00006465323182766342
0.0000717953259055752
0.00007410051803861531
0.00008443307442531565
0.00007552384851518753
0.00006749306976312419
0.00006271654295390617
0.000053306888924860554
0.000050301819197142364
0.00005587173553499995
0.00007845911757076476
0.00010732660190853427
0.00012578173681451163
0.00011572166393249805
0.00012351051253094316
0.00009935579968775025
0.00007942524083209485
0.00006279294765868135
0.00007799551375736448
0.00009780677614213084
0.00014982545458289324
0.00020826684649478307
0.00023450387518600234
0.00032005132101310105
0.00043858216377898947
0.0004929393030592401
0.0005602034297870629
0.0006581714834034825
0.0006900041471131636
0.0008899673462665733
0.0010183859466312162
0.0011222875959469834
0.0016993660492838826
0.0027231607549734974
0.004216268186280689
0.006335201392106934
0.006694069002661233
0.007863180671002834
0.009889373944400764
0.010681337382858968
0.011855443402519341
0.018739292055221596
0.029574289412005177
0.04224894109241099
0.05587069786320955
0.05675662736000218
0.050998067152712226
0.052250556091266824
0.050356424990253
0.04728270593887801
0.04985502625572949
0.046799543640543076
0.03558801802555079
0.04408080502608012
0.040832401223216
0.03445112424348403
0.048864617167935664
0.04101651436371501
0.038343319598686594
0.04051721618975722
0.03288206358383605
0.02476806905432867
0.022049206250827978
0.018173804006136003
0.01827500268355832
0.01727878127309279
0.017733348791884197
0.016406265434621446
0.01640158808816004
0.013482323418145559
0.010946641746730287
0.008630668085169655
0.006598399700402701
0.0067136424041061744
0.007561332741328868
0.009451621807859743
0.010566899506857082
0.011825393574767093
0.012175429024142825
0.011216519960230247
0.010092449860968153
0.010519379656541194
0.010757413092267278
0.009383192869807095
0.007769935251183253
0.007463081920770496
0.006054176701018024
0.0056771980917370915
0.005424788874443353
0.0062436568610376155
0.0056778960709452765
0.0063829949649531585
0.007885519469480245
0.00714275133216947
0.008070383817092016
0.00814891738578492
0.008019277111957346
0.00831599809100164
0.008466867052453404
0.007312743352384422
0.007575136097895015
0.006005093542370883
0.005745369833746552
0.004595119902951008
0.003586198774909273
0.00464341752770051
0.006798869074560928
0.010013604433334818
0.01097117402149034
0.011916601707872924
0.013415242308168852
0.01458557086312543
0.014590322827887501
0.011684864388557302
0.008898937877213438
0.006135746819974881
0.004530654020403823
0.002996340776227969
0.003976435290335582
0.004975914028201526
0.006277459678370166
0.006199884715567488
0.0049133051798675624
0.006017804387572596
0.005556220963170729
0.005389061242054754
0.005204094733372132
0.00642250425863457
0.00732889740191818
0.008014101668863944
0.011335134625274483
0.013718556535242139
0.015220979584416343
0.017508591052972325
0.024512262315359048
0.03408830560452876
0.04599034193586016
0.07259317798593624
0.09004233471703142
0.09848585573937256
0.13598492371633036
0.20509154268281504
0.22810663921803553
0.20567541148608978
0.15977297831678058
0.14388212422695673
0.17342557528539765
0.16653219251329426
0.13442111520840155
0.10321453854826149
0.09630737712226266
0.08218261068408661
0.05348590431868981
0.05762211936068008
0.07851546068765669
0.08583037692147664
0.10491867996295053
0.13531602597503822
0.1667274521254108
0.21407834441321086
0.2509878585131278
0.3241747063112733
0.27756114029817824
0.23264424821973972
0.2044117519829256
0.15857192444320314
0.0873756481814592
0.07274749338383034
0.10282717460933909
0.10967990059521247
0.11031812123410671
0.14279779531461506
0.17255611738161986
0.10989145286952587
0.09461195554456503
0.15778296812879058
0.22819072348001035
0.18296422763398615
0.14970270872785424
0.14033396195944886
0.15526097996689606
0.11641218260381189
0.13178678464075153
0.17300012249110008
0.26605506199038603
0.3184552853065885
0.42524058507824797
0.5735349933404998
0.6635927061163369
0.6844593935341406
0.7672298035999796
0.6896817043100945
0.515107369763757
0.5187174074650638
0.447990206508103
0.41206835574703377
0.486533675134357
0.5189270727610085
0.4735505152954948
0.4601067455338011
0.5534652407146164
0.5232656972562968
0.5546275106533161
0.48226685808714365
0.5410092792025936
0.49167180854705905
0.45580520552550197
0.37551857875802364
0.6696561988396312
0.6717571540121638
0.7012685751084361
0.4443786038181533
0.5667884953333133
0.875304965099718
0.7384215733774424
0.8303774048728706
0.9479325458282907
1.2052259848204712
1.2234595289064132
1.3741320231157002
1.3140075195832437
1.3149425920859192
1.0584927519432257
0.9285045495023277
0.8318329503091506
0.5252792307748786
0.4055844292405648
0.3803823590247767
0.4072377305524036
0.5042855943466639
0.547842509322997
0.6575990524573304