1.
0.9801968593300002
0.923086373801
0.8351287687250001
0.725759464781
0.6057357868900001
0.485428091317
0.3734143462530001
0.275635271818
0.195154823762
0.132471356576
0.086164049205
0.0536692697
0.031990127976
0.018232891002000002
0.009927766273
0.0051590308179999995
0.0025556571050000003
0.001205203905
0.0005402529850000001
0.00022979432499999996
0.00009254892100000003
0.000035205085000000005
0.000012614225
4.240829e-6
1.3325210000000003e-6
3.89485e-7
1.04738e-7
2.5920000000000003e-8
5.721999999999999e-9
1.1299999999999998e-9
1.9399999999999995e-10
2.9000000000000003e-11
4.e-12
1.e-12
0.
0.
0.
0.
0.
0.
0.
0.
0.
0.
0.
0.
0.
0.
0.
0.
0.
0.
0.
0.
0.
0.
0.
0.
0.
0.
0.
0.
0.
0.
0.
0.
0.
0.
0.
0.
0.
0.
0.
0.
0.
0.
0.
0.
0.
0.
0.
0.
0.
0.
1.e-12
1.e-11
1.25e-10
8.979999999999999e-10
5.317000000000001e-9
2.7101000000000002e-8
1.20938e-7
4.81028e-7
1.726544e-6
5.645112999999999e-6
0.000016971101000000004
0.00004721105700000001
0.00012225283600000001
0.00029603927299999994
0.000672673618
0.001439119258
0.002906793572
0.005556443290000001
0.010072005892999999
0.017344649177
0.028419590810000006
0.044368808965
0.066080130896
0.09398371657000001
0.12777144597
0.166173889444
0.20689324898499997
0.246744977573
0.28202523008499997
0.30906236117200003
0.32483800652200007
0.32753360036499996
0.31686611118500013
0.29414070609299997
0.261986059162
0.22386245532999996
0.18346534466
0.144152811449
0.10853215432999999
0.07824214674
0.053960268176000005
0.035558213384
0.02235596333
0.013385167821
0.007613670145
0.004102327865000001
0.002085888865
0.0009960536050000002
0.0004439471769999999
0.00018318459399999998
0.00006924035699999999
0.000023630373000000003
7.133165000000001e-6
1.8527569999999997e-6
3.9693600000000005e-7
6.523400000000001e-8
7.461000000000001e-9
4.85e-10
9.000000000000001e-12
0.
0.
4.999999999999999e-12
8.5e-11
6.92e-10
3.5090000000000006e-9
1.1861e-8
3.0003999999999995e-8
6.305e-8
1.1380499999999999e-7
1.8074499999999997e-7
2.5824499999999994e-7
3.3482600000000004e-7
4.00229e-7
4.431079999999999e-7
4.570210000000001e-7
4.40128e-7
3.9650000000000004e-7
3.3410599999999996e-7
2.63296e-7
1.9324100000000003e-7
1.31897e-7
8.360900000000002e-8
4.905e-8
2.6225000000000005e-8
1.2504999999999998e-8
5.3809999999999995e-9
2.041e-9
6.730000000000001e-10
1.8e-10
3.4000000000000005e-11
4.999999999999999e-12
0.
0.
0.
0.
0.
0.
1.e-12
1.e-12
9.000000000000001e-12
2.5000000000000004e-11
6.4e-11
1.22e-10
1.9699999999999997e-10
3.25e-10
4.449999999999999e-10
5.85e-10
6.92e-10
8.09e-10
8.09e-10
7.01e-10
6.01e-10
4.569999999999999e-10
2.65e-10
1.48e-10
6.500000000000001e-11
1.6e-11
4.e-12
0.
0.
0.
0.
4.999999999999999e-12
8.899999999999999e-11
1.2580000000000002e-9
9.650000000000002e-9
5.4745e-8
2.468649999999999e-7
9.29682e-7
3.019021e-6
8.658217000000001e-6
0.000022332925
0.000052461873999999995
0.000113322533
0.000226760132
0.00042300977000000003
0.0007390581319999999
0.0012141487760000001
0.001881550004
0.0027580146249999997
0.00383230549
0.005056655696
0.0063457267969999984
0.007582700276
0.008635654745999997
0.009379810453
0.009720924321999998
0.009614517536
0.009074552306000001
0.008170515872
0.007013206304000001
0.005732931077
0.004456512954000001
0.0032877175329999995
0.0022956705139999998
0.0015118492520000003
0.0009347558560000002
0.0005393392659999999
0.00028807134100000003
0.00014095810100000003
0.000062274425
0.000024365213
8.211284e-6
2.2887719999999997e-6
4.95989e-7
7.618e-8
7.33e-9
3.999999999999999e-10
1.9999999999999996e-11
4.5e-11
7.649999999999999e-10
1.1450000000000002e-8
9.744400000000001e-8
5.31149e-7
2.1179859999999995e-6
6.691697999999999e-6
0.000017687077
0.00004062632499999999
0.000083063952
0.00015403015300000003
0.00026242536499999995
0.0004148153049999999
0.000612839321
0.0008508283010000001
0.001114661672
0.0013824629650000001
0.00162675881
0.0018192686719999997
0.0019356627700000003
0.0019607433250000005
0.001891478849
0.0017374742120000002
0.0015190887400000003
0.0012632389379999998
0.000998133098
0.000748314788
0.000531319189
0.00035654693299999997
0.000225487642
0.00013395872499999997
0.000074448905
0.000038499082
0.000018411540999999997
8.075273e-6
3.210885e-6
1.1439169999999998e-6
3.570759999999999e-7
9.469300000000003e-8
2.0618000000000003e-8
3.4879999999999995e-9
3.8900000000000005e-10
2.4999999999999994e-11
1.9999999999999996e-12
0.
0.
0.
1.e-12
4.999999999999999e-12
3.7e-11
1.25e-10
2.98e-10
5.450000000000001e-10
8.77e-10
1.2889999999999998e-9
1.7000000000000003e-9
1.8849999999999996e-9
2.018e-9
1.9599999999999994e-9
1.8250000000000004e-9
1.492e-9
1.1299999999999998e-9
7.69e-10
5.e-10
2.45e-10
1.25e-10
4.5e-11
1.e-11
1.e-12
0.
0.
0.
0.
0.
1.9999999999999996e-12
4.5e-11
2.9199999999999997e-10
1.5650000000000003e-9
6.37e-9
2.0841999999999996e-8
5.7850000000000005e-8
1.4242099999999998e-7
3.11176e-7
6.177250000000001e-7
1.119785e-6
1.8743719999999999e-6
2.915345e-6
4.230434e-6
5.740831999999999e-6
7.314850000000001e-6
8.759980999999999e-6
9.878755999999999e-6
0.000010487801
0.000010476340999999999
9.838085e-6
8.658945e-6
7.127425000000001e-6
5.456501e-6
3.854330000000001e-6
2.4905049999999996e-6
1.4537410000000002e-6
7.51825e-7
3.3629000000000006e-7
1.2539300000000002e-7
3.6884e-8
7.922000000000001e-9
1.1079999999999999e-9
9.7e-11
7.999999999999998e-12
1.2999999999999999e-11
2.02e-10
3.677e-9
3.9521e-8
2.7972900000000006e-7
1.4515220000000004e-6
5.9595860000000005e-6
0.000020441122
0.000060800501000000005
0.00016085274500000002
0.00038562632000000005
0.00084900005
0.001734018193
0.003310788501
0.005944911028999999
0.010084935937
0.016221432648999997
0.024808923725000005
0.036158405445
0.05030909041699999
0.06691271378499998
0.08516317664899999
0.10380651690499998
0.12124675862800001
0.135755954728
0.145744243965
0.15004022632399996
0.14810987358499997
0.14016999478599998
0.12714494100200002
0.11049686260100001
0.09195881138
0.073241540712
0.055787119912000006
0.040601275117000006
0.028206410553
0.018683040730000003
0.011783110921999998
0.007064876389
0.004019932596999999
0.0021661343860000003
0.001102726738
0.000528824708
0.00023807368100000004
0.000100230146
0.000039261849999999994
0.000014221977999999998
4.729625000000001e-6
1.4293940000000003e-6
3.881299999999999e-7
9.3106e-8
1.9124999999999998e-8
3.285e-9
4.4999999999999995e-10
4.9999999999999995e-11
4.e-12
0.
0.
0.
0.
0.
0.
0.
0.
0.
1.e-12
1.e-12
1.e-12
1.e-12
1.e-12
0.
0.
0.
0.
0.
0.
0.
0.
0.
0.
0.
0.
0.
0.
0.
0.
0.
0.
0.
0.
1.e-12
1.e-12
1.e-12
1.9999999999999996e-12
4.999999999999999e-12
4.999999999999999e-12
7.999999999999998e-12
7.999999999999998e-12
7.999999999999998e-12
7.999999999999998e-12
4.999999999999999e-12
4.999999999999999e-12
4.e-12
1.e-12
1.e-12
0.
0.
0.
0.
0.
1.e-12
2.4999999999999994e-11
2.9599999999999996e-10
2.1730000000000007e-9
1.2946e-8
6.352999999999999e-8
2.72548e-7
1.0333569999999998e-6
3.538781e-6
0.000011065213000000001
0.000031960933
0.000085960328
0.0002164306
0.0005127138340000001
0.0011471289680000001
0.0024314957319999998
0.004894771972
0.009378091225000001
0.017129884936
0.029872865732
0.049798586889999996
0.07943445760000001
0.12134767718899998
0.177663641674
0.2494490984
0.336046040818
0.43454727629
0.5395664132690001
0.6434905045
0.7372540031810001
0.8115818943040002
0.858470452073
0.872587379833
0.8522545519449999
0.7997851052770001
0.7210442979999999
0.6243870746
0.5192096398569999
0.414475774561
0.317520254917
0.23333395526800002
0.164404547138
0.11100594562000002
0.07178153386099999
0.04442386379299999
0.026292803485
0.014869731428
0.008028321362000001
0.004133849488
0.0020276732050000003
0.0009462956980000001
0.0004195896520000001
0.00017652202099999997
0.000070329293
0.000026485009999999992
9.41194e-6
3.1488290000000004e-6
9.88868e-7
2.9018600000000003e-7
7.962499999999999e-8
2.0170000000000008e-8
4.756e-9
1.009e-9
2.0499999999999996e-10
2.9000000000000003e-11
4.999999999999999e-12
1.e-12
0.
0.
0.
0.
0.
0.
0.
0.
0.
0.
0.
0.
0.
0.
0.
0.
0.
0.
0.
0.
0.
0.
0.
0.
0.
0.
0.
0.
0.
0.
0.
0.
0.
0.
0.
0.
0.
0.
0.
0.
0.
0.
0.
0.
0.
0.
0.
0.
1.9999999999999996e-12
7.999999999999998e-12
6.100000000000001e-11
3.9400000000000004e-10
1.94e-9
9.05e-9
3.828799999999999e-8
1.4841800000000003e-7
5.330900000000001e-7
1.7804970000000003e-6
5.536577e-6
0.000016119041
0.000044041517
0.00011324926600000002
0.00027460476500000005
0.0006292955299999999
0.0013656324649999997
0.002811046544
0.005497231933
0.010227424045
0.0181254641
0.030634543496000005
0.04942887488799999
0.07620888965000003
0.11236828310500002
0.158569733637
0.21429848395699996
0.27752004685
0.344557222762
0.4103063712049999
0.46879866689
0.51407029384
0.541136582141
0.5468929152130001
0.530686072045
0.49443465481000004
0.44225817206800005
0.379718478754
0.31285580776200006
0.24726146906599997
0.18736153761699997
0.13602930506500002
0.09454983574499999
0.06285280349799999
0.039911036319999996
0.024170988938
0.01393524413
0.007630699644999999
0.003957082776999999
0.001936446525
0.00089026922
0.00038227830100000005
0.000152209634
0.00005565480500000001
0.000018440729000000004
5.443588e-6
1.395729e-6
2.98897e-7
5.0497e-8
6.121e-9
4.33e-10
1.2999999999999999e-11
0.
0.
0.
1.e-12
2.6000000000000007e-11
1.5300000000000001e-10
6.25e-10
1.588e-9
3.3490000000000003e-9
5.759999999999999e-9
8.705000000000001e-9
1.1369e-8
1.3562000000000003e-8
1.4793999999999997e-8
1.466e-8
1.3565e-8
1.1539999999999998e-8
9.25e-9
6.771999999999999e-9
4.561000000000001e-9
2.98e-9
1.696e-9
9.009999999999999e-10
4.4500000000000007e-10
1.93e-10
7.399999999999999e-11
2.4999999999999994e-11
4.999999999999999e-12
1.9999999999999996e-12
0.
0.
0.
0.
0.
0.
0.
0.
0.
0.
1.e-12
1.e-12
1.9999999999999996e-12
4.999999999999999e-12
4.999999999999999e-12
1.e-11
1.2999999999999999e-11
1.9999999999999996e-11
1.9999999999999996e-11
1.9999999999999996e-11
1.9999999999999996e-11
1.7e-11
1.e-11
4.e-12
4.e-12
1.e-12
0.
0.
0.
0.
0.
4.999999999999999e-12
6.500000000000001e-11
7.119999999999999e-10
5.056999999999999e-9
2.8304999999999994e-8
1.30645e-7
5.2025e-7
1.8093519999999997e-6
5.621731999999999e-6
0.000015811109
0.000040694932
0.00009662515199999999
0.00021301064199999995
0.000438380449
0.00084594418
0.001536086746
0.002632668149
0.004269510356
0.0065659542340000005
0.009592400337999999
0.01333348685
0.017655919821000003
0.022296714564999997
0.026875959860000007
0.030942523081999997
0.03404280864400001
0.03580274347400001
0.035997946913000005
0.034600500900999996
0.031783422637
0.027887595397000003
0.023353638170000003
0.018643998579999998
0.014167836880000001
0.010227953090000002
0.006996049234000001
0.004519181101
0.0027448607249999997
0.0015589892
0.000822008161
0.000398543309
0.00017542242000000003
0.00006888109
0.000023551552999999998
6.764212999999999e-6
1.5478970000000004e-6
2.58217e-7
2.7297000000000006e-8
1.3780000000000002e-9
2.4999999999999994e-11
1.e-12
4.e-11
1.3519999999999999e-9
1.8649000000000004e-8
1.3118800000000002e-7
5.957409999999999e-7
2.0105209999999996e-6
5.446324e-6
0.000012473045
0.000024976817
0.000044755945000000006
0.000072965665
0.00010957145000000002
0.000152881285
0.000199556074
0.00024486058900000004
0.00028352910500000004
0.000310668173
0.000322683125
0.000318137677
0.00029797576
0.00026512464500000007
0.00022410365800000002
0.00017983332900000002
0.00013686448400000001
0.00009863508999999999
0.00006720437800000001
0.000043155184999999995
0.000026063968999999995
0.000014739449
7.769242e-6
3.7961299999999995e-6
1.705658e-6
6.98141e-7
2.5661599999999997e-7
8.333e-8
2.3360000000000002e-8
5.4159999999999995e-9
9.7e-10
1.3000000000000002e-10
7.999999999999998e-12