1.
0.999600000016
0.99840159817
0.9964059468409999
0.9936193619779999
0.990047697424
0.9856997208979998
0.9805831892288
0.9747128724499999
0.968098779845
0.9607582549618
0.9527071353656
0.9439640974556001
0.9345474400537999
0.9244789616654
0.9137808263208
0.9024763261732
0.8905902316892002
0.8781486575858001
0.8651777071078
0.8517055184765999
0.8377593789716
0.8233702578414
0.808566756569
0.7933797946252
0.7778389161375999
0.7619763501674001
0.7458226321094
0.7294098909642
0.7127694183514
0.6959321675787999
0.6789288282074001
0.6617920209611999
0.6445510357555999
0.6272364111514
0.6098782014194001
0.5925049178556001
0.5751453089632
0.5578274982670001
0.5405778789579999
0.5234230203268
0.5063877605998001
0.48949590200859994
0.47277120217819996
0.45623553018419993
0.43990962629319996
0.42381339463019996
0.4079652818498
0.3923825950612
0.37708192845620003
0.3620779496271999
0.3473839215989999
0.3330133187876
0.318976472697
0.30528399625659997
0.29194434111999995
0.2789654279184
0.26635248387160004
0.2541114533284
0.2422462339214
0.2307598351342
0.2196531997722
0.20892833626200003
0.1985840540164
0.1886195729444
0.1790325810426
0.16982032204279998
0.1609790318316
0.15250368087160002
0.144389482214
0.13663028206220001
0.12921905674540002
0.12214954342440001
0.1154139949032
0.10900375013979999
0.10291094038779999
0.0971261095626
0.0916406298752
0.0864445310192
0.0815282804662
0.07688240856000002
0.07249687559179999
0.068362187718
0.06446790320779999
0.060804532475400005
0.0573617494078
0.05413009019599999
0.05110015767239999
0.04826200335219999
0.0456065471052
0.043124769059600006
0.0408076658266
0.0386466649326
0.03663346131339999
0.0347596117434
0.033017582335399996
0.0313996780678
0.029898707970600003
0.028507678740800003
0.027220030480200004
0.0260296919254
0.024930311906400004
0.023916521657
0.0229826886886
0.0221238088644
0.021334876805
0.020611399393600002
0.019949326560199997
0.0193444056274
0.018792858308600002
0.0182912917318
0.0178363495516
0.0174247967644
0.017053698843999997
0.0167202253214
0.0164218238736
0.016156103451200006
0.015920573971800002
0.015713331974600002
0.015532068990599997
0.015374937565400001
0.0152399536294
0.015125436277400001
0.015029582033
0.014950787721
0.014887420900799999
0.014837972260800001
0.014800775504999999
0.0147744416386
0.014757639260400001
0.01474873586
0.014746384955000002
0.014749111698199998
0.014755528979
0.014764355229199999
0.014774124612200002
0.0147834775408
0.014791162077600001
0.0147958724164
0.014796402139000001
0.014791494744199999
0.014779925317599998
0.0147605899284
0.014732637080200001
0.0146948690448
0.0146462014796
0.014585934092
0.014513160621600001
0.014426992638200001
0.014326749168800001
0.014211989129399999
0.014082077820400002
0.013936572131400001
0.0137750405724
0.013597346907
0.013403353242599999
0.0131931519174
0.012966697505200001
0.012724260656000002
0.0124662710124
0.0121932169324
0.0119057518182
0.011604305255399999
0.011289806379599998
0.010963140188
0.010625219701800002
0.010277086598000001
0.0099198764344
0.009554879148799999
0.009183493980600001
0.0088073087602
0.008427805815
0.008046772057199999
0.0076657731438
0.0072865441656000006
0.0069108903104
0.006540773865999999
0.0061782838934
0.0058252581351999995
0.0054837444612
0.0051559132506
0.004843653283
0.0045492340122
0.004274844029
0.004022536036600001
0.0037943998208
0.0035927683811999996
0.0034199294131999998
0.0032778962644
0.0031688754011999997
0.0030950272552
0.0030585755624
0.0030616439448
0.003106525909
0.0031953105784
0.0033300335784
0.0035128334121999998
0.0037456789904000004
0.0040307676252
0.0043702209856
0.004765961254199999
0.0052201430762
0.005734790882
0.006311950118
0.006953666378199999
0.0076622570325999995
0.008439936319800001
0.009288907784799998
0.0102110096896
0.0112085532316
0.012283246860000001
0.013436970550599999
0.014671962806400003
0.0159908587974
0.017396019662199995
0.018888638088599998
0.0204710959074
0.022145812867800003
0.023914510008800002
0.025779477817999996
0.027742914454400004
0.029807161467199993
0.031973811183799994
0.0342454870954
0.03662393083
0.03911066293059999
0.041708466017
0.0444201272936
0.0472471656858
0.050190716829799996
0.053252982652400006
0.056436400653399985
0.059741633022599994
0.0631695486392
0.06672204176780001
0.07040005163240001
0.0742033679522
0.0781336096336
0.08219122224360001
0.0863753600186
0.09068653136160001
0.0951250202318
0.09969002284320001
0.1043813922512
0.10919726567999999
0.11413733634180001
0.1192008421318
0.124384860629
0.1296855960412
0.1351021931836
0.14063325333579998
0.1462755019386
0.15202586523199998
0.1578795371452
0.16383087611459998
0.1698746207184
0.1760074783464
0.1822235495102
0.1885187357348
0.1948882212586
0.201325947197
0.207824470963
0.2143742721178
0.22096950108520003
0.22760179062639999
0.2342626770792
0.24094383962880003
0.2476375803264
0.25433785050019997
0.2610358089128
0.2677209613946
0.27438062664839996
0.2810095783172
0.28760029566600004
0.2941421107808
0.300627208442
0.3070444756014
0.31338034241400003
0.3196248016814
0.32576990352280005
0.3318035854114
0.3377136130162
0.34348963195260007
0.34912577307919995
0.35461485563219997
0.35994858045920003
0.36511899952939997
0.37011766417539993
0.37493759471840005
0.3795725310376
0.38401343595400006
0.38825696498
0.39229773073540003
0.3961293725332
0.39974357905200003
0.40313445458920005
0.4062983796784
0.40923084734919996
0.4119276548996001
0.4143847490434
0.4165960920222
0.41856340107080003
0.420285422392
0.4217584478160001
0.4229835501996
0.4239622673156
0.424689496258
0.42515820628139994
0.42537749014820003
0.42535136703739995
0.425079462342
0.4245615953704
0.42380360913359993
0.42280946370360006
0.42158530545
0.42013662011960007
0.41846424513919994
0.4165716667056
0.414468168868
0.41215689307279996
0.4096460293622
0.406947884591
0.40406949914279994
0.40101113689600004
0.3977724903268
0.3943642110748
0.39079712778240006
0.38707326706699996
0.38319615138479995
0.3791754858122
0.3750164063078
0.3707291258166
0.3663279706104
0.36182661756199996
0.35722644803180004
0.3525257965082
0.3477400049474
0.3428786626854
0.3379457175762
0.33295414048680005
0.32791695984999997
0.3228390973848
0.31771799944819995
0.3125510053154
0.30735097756900004
0.30212058706300005
0.2968629313204
0.29159281078820004
0.286316600232
0.28103524739220004
0.2757549851168001
0.2704882043782
0.265238408475
0.2600159815446
0.254827868145
0.24966911099420003
0.2445352209438
0.23944313148539997
0.23439998597540002
0.2293989980418
0.2244497594886
0.21955419684719998
0.21471661925139998
0.20995085226039997
0.205257533903
0.200635523373
0.19608826080759995
0.191613655539
0.187219718943
0.1829261595644
0.1787461623346
0.17467867787319996
0.1707211265892
0.1668721967622
0.163137252231
0.1595282993594
0.1560471294726
0.15268993492459998
0.14946500366499998
0.14638784026440002
0.1434573133478
0.1406608110298
0.13799703573419997
0.13547319607220004
0.13310281456299997
0.13088978508620003
0.1288369184898
0.1269565114478
0.125247217407
0.1237058115588
0.12234351623120002
0.12116956536759997
0.12017868563800001
0.11936864933380001
0.11873662222
0.11829252605960001
0.1180512747706
0.11801141081320002
0.11816997695760001
0.11851718611119999
0.119051343113
0.11977640671600001
0.1206797980178
0.1217662504352
0.12303238142999999
0.1244679644636
0.126079313513
0.12786761278800002
0.1298330205268
0.1319496579074
0.1341945041934
0.13656408224560002
0.13905025508020002
0.141655975298
0.1443889530064
0.14724111629480002
0.1501913923098
0.1532361743264
0.156380117478
0.15960839874059998
0.1629133922966
0.1662872684326
0.16971503341200003
0.17319134046160004
0.17671101563499997
0.18026986412700002
0.1838472962044
0.1874292394468
0.1910215448896
0.19461278331999998
0.1981815479446
0.201719147959
0.205209715663
0.20862738145039997
0.21198461849800002
0.21527461892620003
0.21848940163140002
0.2216185053016
0.22460633778020003
0.22744622659660002
0.2301722076456
0.23275660184760003
0.235177758656
0.23745103878860002
0.23955293902879998
0.24147473250879997
0.243207221792
0.24476157328099996
0.2461433456756
0.24732245051079998
0.24829972409979995
0.2490762683702
0.24963385235479998
0.24994961146380001
0.2500423727052
0.24993779052759998
0.24962640419239998
0.2490796835002
0.2483013237752
0.24730270336580001
0.246095977272
0.24468568546060002
0.24306361996139997
0.24128594230859995
0.23934328740719998
0.23719288905959995
0.23482919846
0.2322134415156
0.22937853777379996
0.22639683762860002
0.22325635940280003
0.21993379900979998
0.2164225502482
0.2127193430898
0.2088302101408
0.20475550108780002
0.2004911253624
0.196034884034
0.19138819625560002
0.18660378108839998
0.1817722197604
0.17684228874980001
0.17177980266600001
0.1666144563008
0.16135967242260002
0.156035623132
0.15066572968160002
0.14528252292119997
0.1398543398172
0.1343384767694
0.1287433106158
0.1231233994158
0.1175277912976
0.1119784254694
0.10644862629720002
0.10095239057199998
0.0954916093064
0.090077852667
0.0847675390768
0.07957096374
0.07450609549079999
0.0695644864156
0.0647555821674
0.060094146368800005
0.0555340446254
0.0511082763068
0.0468498264462
0.0427391214292
0.038788220206400006
0.0350209902234
0.03147567691
0.028143212820600005
0.024998503461800003
0.022048754757
0.019312176275200005
0.016788665232800003
0.014477072674399998
0.012385489061200001
0.010505641293199999
0.0088586499314
0.007449614547399999
0.006255751664799999
0.005274718301
0.0045266913674
0.0040044420686
0.003707087548
0.0036521588955999995
0.0038247384348
0.004220456546
0.0048447315736000005
0.0057146067906
0.006822828562
0.008142496398
0.0096851980776
0.011450359925
0.013439533874999998
0.015683144725
0.018154831556799998
0.020775442490799996
0.023601869018399998
0.0266737044388
0.029918675303599995
0.033317998121
0.0368607128738
0.04055099597680001
0.044392042287
0.0484314260962
0.05263540277180001
0.0569498143156
0.06142475824020001
0.0660976241606
0.07088063114
0.0756988091344
0.08064131162000002
0.08573224562
0.0909056668374
0.0960212144108
0.10108684532100001
0.1061461663288
0.1110792975326
0.11588943250299999
0.12059243122519998
0.12524746590499997
0.12985442649999998
0.1344253664852
0.13905826358360002
0.14375926047919999
0.14840547573600002
0.1529950907624
0.1574560034474
0.1617219852708
0.1658675070432
0.1698739306318
0.17373042470400002
0.17759339488599996
0.18144790638439998
0.18494299458860003
0.1880887371988
0.19105172476760002
0.1940164458922
0.1969864882092
0.199739092379
0.20242906915599995
0.2051931035874
0.20787585773740003
0.2103428834108
0.21270018111820002
0.2149734979418
0.217134605137
0.2194206500146
0.2219771163686
0.2246920589854
0.22746709950639996
0.23019416277319998
0.23288857585859998
0.23578764246279998
0.23883419464640002
0.2418473791786
0.24475667497319997
0.2475067445288
0.24993383762619997
0.25208843960399996
0.2539779173094
0.25548190208840005
0.256611128033
0.25762580351020004
0.258589197504
0.2593004040908
0.259890445967
0.260460678383
0.2609959328696
0.26134113898419997
0.2613686355324
0.26116362025059997
0.2608259362702
0.2601927022588
0.2593437071836
0.25848775936940005
0.2575687007728
0.25629935606459997
0.25469416626
0.25277423268239996
0.2505010593114
0.24831845628920002
0.24607932627759999
0.2433924949258
0.24033299177939998
0.23697970285200004
0.23344634775059997
0.229668102683
0.22568381899880005
0.22168652743140002
0.21772414926039999
0.2138065869994
0.2099349391334
0.20600379292620002
0.20187053039320002
0.1976015472242
0.19317029249040002
0.18872504501600001
0.184396268882
0.17998447587559996
0.175295714526
0.1704645829286
0.1655610611474
0.1608441701186
0.15644293748439997
0.15201631257419998
0.1474284382692
0.1424876979618
0.1374062215438
0.1325996389642
0.1279754438292
0.123521896735
0.11923142235520001
0.11520097222600001
0.1114497438898
0.10788250439560002
0.10454761001019999
0.1014601675896
0.09847139105359999
0.09558410756619998
0.0929627108534
0.0907603752032
0.08886009671280001
0.0869040170086
0.08499837898979999
0.08318056174319999
0.0814944422262
0.0803229965936
0.07983442798939998
0.0797146112306
0.079937077951
0.08046247727940001
0.08096346427880001
0.0814386753744
0.08187522674480001
0.0823505009122
0.0829076172878
0.0836519115532
0.0845241762832
0.085228357173
0.0859407484414
0.08708488306539999
0.0886885514448
0.090381251218
0.09209622768780001
0.0938157649256
0.09537723908939999
0.096972188391
0.09906918985119999
0.10158439497319997
0.1041208573714
0.1072819303882
0.11156159715200001
0.1168818107306
0.12325674006979999
0.1300216103552
0.1373608053908
0.145524701953
0.15438259965120002
0.1644535552778
0.17496252370959997
0.18612401541860002
0.1974827872428
0.20902253571079998
0.2222905963008
0.23672385615539998
0.25150146289340003
0.26735424218599996
0.2837043371108
0.300336305657
0.3172170471764
0.33194242584699996
0.34664875683240004
0.3623039588536
0.3795124405644
0.3998393107919999
0.42094375147620006
0.4431744511722
0.4661283641992
0.48961761362620004
0.5130692718823999
0.5354066446254
0.5571099990032
0.5783587390514
0.5994211277256001
0.6193063976916
0.6367272097628
0.6531613644178
0.6700934905506
0.6878187938018
0.7061551001514002
0.7235114728650001
0.7382884378337999
0.7498265241755998
0.7569069415891999
0.7578586638340001
0.7564013971088
0.7584935620197999
0.7650354696122
0.7723713025642001
0.778536265762
0.7836070696778
0.7897488534232
0.7976348994760001
0.8088006005234
0.8196296754765999
0.8290887593138001
0.8400464227734
0.8489076488609999
0.8554490305574
0.8590201336094001
0.8599759516808
0.8599240385654001
0.858809149432
0.8595724365772
0.8595904916148
0.8585338849852
0.8606935276037998
0.8649801974779999
0.8709079442383999
0.8798509037600001
0.8903986382523998
0.8999277037852
0.9093398865493999
0.9157377047458001
0.919641035543
0.9253113771346
0.9363064369554
0.9523637802762
0.9740777560555998
0.9997473974828001
1.0253643577492
1.0466984753420001
1.0687106600576
1.0967249001855999
1.1279391858836
1.1679943125032
1.2133395237214
1.2613072273134
1.3172712201313999
1.3793059732442
1.4429022353614
1.5059713338504
1.5703049096546
1.6416470301114
1.7213584693544
1.8068058825804
1.8995657405172004
1.9958980085028
2.0908281216341997
2.1862252276898007
2.2895743595838
2.407208434579
2.5447713717806
2.6970415086814
2.8507132542456
2.9952219680125998
3.1243267351621995
3.2449093801904
3.359577562959
3.4776722215282
3.5978377108028
3.7180230071596
3.8369810961162
3.9515774989767998
4.060835887633001
4.1609982027774
4.264593833270401
4.3687882746428
4.4583066544216
4.5454140324886
4.6392334068062
4.7382039062924
4.8512912702571995
4.9722963898508
5.1056294679072005
5.2449081952072
5.365742010764601
5.4678741052142
5.5698145267938
5.661807429819399
5.734203801084601
5.7926852851904
5.830574140387
5.8680464371324
5.917069179324001
5.959968981471
6.0084224463892
6.0780880512227995
6.1687133477328
6.292930117058399
6.4463645518687995
6.612595918955999
6.781021393165401
6.948486104824201
7.0988525470428
7.231307145860801
7.359960897733801
7.4899958685096
7.626116431752199
7.7410541108888
7.8546756576347985
7.980487516028002
8.103109400648801
8.226309925005001
8.3133110913772
8.385808605123799
8.5011028100262
8.6391091704124
8.7525758882858
8.8390149933198
8.886353203520802
8.8891428111262
8.85680715465
8.803441688861799
8.77282276503
8.775271448542801
8.783171664223001
8.7966942573992
8.8481906329934
8.952660058066998
9.086251526852601
9.2328265645254
9.353615469764
9.425710740513999
9.485853635605798
9.563856810622
9.6607556352432
9.750868980062
9.826941570705
9.916513252044199
10.0469665863714
10.2127101887126
10.4107215209938
10.646645788936999
10.917812432166599
11.213104815634404
11.480781086153199
11.6887701178414
11.889556064615002
12.138606363791201
12.406947813128198
12.611392166839801
12.804140088797999
13.008914589131598
13.2049791586562
13.4702630467934
13.822921892683999
14.2473975192664
14.7117082305232
15.137453817024399
15.570557762169798
16.138831124251006
16.7209008682538
17.181113906906
17.585105562356595
17.964214368635602
18.410050135431597