0.
0.
0.
0.
0.
0.
0.
1.0741096781723718e-6
0.
0.
1.7475273733500508e-7
1.9128354066654132e-7
2.075486990904409e-7
4.4705248675475034e-7
3.7820030451209677e-7
4.452297087453801e-7
7.843746549467821e-7
5.422903521436695e-7
7.836599815781165e-7
1.0053612117572192e-6
5.046535012339662e-7
7.75764642416318e-7
8.553550165856681e-7
7.442269869150575e-7
1.348543534666822e-6
9.749118567045715e-7
8.693773709643325e-7
1.4600403037597335e-6
2.183866556073636e-6
2.1700398735220362e-6
1.3487604804662267e-6
1.4043935944565972e-6
1.7498420132286443e-6
1.3489335620977399e-6
1.9022462045276213e-6
1.944679289405889e-6
2.4354114255805694e-6
2.565792431975918e-6
2.455544280576777e-6
2.2536989630045637e-6
2.3278313001289515e-6
3.1623802051396496e-6
2.711547037644804e-6
3.4409980402768708e-6
3.6341509444996747e-6
4.05279448378616e-6
3.84688206946832e-6
4.656678178811805e-6
4.310602914625144e-6
4.85620142004522e-6
5.256502882306881e-6
5.493235552858145e-6
6.286944678747246e-6
6.989620772634685e-6
7.356149259498243e-6
8.097829184795308e-6
9.008342006309853e-6
9.952648433741527e-6
0.000010669110604118548
0.000011776096135490248
0.000012188188787993204
0.000013114327645670342
0.000013514155100244003
0.000014485047545709536
0.000015300263812797463
0.000015903924968295035
0.00001660743365578252
0.000017342413365780398
0.000017907931349896415
0.000018276347145574543
0.000018593545898149892
0.000018974239947203025
0.000019026675387474456
0.00001933821404205879
0.000019531688904047506
0.000019820359909243372
0.00002017815224277567
0.00002037349390991966
0.000020481580518159716
0.000020560245680817185
0.000020541787938894814
0.00002092853551642883
0.000020889091398587903
0.000020873607705642005
0.000020834743686699463
0.000020938873844203213
0.000020960486882397025
0.000021259248020899616
0.000021332152938711905
0.000021460087831330917
0.000021690138588506875
0.00002160764633464178
0.000021858202874818154
0.000022081873566027625
0.000022358894438606712
0.000022616918427121235
0.000022829665686458398
0.000023251176287711677
0.00002374771743098047
0.00002410834695921277
0.000024451498509206632
0.000024912562369829634
0.00002538467959776991
0.00002579384182763032
0.000026551965373389975
0.000027334704509761018
0.0000281092275900715
0.000029081093009881296
0.000030042846814887737
0.000031000865698102255
0.00003198688416431436
0.000032889818361982126
0.00003359759034671054
0.00003439518221399577
0.000035182406386716375
0.00003582342444604974
0.000036406634746416015
0.00003704370185442736
0.0000376199258344816
0.0000382860470099939
0.000038875829608054145
0.00003941081455781583
0.000039913588851835005
0.00004036999265589175
0.00004086197604117796
0.000041228016154157824
0.00004175075927271256
0.00004210691821137254
0.000042269632142151434
0.00004227167787265433
0.00004215203073369663
0.000042098673139810706
0.000042072368014446255
0.000041968670028511415
0.0000417441991090909
0.000041518956356997993
0.000041422875597199906
0.00004130799642301373
0.00004109299269666266
0.000041048258939699595
0.00004080791693395684
0.00004063294829902031
0.00004028180608814675
0.000039807778596258227
0.00003926026879664663
0.00003863872422056739
0.0000379562729358981
0.000037190934341046455
0.000036382832767707174
0.00003562256674135999
0.00003487803855187223
0.000034119220972257836
0.00003351009244321236
0.00003289704756549874
0.000032380293250960446
0.00003175936406969844
0.00003125606223572481
0.00003075394190584641
0.000030317564279817362
0.000030062131069401322
0.000029806245836806023
0.00002964575996860353
0.00002966111882089497
0.00002958972752515555
0.00002965579527680636
0.00002973144054700222
0.000029873779931814323
0.000030030924051029042
0.00003031110162271415
0.00003068596314748053
0.00003113684979444097
0.00003158858462415007
0.000032003951399783566
0.00003235700579917953
0.0000326913414615287
0.000032953239741263714
0.000033155540849123
0.000033278357590638316
0.00003335717803639922
0.00003316755815279774
0.00003295330902455455
0.000032701968569712055
0.00003221784659161129
0.00003175674657751224
0.00003105853877154146
0.000030312262379658026
0.00002935253414587478
0.000028199994962110445
0.00002690798767774859
0.00002542937207334102
0.000023931817870395136
0.000022363447840963365
0.000020953273521446097
0.00001985128512130604
0.000019410003634485327
0.000019865497214296825
0.00002153390173146955
0.00002433215176136912
0.000028318779612656474
0.000033285689790322386
0.00003878624475504031
0.00004500458923104078
0.000051939447131410184
0.00005950291125904527
0.00006782359015501763
0.0000767234642980194
0.00008626034774841886
0.00009609057612340496
0.0001062784563526475
0.00011675075575369909
0.00012734330236696895
0.0001379028741396033
0.00014871338192974805
0.00016008946929543441
0.00017191628513995707
0.00018406736513462859
0.00019585381772083894
0.00020774282600543028
0.00021953380731448474
0.00023132052236049842
0.00024373438420958213
0.0002561581609367781
0.00026877243850589514
0.0002811503742974432
0.0002930051661747484
0.0003045579516136804
0.0003156012474839113
0.0003266451019555204
0.000337706640516035
0.00034821403929782276
0.0003577131993604206
0.000366602709324372
0.00037558795008208894
0.0003849189973450417
0.00039332272338354034
0.00040110208743760004
0.0004083199377529087
0.0004147667134405792
0.0004197822085008047
0.000423737874810424
0.00042606068561486536
0.0004268286780866151
0.000425633849906568
0.00042389789126205505
0.00042209304469203524
0.0004203006628289934
0.00041948336132002664
0.00041966555879594533
0.0004188927542659585
0.00041707247724079186
0.00041705201715877625
0.00041706661795329054
0.0004167710765867775
0.0004153165452394074
0.00041301713729889925
0.00041075955120615176
0.0004070287964245677
0.00040326443290928277
0.0003995223632698245
0.0003937577652229409
0.00039055600023220344
0.000390903776581664
0.0003912484368742577
0.000392290087234175
0.00039653264678354144
0.0004018951134718371
0.0004088758450100626
0.0004210554136687944
0.00043457946869547993
0.00044941998799707624
0.00046808085023244386
0.0004895081928411779
0.0005135187752656779
0.0005346423830661257
0.0005522141499691806
0.0005687403815689637
0.0005835512029157089
0.000598460475438681
0.0006149908471612898
0.0006321625637727963
0.0006488587349820201
0.0006646588017390267
0.0006788113741165861
0.0006941972679545972
0.000714041961405451
0.0007369275320835379
0.0007618096613334557
0.0007852241208488457
0.0008043434241243259
0.0008185720565414991
0.0008316101723319997
0.0008433122761827762
0.0008520287385267564
0.0008606749589205359
0.0008778130203199541
0.0008963886523454899
0.0009145012635960079
0.000935237583586543
0.0009619615984419135
0.000989296518120064
0.0010230703590573458
0.001066265274793014
0.0011205923976132346
0.001178391048785962
0.0012371585095750824
0.0012969248359114031
0.001357208402511332
0.0014240252654805488
0.0014921479917395248
0.0015555753109914824
0.0016163159094787303
0.0016761318696578327
0.0017289357951773355
0.0017790707853816074
0.001827004840236179
0.0018739390230100967
0.0019210225281990365
0.001972310000473173
0.0020222027589417856
0.0020649247713137643
0.0021019524255009897
0.0021317957808245328
0.002157628917748036
0.0021766371285514923
0.0021886488467825456
0.002200806021592951
0.0022130348066433615
0.0022187823980068188
0.0022153321846590255
0.0022081168519798317
0.0022041255383349347
0.002211199360133564
0.002220216769530369
0.0022178079815529067
0.0022051660621173978
0.0021882852999520227
0.002168938491570759
0.0021439562687362163
0.002115772406017086
0.0020847012730465016
0.00204470010129221
0.0019965017266264195
0.001948625179626737
0.0019004239908572186
0.0018473075959072817
0.00179438408920685
0.0017464073427920193
0.0017059698525759624
0.0016706672092410943
0.0016372480551598287
0.0016066910940087577
0.0015845330219095056
0.0015690473567646543
0.001558878460607894
0.0015572701678926706
0.0015639309783894114
0.0015748101458800566
0.0015912865761875106
0.0016162459318022672
0.0016572767839212997
0.0017137482697730903
0.0017720733366024992
0.0018358204309107623
0.0019043970935536622
0.001977002743160903
0.0020510543250045823
0.0021332813088160356
0.0022283550227799685
0.002323633514765236
0.002418106315282713
0.002520315647872855
0.0026269270540745745
0.0027342017494929403
0.0028312008147401316
0.0029291169728639242
0.0030385748754695454
0.003151926370785242
0.0032564160503885716
0.0033483349971293523
0.003441082118866802
0.0035285966917158987
0.0035986376089676845
0.0036565582218530657
0.0037063370518543018
0.003741416867934843
0.003756810831748628
0.003762599657700815
0.0037645177984721306
0.0037542938536123853
0.0037193524116059698
0.003669408413306968
0.003623038561474504
0.0035792005436129843
0.003526131440460706
0.0034697059046115315
0.00342533060651019
0.0033957328066828428
0.0033833391027544312
0.003381190301463357
0.0033776967954759238
0.0033829028255158394
0.0034103313507139912
0.0034454861387484517
0.003494442131734412
0.0035588183529976984
0.003624830344185407
0.003695236393124139
0.003770588282117359
0.003873921707818631
0.0039870596356753035
0.0040779094073240965
0.004183672442550887
0.004317975743690683
0.004479875835593514
0.004661539626469078
0.004847492079444861
0.005048559700561452
0.0052888408392641455
0.005592480673500259
0.005933966668412522
0.006315485954372127
0.006735463485916954
0.007173456507699941
0.007628862980609205
0.008101150400711913
0.00859216359936389
0.009102461070353337
0.009625591182161011
0.01014503330900088
0.010697613554560786
0.011280276010591724
0.011853299986671744
0.012448869731982684
0.01306487593491908
0.013673885890196169
0.014298900429274373
0.014934666003850511
0.015586948071557456
0.016264286208999404
0.01693692143424765
0.01761294186262178
0.0182592678417915
0.018844414015479788
0.019392783419582192
0.019916385132841993
0.020425535827666957
0.02092459351130811
0.021415052873745885
0.02189021842381273
0.022342330737187836
0.022782781120385835
0.02321080049326548
0.02361492624569864
0.02399285872225079
0.024363324713116443
0.024731179669051317
0.025050911866595898
0.02526263805185057
0.02534846373733385
0.0253411980140659
0.025318954402935797
0.025259336465159953
0.02515621885330551
0.025069947704976815
0.02498290565135842
0.024857304019996026
0.024650354219652677
0.024310522333834104
0.023902313196829412
0.02356091005715761
0.023244784603270598
0.022867205736417148
0.022459783441608195
0.022041804432161007
0.021617541298668403
0.02119225247333766
0.020721670586493587
0.020161883267221008
0.01951663745858709
0.01885180975629097
0.018234266643051108
0.017651352910160584
0.017077215670662074
0.016522335721081895
0.016022889714427682
0.015616825472984767
0.015300807335186899
0.015089151492162854
0.014990782694430512
0.014928374807094856
0.014878118100821864
0.014836124796266966
0.014802871211481432
0.014786513989783869
0.014768279562604557
0.014745807313682129
0.014725622858567438
0.014670753129838723
0.014571104657013145
0.014443269063694848
0.014294174006367035
0.014096358186014027
0.013851937427971823
0.013598502809207382
0.013327266876588606
0.013031228694567305
0.01271310706426516
0.012377805132872132
0.012016915515067261
0.0116437420510906
0.011236056073781924
0.010775981354694951
0.01027955067173144
0.009741532965549995
0.009174843968444623
0.008607685844367252
0.008047473959869557
0.007496538568216136
0.00695024098237824
0.0064357006094806395
0.005976857430430932
0.005549286816247442
0.0051630141218999065
0.004896309376121061
0.00476918997575401
0.00478945515517862
0.005009216800933564
0.0053965227883853726
0.005911713788459019
0.006529652863773384
0.007260946905927595
0.008076391537013497
0.008946085750033129
0.0099094323403748
0.010954147505682759
0.012061242990175212
0.01326667233266763
0.014548902812983341
0.015807852229192225
0.017143597145315808
0.018629407016039295
0.020128730866296424
0.021594145560317343
0.023005648599943508
0.02437746639273975
0.02580060319049552
0.02734628912238513
0.028898090229680786
0.030400887285703403
0.03196430185272835
0.033603235283967345
0.03521781541014396
0.036757577625807676
0.038360473694054965
0.0400355973840275
0.041580626026696516
0.042730506940299035
0.043617546798364694
0.04444003764101122
0.04502178887959383
0.04532991242575577
0.04536777353668889
0.04519714513059607
0.044823883915815675
0.04431944388919112
0.04386318012580679
0.043547692290932354
0.04319528733108168
0.04286548113939254
0.04259644114630604
0.04227551948805968
0.041910880265736895
0.04141567295481391
0.04071328358657428
0.04001913047412758
0.03942446448352375
0.038688663145758556
0.037902911489843885
0.03743716269727207
0.03735234189373019
0.03743275239826577
0.03763163978998843
0.0379020924902516
0.03822881545019093
0.03869430599822744
0.03916129180365694
0.039766449208850925
0.040608865541007365
0.04147377492567805
0.04265168870138205
0.044135258247069875
0.04568867964914351
0.04726167022748153
0.04868989725394188
0.050016979201847736
0.0513557557958059
0.05267405587197189
0.05392693122219452
0.05518799022057344
0.056551698307933204
0.05799579266835763
0.0595197445189031
0.06124086164724129
0.0629761513447512
0.06456268233975845
0.06617002985858673
0.06777422970691735
0.06942659576089384
0.0711885751434988
0.07301266838420248
0.0749288633652482
0.07700319912741048
0.07895335395749382
0.08066297475495297
0.08223640391240399
0.08343568867102027
0.08423454875962746
0.08487715955202618
0.08555037044861889
0.08614587960687851
0.08670911180007318
0.08713902582157088
0.08740670729838022
0.08762114199286518
0.08761555407127612
0.08748736552770214
0.08736228341084663
0.08712295030506562
0.08678654954024378
0.08663848049277474
0.08688569429640704
0.08734679644118779
0.08741553022757104
0.08700814104312332
0.08633798729989278
0.08544134494640264
0.08438452165452165
0.08348724337899834
0.08273548332755011
0.081804055231374
0.08067037904834767
0.07922913950951714
0.07751754142587583
0.07570391816035946
0.0736250242020514
0.07119077376547343
0.06880177152181091
0.06655965589712044
0.06419409682960078
0.06166486487834388
0.05906467333986699
0.05639134396737227
0.05388241785133383
0.05190905136666298
0.05036365419732998
0.04930755299913776
0.048838040112107683
0.04855232602049886
0.04829879278958648
0.048245505444198686
0.04818773728055769
0.048103971500778775
0.04830704035734311
0.048744205899954055
0.049289979508522416
0.04993346514968356
0.05049415674183861
0.05101505164448376
0.0515817119398618
0.05212907516570656
0.052592782065389886
0.052612608711941136
0.052175809571575284
0.05142909837921171
0.050263541306545007
0.049050734472469354
0.04793532093374832
0.047045662503397326
0.046638681148850655
0.046747169495945574
0.04771412287757867
0.049519605649181675
0.05219363306817732
0.05589230459967425
0.060392196197404165
0.06562673378037097
0.07127301418175856
0.07685883690833976
0.08244082885292804
0.08823785499866975
0.09502331320339041
0.10264854096456519
0.11025747052192966
0.11908825177706422
0.1302002398789452
0.14387483731034778
0.159881502567424
0.17610091324217497
0.19315695580945436
0.2117327556721097
0.23125927695472084
0.2528714747810159
0.27515459682224935
0.29849684575118884
0.32181097482331894
0.3445434182595587
0.37023842904989224
0.39884253809948844
0.4281722741290998
0.45899400621825603
0.4903177825462632
0.5213472991496761
0.5517773856583096
0.5770817054499363
0.6019469264086424
0.6280003542126701
0.6556715799541105
0.6884776836521291
0.7225122816849658
0.758550756908302
0.7955977630545766
0.8331053373664455
0.8691519467238802
0.9030857585809291
0.9359126065623199
0.96654757517519
0.9963437824681018
1.0235220629296287
1.0435529710878682
1.0605232564198628
1.0780216273993546
1.0955662549360636
1.1140455442981263
1.130567452335458
1.1409817087986138
1.1450432391535235
1.1420280017034907
1.1280319766629068
1.1088476863228685
1.0958220740780298
1.0908083184002304
1.0864345185588673
1.081861775330714
1.0764755627551414
1.0725950414203436
1.0716311346279694
1.0784208097748562
1.0885678821054134
1.097286593529219
1.107804103378932
1.1148987294917676
1.118710434795447
1.1205818931822622
1.1187071750961821
1.1165548675766785
1.1169535310042156
1.1218570367430942
1.1249460228124064
1.1232050640728928
1.1264656673964057
1.136338238819055
1.147200874411972
1.1597096400706515
1.1759428806146355
1.1888756265526017
1.1985378947662246
1.2006236322273047
1.1951276547398488
1.1873095846851285
1.181501114378978
1.1801961378327037
1.1871683702664342
1.199225198899174
1.2082862555895677
1.2102103152015606
1.213644610050646
1.223839566757511
1.2398998521221314
1.2686953736080764
1.305183334375473
1.3463924297444338
1.3997525716518744
1.4636117811809668
1.5303336428198837
1.5969660741199763
1.6634948046671039
1.741946142721729
1.83840981355071
1.9343776779730486
2.026519906147551
2.1097494235627705
2.1703874587479235
2.2189077640960093
2.2634015394139526
2.308446417600847
2.367864919623649
2.4413085786283513
2.5159158435593336
2.5692157162536686
2.6026996285132533
2.633417608624815
2.651487984716526
2.6654820232171152
2.6864005309725023
2.7241847632066354
2.76810767566422
2.8077717039874126
2.8348932862234397
2.8449565801336947
2.8723087611154434
2.9240988245939454
2.9648203848823624
2.9919192073729977
3.028028563753501
3.0643744541012596
3.1259024035126233
3.2252417682507
3.3422048104448416
3.4638089219324586
3.57492732374663
3.6745218143015386
3.7766806756306717
3.8715442996743312
3.954782717038264
4.022987683476491
4.067258769613641
4.112090245709649
4.171842095195017
4.236878944958127
4.3261255095834485
4.450769881056318
4.59878670210368
4.770451111951529
4.963927730432186
5.16872237986322
5.380413443996272
5.599956164381233
5.813600134541113
5.999944686627501
6.1670078956348515
6.317895031884951
6.436581693322179
6.517597442301592
6.602992146078509
6.684251216629542
6.747998319599019
6.811871851383427
6.823986174112189
6.785925237032609
6.752276008473872
6.669081628411379
6.481823406971958
6.232889909953939
5.904424983038554
5.490744287219302
5.025030783971976
4.518022189509796
3.9997121246106095
3.4853992600606074
2.939640126136606
2.33569110681578
1.7642327586246127
1.2681414075723805
0.9011820578870998
0.8923204467901472
1.2504098390087772
1.7740760171982761
2.3040081637076026
2.8372820881475884
3.386103856611913
3.9408734760482123
4.505139905074257
5.063613408157925
5.6076598829481075
6.108484919603853
6.559089928078834
6.981905741306481
7.360329239355718
7.634115076821576
7.777420223041131
7.81816875126037
7.784355284982451
7.723966179707466
7.7179243095319245
7.698131773238939
7.657037564791479
7.67751545603703
7.752907768082168
7.934823990200923
8.315599991443756
8.90874507174451
9.663795411844431
10.484288454989567
11.43702320701576
12.658559199855711
13.968459137908118
15.195305400245886
16.421175549356434
17.67741626819858
19.014083705414425