0.
0.
0.
0.
6.26057160565113e-8
1.0266034282897155e-7
1.5292484444224487e-7
4.959646480262797e-7
3.689467483098481e-7
3.7837991758256946e-7
5.729111894967138e-7
6.933885484644039e-7
8.445755666601253e-7
7.496705319540501e-7
7.258799313466106e-7
8.882306794786473e-7
7.045491215963945e-7
6.730201095680036e-7
6.676122156934296e-7
5.209376921552005e-7
4.5910086506076793e-7
3.888405329926176e-7
3.07475166296491e-7
2.350915564384794e-7
1.6502336724901833e-7
9.985553026998987e-8
5.8557500196814346e-8
2.597538105206604e-8
1.4522911846458198e-8
1.1228066008890326e-8
1.1153072684242774e-8
1.1488372347726448e-8
1.1164332595368128e-8
1.0280588772049887e-8
1.1832837347821596e-8
2.0719223400021553e-8
4.026074044028675e-8
7.37680282663169e-8
1.3024102821998296e-7
2.1990114300632503e-7
3.717128481332452e-7
6.397522101878824e-7
9.87670375258661e-7
1.6034339202528603e-6
2.328108816718273e-6
3.261311727626553e-6
4.4597048071142715e-6
5.5742841395503795e-6
7.2252047274802005e-6
8.794417683107513e-6
0.000010834371762133302
0.00001341601640321735
0.000015429348445295462
0.000017423258328867645
0.000019057430727902913
0.00002218631095858555
0.000025071392226307813
0.000029406456486928338
0.000033154616981674967
0.00003720161142643064
0.000041817197483456884
0.00004802177819662588
0.000055147768916777565
0.00006132409399524343
0.00006850335504917874
0.00007630344386408822
0.00008186538537000055
0.000085357437739175
0.00008331974926755191
0.00007799980694291506
0.0000701416229065909
0.00006110281585922782
0.00005166182337248464
0.00004264859033454823
0.00003553036770938897
0.000030166828891600366
0.00002626906735880101
0.000023197241614911172
0.00002010878378484071
0.000017417130938750876
0.000014790046944498848
0.000012293511301349044
0.000010091203051105937
8.001443945528248e-6
6.032588248152144e-6
4.213676324969393e-6
2.7752410576680844e-6
1.659269545252289e-6
9.386711413908208e-7
6.631488321485565e-7
6.60377456101657e-7
6.996326528121599e-7
7.045823103514357e-7
6.987107350630094e-7
6.955965754920181e-7
7.056824633231307e-7
7.495498418362859e-7
8.481056590422642e-7
9.734628892524383e-7
1.088186274913583e-6
1.1686163753849599e-6
1.3079793125001267e-6
1.588351236965589e-6
2.130566216603027e-6
3.116243262749104e-6
4.731424001177486e-6
7.215582746463799e-6
0.00001050552289869117
0.000014494030549341608
0.000018922214701279033
0.000023718976487460856
0.00002961176290808843
0.0000376698869114613
0.000046678070283087316
0.00005792720832962945
0.00007143612003658671
0.00008467982970871546
0.0000984914258930633
0.00011086815502068769
0.00012278452480988427
0.0001359709600773533
0.00014872655328852035
0.00015914882104837665
0.00016700281177128582
0.00016978681025503394
0.00017060405346188646
0.00017336682260498968
0.00017695239290985824
0.00018092020201651492
0.0001825215419159159
0.00018335943032630914
0.0001871268702376805
0.00018997592135882904
0.0001907748439651375
0.00018879936970578383
0.0001831736714287071
0.0001744795338562083
0.0001635464204395597
0.00014879676736249232
0.00012876934265510257
0.00010637048552963059
0.00008515976487800347
0.00006623782253598582
0.00005048548523456656
0.000037310661468696705
0.000027047219000912972
0.000019718037915584704
0.000014722744953332664
0.000011808268214631673
0.00001062934403488565
0.000010420805402636165
0.000010426060816417001
0.000010371782061133733
0.000010197089225935279
9.819847231813542e-6
9.374072473902348e-6
8.847896767006822e-6
8.293565391470457e-6
7.654473066453698e-6
6.876912231367637e-6
5.883685913401632e-6
4.722869919635646e-6
3.8403255020017625e-6
4.2495408095412226e-6
6.978316916236052e-6
0.000011712291301405809
0.000018152722779084184
0.000026382301407073354
0.000036569084311961555
0.00004835372359198445
0.00006161327497273158
0.00007561138519440608
0.00009006020349430974
0.0001048577851468758
0.00011959213544713798
0.0001340596648673887
0.0001489008492244492
0.00016209299024232972
0.00017440916247704526
0.0001866789318631423
0.0001956029151119546
0.00020048947591055108
0.00020416297225324314
0.00020533709827470726
0.00020466742622765304
0.0002067755297897114
0.0002036033652859525
0.00020048478312810562
0.00020742881066157425
0.00022289645871615974
0.0002466225548570414
0.0002765760265510994
0.0003076733203255005
0.00033453886485474647
0.00035824563667324113
0.00037449377093264665
0.00038100294765715226
0.00037784239639051983
0.00036575790768169497
0.0003406942063911073
0.00030714741874130326
0.00027040962687387653
0.00023086133369261934
0.00019093299267691912
0.0001561431932753007
0.00012540626938032713
0.00009783644017397587
0.00007453525863468648
0.00005566398228476845
0.000042107520672349056
0.00003499796056841584
0.00003359439649128415
0.00003505993282875649
0.000037281353726865545
0.000039128663043972695
0.00004063887637591991
0.00004181839075759821
0.000042066963541548795
0.000041554170010833715
0.000040570515240935054
0.0000390799811269998
0.00003687846893455953
0.0000339729952483897
0.0000304548977088147
0.00002657042523683468
0.000022595237966693378
0.000019434873199402837
0.000019220218578378933
0.00002398417837256598
0.00003239435276471844
0.00004231081896585603
0.0000531376572733223
0.00006520440991248985
0.00007773986418793826
0.0000899918288445565
0.00010334817555304393
0.00011917742568349407
0.00013845841784142408
0.0001650264828203355
0.00020013864300293604
0.00024354546843266298
0.00029277014424337823
0.0003445320799335293
0.0003987895066884968
0.00045065360586557524
0.0004963803661095421
0.0005381090113830366
0.0005786048022126563
0.0006141489153135089
0.0006533588300854702
0.0006933710924441704
0.0007202628652751959
0.0007349065915825812
0.0007334969316490331
0.0007073834690863403
0.0006522410663763965
0.0005716379097898906
0.0004769146342626802
0.0003808724824185016
0.00029066851929309144
0.00021557743025310194
0.0001616891109930848
0.00013126723423678138
0.00012703954396720777
0.00013877808598392356
0.00015407677676457254
0.00016261895944641956
0.00016408197503003607
0.00016122462603416227
0.00015507358685782003
0.00014508806151790568
0.00013241237640090517
0.00011938796819964184
0.00010844260719584309
0.00010215916798864232
0.00010195407455832634
0.00010675940757391305
0.00011354000868828138
0.00011973893720775221
0.00012417034675339564
0.00012605091603928357
0.00012427894946829432
0.00011881938894945983
0.00010990438230875141
0.00009825186058106266
0.00008600010851832469
0.00007406867158751438
0.00006306169479991721
0.000053730325682405336
0.00004700376917832062
0.00004709804600743498
0.00005778303847411021
0.00007636187454484554
0.00009747415696728168
0.00011765259034849305
0.00013543586320375218
0.00015099164020983632
0.00016479923399384246
0.0001745025637495441
0.00018344134344326052
0.00020120611842538866
0.0002417020686520133
0.0003226381441923177
0.00045522404228681
0.0006334550939214228
0.0008502483947370696
0.001105644072542803
0.0013987000223022316
0.001712251780447816
0.002014822030378328
0.0022802655047983295
0.002490284925846973
0.002631392995753137
0.0026922036896196277
0.0026680432645624663
0.0025640561194743804
0.0023849350029085535
0.0021496681396211553
0.0018854861105688215
0.0016007694289821804
0.0013134968053371851
0.0010468478983158135
0.0008123338933584317
0.0006154238439648607
0.0004641832048747412
0.0003563931034077311
0.00028562239084072087
0.0002417751413002879
0.00021603432456955172
0.0002062407674306702
0.00020737440704632806
0.00021039146444340606
0.00020982854775898106
0.00020582989891540528
0.0001984082278031002
0.0001902767425613831
0.00018435561181390922
0.00018455263247358305
0.00019426059488747706
0.0002114435733983214
0.0002308555322496184
0.0002504040851845116
0.00026679109251646904
0.0002781756769077903
0.00028329267166526327
0.0002819149285469398
0.0002726285456980217
0.00025604166812490337
0.00023430484062644382
0.00020969351173303689
0.0001839322570905472
0.0001569236588639033
0.00013143901090008063
0.00011144306377891785
0.00009941219146633095
0.00009809296430895381
0.00011776579936925157
0.0001690797642249099
0.0002506971551352838
0.00035322651465883757
0.0004682598037294021
0.000581775537176092
0.0006838275030302758
0.0007702495685774582
0.0008399239601770194
0.0008968002438076671
0.0009460844130341615
0.000995888848659346
0.0010537715223722384
0.0011324175396452295
0.001237195959196065
0.0013543354504373427
0.0014715141098658527
0.0015615481905755157
0.001616354906268049
0.0016309694431198456
0.0016020215953418335
0.0015318779075678538
0.0014146113173870542
0.0012579225917280245
0.0010897169944412526
0.0009237021103733323
0.0007790666086723534
0.0006615264784044627
0.0005623506357931436
0.0005050642192479761
0.000500254058367272
0.0005243318863813215
0.0005677634765662426
0.0006341376357240833
0.0007094372259735977
0.0007795031411679408
0.0008334371820190585
0.0008635315307535306
0.0008774494162224593
0.0008739869827079674
0.0008462129990007148
0.0007966317401012016
0.0007319256616453981
0.0006586634969258897
0.0005846503846213212
0.0005177917101480315
0.0004633793870236034
0.0004217799718306548
0.00039155932837190154
0.00037129576072067943
0.0003552459639160277
0.00033667932920902733
0.00031347896367186513
0.0002896664230294919
0.00026991708498716417
0.0002557470152908068
0.00024621337304229655
0.000238580993247276
0.0002284461497627606
0.00021193834318278747
0.00018101790462684878
0.00014011607209778117
0.00012408091094679002
0.00017951795159434358
0.00029191880204901206
0.0004347608539873461
0.0005904616712591163
0.0007545584296418395
0.0009246302909338814
0.0010957318436018062
0.0012655471463930562
0.0014262422869572087
0.0015761606709485342
0.0017264067907049427
0.0018963091616485503
0.002108000389050743
0.002347738418172146
0.0026099466462331886
0.002892712486214342
0.003155781652432631
0.0033738476231386138
0.0035384822902168388
0.0036320870526422673
0.0036288907683228967
0.0035080914496415996
0.0032981394640153585
0.003026866980915047
0.002703100885866038
0.0023450184909285326
0.0019813020120330823
0.00165891819720749
0.0013992193473008091
0.0012229497666595137
0.001134026047050621
0.0010968265927692499
0.0010830582475046156
0.001071274942748987
0.0010563009865823141
0.0010370444890838906
0.0010177434869651726
0.0010058324644615399
0.001001269560045027
0.0010066026711060153
0.0010157036437829863
0.0010158849400443307
0.0010013501556656492
0.0009715213820590135
0.0009318031136215404
0.0008939322885229426
0.0008677343902212534
0.0008635017706470328
0.0008744066536024003
0.000883816178495482
0.0008770027992195071
0.0008489252400680401
0.0007999484426157882
0.000732867942750924
0.0006649272973363408
0.0006057459876834117
0.0005571919110678317
0.0005132825388093344
0.00046990278054420285
0.00042945190793934883
0.00039186050476563
0.0003465522557693572
0.0002805192277354608
0.00019941730094479002
0.00019096363235272449
0.0003544652658291755
0.0006201357285685345
0.0009388190702349142
0.0012933708565788984
0.0016559363226706844
0.0020006234248434876
0.0022928697460183407
0.002516795346016826
0.002681864009435832
0.00281957687542911
0.0029700000436432834
0.00318325796990202
0.003506479544088265
0.0038859065786154313
0.004277721192978993
0.004642825002850236
0.004934136696096107
0.005131140675699432
0.005209075858649104
0.005168027885179209
0.004986355366286491
0.004656530623423866
0.004207064911242181
0.00367763043622165
0.0031087197113130525
0.0025403121922468073
0.0019984039123336988
0.0015002680669244544
0.0010528208727628662
0.0007285573467994623
0.0006609259902633502
0.0008382732806683271
0.0010825257984686445
0.001290404945798218
0.0014454231703623257
0.0015561633512231833
0.00163146449981925
0.001682033340266857
0.0017149163580368917
0.0017431760173444888
0.001773558231391676
0.0018072413810805317
0.0018390158766476326
0.0018575104659303942
0.0018599297167550758
0.001858118094000264
0.0018622021050496641
0.0018618990300548572
0.0018555159866902083
0.0018440305748442026
0.0017969345868296233
0.0016984823772496205
0.0015547720606107953
0.001369172210233713
0.0011312610160730376
0.0008526506376799918
0.0005752517493253143
0.0003811729635105374
0.00038738429902261326
0.0005001671942672204
0.000570843060696428
0.0005688880169976182
0.0005225073166782729
0.0005202896944294162
0.0006575976120736791
0.0009386754579099227
0.0013014053015754058
0.0016836305909657572
0.0020330698120330174
0.0023194609955737738
0.0025429720203925476
0.002710094268914899
0.0028172296449649474
0.0028600585097298
0.0028615602120222413
0.0028816257552838347
0.00297707290108259
0.0031724750106462947
0.0034879572367766585
0.0038811742187703246
0.004287678030306934
0.004649129701269938
0.004887325786069597
0.004993927690886444
0.004995831561978078
0.004849884615772434
0.004550479547866211
0.004134506293404913
0.003620257958945866
0.003065266940426856
0.0024944226169486064
0.0019166037704366585
0.001425025925595745
0.0011431274043152753
0.001100965971335627
0.001165952321039624
0.0012204280252618089
0.0012336223088402847
0.0012209666151040152
0.0012296025121366488
0.0013270680071877168
0.0015456744196577765
0.0018607332583677736
0.0022144024408307103
0.002550987570595442
0.002843353797681199
0.0030677026381898754
0.0031972404026670382
0.0032340188285666935
0.003200184168678716
0.003127142468902686
0.003030587806127142
0.002908683348892688
0.002767449157536161
0.0025902823708553995
0.00234738277610243
0.0020112010845612094
0.0015780889025273817
0.0010832278251114117
0.0006169820185571028
0.0005035282185082969
0.0008302455717848005
0.001193739679364667
0.0014672934944941181
0.0016200463661835472
0.001649980051528107
0.0015820230614902546
0.0014661216052529486
0.0013649159875147958
0.0013661043192047374
0.0015258425178894294
0.001811369944673498
0.0021411742094032834
0.002466496534173637
0.0027742715762144577
0.0030607199771491666
0.0033211191742220985
0.0035858163059537375
0.0039007090172322005
0.004264108439471939
0.0046574838160601435
0.005008078806280404
0.005284948870027339
0.005499838780908987
0.005658831816800925
0.005727831057780717
0.005655192961088069
0.005453743184562818
0.005101998266073287
0.004615486498899544
0.004027972723251841
0.0033803249698320013
0.0027427814972094417
0.0021872716177042052
0.0017906697068277191
0.0015451380897875389
0.0014063021253512549
0.0013199683403024127
0.0013050926464803166
0.0013884517379509271
0.0015712808615058105
0.0018373339737403746
0.0021315224263101762
0.0024053870634242187
0.0026204916515642075
0.002762197916858941
0.002839031578846025
0.002842442207138897
0.0027838373314797655
0.002694556175596587
0.002584760464371048
0.0024703926359657866
0.002378558762746057
0.00236260567593993
0.002416045949617859
0.002502710017848993
0.002599744328330987
0.0026750485368241725
0.002715103761771543
0.002711177684468392
0.0026648471010569516
0.0025388559280385154
0.0023494427270860183
0.002150762525761421
0.0019896181445200937
0.0019244984272383506
0.0020131362695068687
0.002290075976105313
0.0027026260672221147
0.0031302664261101784
0.0035148564177837137
0.0038594648350551474
0.004169688174412891
0.004453931705202996
0.004729887611002425
0.00498784416919935
0.005247350958714769
0.005566888745050122
0.005953303500082434
0.0063708737595512014
0.006748777302503249
0.007142432011062539
0.007596014950217696
0.00806204608259578
0.008459208965752496
0.008762549365752777
0.009055610110395419
0.009306928357807645
0.009486277830366856
0.009516688621804692
0.009410660234553218
0.009196055154420136
0.008817828259569341
0.008305685872095174
0.0076857854570847196
0.006987856601796256
0.006220771099602834
0.005370638436801988
0.004493360555364504
0.0036792775427798375
0.0030542765976669804
0.002749645516675086
0.002826315212675263
0.003193076550522887
0.0036564503832333638
0.00408935316433494
0.004458340057589716
0.004800688081503131
0.005159973010801206
0.005474076181142503
0.005712060836000377
0.00588291450161721
0.005952490104212239
0.005919388099439637
0.005806862210436149
0.0056424502859100095
0.005507526995556069
0.00546328085742513
0.00555201715166581
0.0057381422615382345
0.005947792492477627
0.00606188979091217
0.006000188887051858
0.00579713532907232
0.005447917888838788
0.004956213492982885
0.004392921855115084
0.0038577003563802967
0.003509056892925971
0.0034659912677852756
0.0036944772315916927
0.004129873377634201
0.004681576079208007
0.005291062550640738
0.00590422535952569
0.006502893351221171
0.0071383805613566675
0.007846595785329643
0.008576476126987215
0.009236592727975808
0.009791424732377546
0.010156866035372431
0.0102176696109672
0.009946452180623771
0.009322401900899271
0.008353659403693465
0.007195823780799878
0.006168041859802955
0.005720465024488999
0.006096319600611632
0.007086184978473807
0.008300904599709296
0.009459825072933744
0.010303297183856803
0.010686452350057659
0.010509335306397315
0.009730380481897382
0.008531521346260718
0.007086014574135235
0.005608318672308432
0.004542387634762706
0.004317907249812676
0.004930112540278638
0.005923056835766575
0.006849887309570089
0.0074091056198169625
0.0075064822664055375
0.007157135169313366
0.006524167239655167
0.005792532571820606
0.00515613421918017
0.0048714613206457605
0.004899534445831811
0.005010289443168251
0.004916096293316148
0.004463536139360846
0.003654980566290773
0.002583747087048187
0.0018169012550107498
0.002578686492469621
0.0043358109866841734
0.00630128798993702
0.008091719362837972
0.009517608057192015
0.010403083409058241
0.01068237365142096
0.010395505938489919
0.0096044307722101
0.00843233208735999
0.007052113080016054
0.005614105171635626
0.004224328959152499
0.0031263713212083375
0.0028098583292806255
0.0035317533835124426
0.004764310734093942
0.006146971100763005
0.007567309241363529
0.008926989501264674
0.01010365456388255
0.011106273075388149
0.011936310860368471
0.012430636083605832
0.012481711314655112
0.012076154583348033
0.011317903647665222
0.010330700398032
0.009085904592057801
0.007661179443890996
0.006326339984669717
0.005359699656312885
0.0050387145465920396
0.00539529591411526
0.005969488124045534
0.006480499778134753
0.006872309632096368
0.006964287625247596
0.006836263773630372
0.0066950861387193375
0.0066827206929493494
0.007022681679840241
0.007548665938015423
0.00794696981839242
0.008125732339206375
0.008039395567102819
0.007722468316442884
0.007265589504220377
0.006636293144717682
0.005891840040318015
0.0053730638631427
0.0053165274030702635
0.005740592074263891
0.0064411728812994755
0.007187076656289561
0.00779691282109217
0.008200499790870128
0.008335173867541316
0.008276674230198474
0.008181800818132608
0.008302065429040625
0.008864249080668112
0.00965257436127334
0.01054228098477623
0.011333290795332475
0.011808304439922184
0.01203758890746207
0.011971850878504239
0.011577030175008702
0.010958075184578513
0.01025415352207487
0.009435939541528158
0.008424423878230006
0.007322897604043539
0.006157910605349373
0.005009974907331113
0.004295325845546741
0.004508951352593028
0.005740863734912934
0.007592787867846697
0.00967829118300563
0.011777088136556417
0.013790967973266231
0.015647722607869303
0.01722315275736379
0.018379594947138558
0.01910759253188211
0.019450978285325896
0.019474537137856185
0.019275227541610096
0.018673770691920756
0.017726415761080902
0.016546706893440948
0.015025900247914083
0.013305614363141484
0.01142704262373039
0.009582955027673357
0.007982480563224089
0.006534257706426222
0.0051460631024354275
0.003952057696829106
0.00338309306745703
0.003969080724546108
0.005152643935175632
0.006366949053626091
0.00733469089723216
0.008068911475391592
0.008577299864841008
0.008971134329305044
0.009282265940564081
0.009394117112196572
0.009196565209550034
0.008695161582496535
0.007984972428567577
0.007251467968452192
0.006841536652006195
0.007107741264936947
0.008137008489047751
0.009656652386867708
0.011324946369132779
0.012842977618813875
0.013987571975390066
0.01492235645662475
0.015979210325615896
0.017300236140049424
0.018753591721242788
0.020019763427771654
0.021139555574082168
0.02208791159228161
0.02262289995964079
0.02259027873040852
0.021979145821136532
0.020888036286112778
0.019504221151736018
0.017912324166317807
0.01591077567768402
0.013543316649738759
0.010920164079423571
0.008062337408087447
0.005096642044868089
0.002441697052894393
0.0022079959310095233
0.00484790834271512
0.007974524108042204
0.011137848009083752
0.014026201032491971
0.01637032794365863
0.018129122648963162
0.019475372020855242
0.02047899779419891
0.0211989399196366
0.021855949959236145
0.022513175448433214
0.02321333731121732
0.02394762856136097
0.024952505675155053
0.026754907587274886
0.029145891265926604
0.031168429690589416
0.03228042628011896
0.03256533847246851
0.0320412511202645
0.030548897505706028
0.028061456415954773
0.024810799226329918
0.02084302083822096
0.016564008759774453
0.012474273294513444
0.009281074034336912
0.007714731328824015
0.007992100737859642
0.009306653313252979
0.010707342831709703
0.011759640308468383
0.012133598202729906
0.011673754722936447
0.010448322786462405
0.008718231318010144
0.007282777908856994
0.007523467636776922
0.009580566065137904
0.01234929724004809
0.015153500311182599
0.01788244055921852
0.020558407238510167
0.023504923223316987
0.02676520159648915
0.030035835036705625
0.03268842614377316
0.03458770701056785
0.03584649926193638
0.036396808156028845
0.03591724459075606
0.03431779313013699
0.031925804772097666
0.028741871481138225
0.025110319064030138
0.021721699120962192
0.018566980621235955
0.015549618751141126
0.012496109268934281
0.009175656173357895
0.005622643191365529
0.004232625421527419
0.007613132488157533
0.012124024927148052
0.01612045391866095
0.019297687333907534
0.021472567797735733
0.022701263896037625
0.0232125013443733
0.02302761574055583
0.02213834050315851
0.02076275118875534
0.019457699719009486
0.018829759374484598
0.019746234835550304
0.02289812425744266
0.027782946828033145
0.03330485533669907
0.03886971577493306
0.04407067516145156
0.0482670363658404
0.05100748989468545
0.052320816569932684
0.051931446698739156
0.04977738419991765
0.046082890995487145
0.041078322029175524
0.03545180203989178
0.02968345249927015
0.024407406971939855
0.020767803069795168
0.019338356665588186
0.019301346262315774
0.01934330269164908
0.01875625499863676
0.0170748003510919
0.013867729577271832
0.009410721729801843
0.004768097056998962
0.005826045064720862
0.011794121626983284
0.01742791921738332
0.02165868262223627
0.02429833780607333
0.0253078832424583
0.02463569047967778
0.02283228284748472
0.020738571314908312
0.019873565959026094
0.022019073153149736
0.026706575743996326
0.03191809699000587
0.03651092430703392
0.039799377971148214
0.04153634158514984
0.04188980285087947
0.041117506709737156
0.039093144384824266
0.03587193574734832
0.031892697167760255
0.027395434873656577
0.02252375309118786
0.017700791984725666
0.013163037175439816
0.008856228788549421
0.00546858652988569
0.005560563853719182
0.008933590284084213
0.013227727909935798
0.018076950905678093
0.023167898274716336
0.02788368769754659
0.03207977913182331
0.03580998289333545
0.03900482504474762
0.04128034499704544
0.042172407360002204
0.04190533150641622
0.040691355372834255
0.03949820422161027
0.03935672707414374
0.04090257914561326
0.04432605837543319
0.04841227553963123
0.05217249167042448
0.054571475834158764
0.05512354883934451
0.05409610153185436
0.05125623317990568
0.047189367923904935
0.0424341068243561
0.03761340538683372
0.03339788672471689
0.029723887915222978
0.026441971081481674
0.022974224290521473
0.018939774832796557
0.014117259065373021
0.00961676092767621
0.009874802151213714
0.01659858158554536
0.025724261612602103
0.03533307055480519
0.044686439269593044
0.053798831687799406
0.062091640967958016
0.06804727631372404
0.07198027691678414
0.07404951234716867
0.07453293585815088
0.07427097764673864
0.07350566118992766
0.07223619910245568
0.07054758926260951
0.06857258330639145
0.06624742085193847
0.06322746372247211
0.060243290153202
0.057567694849702915
0.054222123846892206
0.05017726707446948
0.04652979722706839
0.04288692485078485
0.03877339822608315
0.03399672913755984
0.02892789380863575
0.024004284839927358
0.019481781477774362
0.01581995021561785
0.013715324400568036
0.013457655916365377
0.0147481210271243
0.016803366287768243
0.019000067243954172
0.022143265048408196
0.02696811861900493
0.034227538134391014
0.044208455849511476
0.05635438227894345
0.07026154542839534
0.08442695098240884
0.09661524077115621
0.10688889791271271
0.11390488569739914
0.1165525254431893
0.11526980680064458
0.10963652670336256
0.10068337996356222
0.08869417961481879
0.0734797733511639
0.0570580787628578
0.04142951368885413
0.028782753045870534
0.021871249905885216
0.021679419276137864
0.02633629741573564
0.031296819449410256
0.03432668688417333
0.03503546087286426
0.033391109939517084
0.029972743303762855
0.025768240902421025
0.022680011180361493
0.023633009716339293
0.03037194797885036
0.04230137567013349
0.05716090581531534
0.0722597347753321
0.08611880777617795
0.09819674222653867
0.10724193934726252
0.11360553741764985
0.11756738290156757
0.1191722518383811
0.11884677397556531
0.11810500864156925
0.11834101768930429
0.11789701580254922
0.11601952511348326
0.1135456379134118
0.10989375861688029
0.10365540519244958
0.09375735069535884
0.08085994046127748
0.06627667581243692
0.0500260696330661
0.03381988392773153
0.02247682869357386
0.020460881270629495
0.02455857592176252
0.02871407006623574
0.031671908167806524
0.03399414381239998
0.036519415343099014
0.04118470223962423
0.04817109399347562
0.05528379817988439
0.061978498030333944
0.0684380372301491
0.07465306897413497
0.08103556011248009
0.08836455482953794
0.0975470822793035
0.10864969703784517
0.12049499130639767
0.13184782552367955
0.14096304381084646
0.14745448493450533
0.1516800333892637
0.15236491179057166
0.14864723249381614
0.1424002110563675
0.13504401155450194
0.1260044848029154
0.11682493257123899
0.10871038372458774
0.10137291915841685
0.09464168022485428
0.08759337861156644
0.08002288834882386
0.07194700491050433
0.0643542759341162
0.056533660729621335
0.04711195501056732
0.03588602710471426
0.022997217513089554
0.009415939547596421
0.01665312389243761
0.035633249000265585
0.05478932323627085
0.07208915223330678
0.08548391227738969
0.09403827849946081
0.09896999027484389
0.10212544326017288
0.10557555404415465
0.11321231034596359
0.12635383301302874
0.1438952601859854
0.16250252314656916
0.17918288898001236
0.1919878666246423
0.19813385692456176
0.19699931988637218
0.1901740611378583
0.17809217412641978
0.1633261121540945
0.14762427566894376
0.1337913505367845
0.12797878762355333
0.12908396353447663
0.13325798632738264
0.13656545035751494
0.13542936449319498
0.1288438042171709
0.11764154802707999
0.10402307009386583
0.09322011813590993
0.08980644762417248
0.09629734990873191
0.11070289243199599
0.12799000581482495
0.1433193405695694
0.15149063799659715
0.15215698530285035
0.14690167391400777
0.13884687512427066
0.13361302702248443
0.1357206583220277
0.1490360275080081
0.17019756505620628
0.19088833801510102
0.20843051354976405
0.22078750952018927
0.2242607626796555
0.21991402898664428
0.2082274034348862
0.18809032928028024
0.16213838112942577
0.1341686985397604
0.10538228576760682
0.07802121438344442
0.05643027149188573
0.04346238009567478
0.041062662166911006
0.04584301108980365
0.05210006711266862
0.05700418010066151
0.05830953015438511
0.055799728439217225
0.04968000000927166
0.04260708630522079
0.04215475028215306
0.057721042932586474
0.08313496966660332
0.11024462789793664
0.13382939617742645
0.1510522111255654
0.1634527152349492
0.17594568611729108
0.19367042640605384
0.22094901233026815
0.25641131472217765
0.29362733831469195
0.32441641555807327
0.3467577831541568
0.35856233555699946
0.35656371173884643
0.3390614173009819
0.30584731949847177
0.2593940865389507
0.2057828829912697
0.1509317350372762
0.10533421969909117
0.08633525938497388
0.10033961493941969
0.1250597846763828
0.14731849100129374
0.1634529666381989
0.17366319371232397
0.18087463613477428
0.18534434995778648
0.18792018243806213
0.19404287251740535
0.20523677745369723
0.22026860032350434
0.24046779984919298
0.26751335439397284
0.3002032608518043
0.333791072854044
0.36625642705745093
0.3916088563199607
0.40516281115166475
0.4091175651461881
0.4066906353032728
0.3955889764274856
0.3767281236653096
0.3618956707909469
0.3486246157267662
0.32790443225059424
0.2976216456797664
0.25932916377067566
0.21315447780732324
0.16118229307138754
0.10843820584014108
0.06031117889289054
0.03082246434671649
0.04840377166112604
0.07543983025032544
0.09498945920948268
0.10457593825422652
0.10669324123548134
0.10802072707906822
0.12099708926966811
0.14978121992460142
0.18694021560375804
0.22285652513833823
0.24763832499070212
0.259748972864012
0.25778598071233877
0.24389504977466323
0.22772535033450336
0.22123182588753063
0.23543473719398136
0.2737758891326053
0.32562446207941026
0.3769921430641045
0.4182862110351097
0.44424983597777784
0.45364001143376975
0.450968615951683
0.43947738440940265
0.4282233862098589
0.423611206015661
0.42396296962326047
0.43026621128826825
0.4326282897018926
0.4226761740509615
0.40004664519801325
0.3635192950730611
0.31728146651748607
0.27207659667024287
0.2412595006613145
0.22968858279289178
0.2345861958111095
0.2490608774202352
0.2668015590283005
0.27516606259464493
0.2788479236456176
0.2978651212686217
0.3403730227779423
0.4015019550671514
0.46873283945512484
0.5231956413324236
0.5493012048506454
0.553185840575753
0.5393903051494883
0.5036199475364993
0.44955924057782565
0.3940382047730601
0.3420330077350854
0.3033558033560064
0.28963055568505897
0.28923337562873136
0.29078223371206446
0.2923892026845695
0.29558646192016635
0.3013830763439951
0.3094149528761453
0.3119459656188077
0.30133797362679393
0.27873643557727856
0.2468421463139872
0.2094610380288286
0.1729776115370091
0.14001878183666852
0.1160833188742511
0.1210456285440357
0.16227411298223154
0.22128353840533838
0.27902821675624734
0.3231012284549106
0.3454754376084193
0.3465730070577242
0.33146789891665296
0.3046058101745327
0.271452682376471
0.2403911335198355
0.23721135450997077
0.2753301683672354
0.3378706984186957
0.40369363554952714
0.461644542995033
0.5084977375591756
0.5458940150738082
0.5625938419658841
0.5647708988017324
0.5465106189393965
0.50156695564419
0.4429105460697275
0.3824607774930658
0.32746854967611144
0.2721911865642673
0.22860780669349548
0.23297302773742476
0.2787736409515363
0.3337937604718985
0.384326787950548
0.41993323421470147
0.4414873558257749
0.4561242588410397
0.46478455805759367
0.47124920977671964
0.4799857749527411
0.4983172098661869
0.5336481552606084
0.5891977245335638
0.6546723442861112
0.7132148626928292
0.7736590045400545
0.831636509215957
0.8626501460451904
0.8567785109513819
0.8269495589103746
0.7897730656742281
0.754201780692333
0.729066863198455
0.7071974433711563
0.6832844635277942
0.668907648243083
0.6789669982414782
0.7072180930938272
0.7430974288840078
0.7874520726772085
0.8122652091574413
0.8070123597862663
0.7680827233838782
0.6860274448084883
0.5761237557166398
0.4791483384359659
0.5525141058664145
0.8407699332271327
1.2056439029901573
1.5667472235604962
1.858773689249079
2.0418356367107946
2.117899098890831
2.0794841014989336
1.9523687954578015
1.7383342459268802
1.4572244126230645
1.183394868906133
0.9469132020041392
0.7680721754870972
0.7041256239256977
0.754227157810071
0.8523358731564312
0.9616977146676462
1.061205244750028
1.1539683425703262
1.2277296751646234
1.254686585420718
1.245093116941858
1.2174381618362855
1.1863341471156064
1.135198489588745
1.0775736245864167
1.0278326238061744
0.98732405989026
0.9475374801268556
0.9005666719767355
0.8754877334858516
0.8681052476041846
0.8674886179450321
0.9244203755529823