1.
0.990046632965
0.9607263859369999
0.9136225170019999
0.8512312131312001
0.7767523806024
0.6938485678641999
0.6063589191678
0.5180290031979999
0.43225990379479995
0.35191116449160004
0.27916338871479995
0.2154560420158
0.16149029043680002
0.1172975643796
0.0823525374058
0.0557166091522
0.03619295274
0.022474113662399996
0.0132692145176
0.007401388968400001
0.0038699801835999996
0.0018794952742000003
0.0008391066572
0.00034094283879999995
0.00012545627400000002
0.0000423477594
0.0000138930714
5.059945e-6
2.4806375999999996e-6
1.8071484e-6
1.6590768e-6
1.5494694e-6
1.534598e-6
2.2933218000000004e-6
5.7458804e-6
0.0000176859406
0.0000547700584
0.00015836118760000003
0.00041692528000000003
0.0009968824986
0.0021796909284
0.004400136063600001
0.008279002001799998
0.014641151129400001
0.0245116541388
0.0390802526678
0.0596345503994
0.0874569016904
0.1236943425656
0.169210423529
0.22443141294240002
0.28921014270659995
0.3627199725118
0.4434005534453999
0.5289625456608
0.6164669740536002
0.702471913738
0.7832392537938
0.8549857573076001
0.9141588129592
0.9577100270829998
0.9833316531515999
0.9896484376872001
0.9763263137272
0.9441031482386
0.8947224199214
0.8307920417127999
0.7555770912086001
0.6727398178216001
0.5860690124218
0.4992064529436
0.41541209797439993
0.33738233549920005
0.267127936775
0.20592271991379998
0.1543239714182
0.11225109940859998
0.07910186593120001
0.053899358025199996
0.0354436797028
0.022454108521199997
0.013688743716399998
0.0080314616364
0.004546486157
0.0024995839126000004
0.0013520096196
0.0007351149276
0.00041477701900000005
0.000253415319
0.0001756526314
0.000141731657
0.00013002217919999998
0.0001275298956
0.0001262422282
0.0001226671194
0.00011811978740000002
0.00011885702800000001
0.00013618168580000002
0.00018837423239999998
0.0003068638316
0.0005493515374
0.0010212737546
0.0019055545422
0.0034982414542000006
0.0062447705906
0.0107697541634
0.0178917212042
0.0286162671468
0.0440979125012
0.0655698539174
0.09424124146120001
0.1311681750532
0.1771081620208
0.23237571524259998
0.2967148946388
0.369202657742
0.4482091155488
0.5314101419458
0.6158772270574
0.6982302104894
0.774845475652
0.8421019266234001
0.8966481195882002
0.9356670222671999
0.9570968705131999
0.959801199634
0.9436530821258
0.9095493557356
0.8593364052729999
0.79565839891
0.7217448801096
0.6411526186876001
0.5575084041474001
0.47425098324619996
0.3944117083378
0.320450842048
0.254162458459
0.1966315686418
0.1482682908424
0.10889527604480001
0.0778661079508
0.0542083940024
0.036768449955000004
0.0243426599972
0.0157853431774
0.01008420246
0.006402014288000001
0.0040892326478
0.0026727017048
0.001827546844
0.0013418289908
0.0010815806332000002
0.0009613254746
0.0009232648685999999
0.0009249659018000002
0.0009349699344000002
0.0009328513852
0.0009109048566000001
0.0008754817844
0.0008463073666
0.0008549391150000001
0.0009448059073999999
0.0011745853386
0.0016282865517999998
0.0024338035148
0.0037899312
0.005998653226400001
0.009498376367000001
0.014890924057999999
0.0229539735492
0.0346325119826
0.05099999407460001
0.0731895938654
0.1022942914658
0.13924670693040003
0.1846817506172
0.2387998546588
0.3012503647752
0.37104867977980005
0.44654613386279995
0.5254570981244
0.6049511410147999
0.6818016294293999
0.7525919692021998
0.8139590322168001
0.862839276115
0.8967087917692
0.9137755256578002
0.9131399456347999
0.8948715300452001
0.8599956162590001
0.8104037913061999
0.7486876112759999
0.677945036756
0.6015363075554
0.5228315774808
0.444977250108
0.37070914814320005
0.3022086940502
0.24101451416520003
0.188012173786
0.1434783581664
0.1071665087298
0.07842547867680001
0.0563319183194
0.0398252668798
0.027826432604199997
0.0193262762682
0.0134466861958
0.009470427242400001
0.0068441685178
0.0051621250094
0.004137365963
0.0035687243962
0.0033107721894
0.0032517469064
0.0033001081949999996
0.0033798556544000005
0.0034326648946
0.0034218477544000004
0.0033370017238000004
0.0031955123522000002
0.0030411552043999998
0.0029393399252
0.0029736902714
0.0032447221652
0.0038751698096000002
0.005023336691600001
0.0069050132946
0.009821370000200001
0.0141893816378
0.020564194741199998
0.029651599086000003
0.0422991432526
0.0594580744468
0.08212215653980001
0.11123507741760001
0.1475783936894
0.19164461572
0.2435182971532
0.3027748417918
0.3684073256954
0.4388062453436
0.5117915112262001
0.5847126162946001
0.6545843329297999
0.7182780535835999
0.7727603362482001
0.8153113538378
0.8437329166462
0.8565335966988
0.8530655391224
0.8335583009138
0.7990964033140001
0.7515325247668
0.6933308981491999
0.6273749671364
0.5567417645278001
0.48447178099579985
0.41336911440639995
0.34583181695700005
0.2837257302074
0.228336609879
0.18035978131740002
0.13995659076220002
0.1068476865692
0.0804169248222
0.059835223571000004
0.044181822399599995
0.0325384964186
0.024060753982999998
0.0180230123714
0.013835177632000002
0.0110395199312
0.0092889911526
0.008318944043999998
0.007918627161599998
0.0079092843452
0.008131669325
0.008442439567800001
0.0087185426166
0.008866380520200001
0.0088303346942
0.008600891277200002
0.0082156084414
0.007754242488
0.007332230596
0.0070910657212000005
0.0071906508912
0.007805751665000001
0.0091340610912
0.0114127473912
0.0149391149218
0.020095856073400004
0.0273726761362
0.037379043961999994
0.0508357859742
0.06854353346880002
0.0913279376786
0.119957937454
0.1550448532824
0.1969357395214
0.24560982982219998
0.30058316659719997
0.36086153743280003
0.42492697825279996
0.4907579884564
0.5559364987616001
0.6177870138890001
0.6735345715318
0.7205220514182
0.7564161939310001
0.7793909128562
0.7882489878103999
0.7825486973176
0.7626580391955999
0.7296762121711999
0.6853539829812
0.6319630118562001
0.572095063034
0.508479491621
0.4437836262776
0.38041063066220004
0.3203888231266
0.26526355493320003
0.21606807679439996
0.1733366095838
0.1371542781034
0.10725270778439999
0.0831000145976
0.0640054094556
0.0492154078622
0.0379919585544
0.0296735175254
0.0236946303884
0.019590624784599997
0.0169841730948
0.0155637595376
0.0150596466398
0.015224078508200001
0.0158196501302
0.0166171804484
0.0174038718052
0.017997347135199997
0.018263351015000002
0.0181301700948
0.0175968671952
0.0167335422644
0.0156762924674
0.014609857149800001
0.0137509993634
0.013336607322400001
0.0136118064254
0.0148286773014
0.0172529427296
0.0211800740314
0.026954729488199998
0.03499235161340001
0.0457859403906
0.059902285993399994
0.077966495671
0.1006136432166
0.1284160673482
0.16180315581620003
0.2009701029706
0.2457962554176
0.29576591705739996
0.3499227660938001
0.40687419312879997
0.464821340088
0.521629860428
0.5749693012588
0.6224750042414
0.6618963783016
0.69128580113
0.709156924201
0.7146145340196001
0.7074124702608
0.687980690913
0.6573762202843999
0.6171975642644001
0.5694841027817998
0.516489580843
0.460527706824
0.4038418143326
0.348455950286
0.2960387787632
0.247836644642
0.2046703824544
0.16696203829880002
0.1347641353296
0.10785210277599999
0.08581797984280001
0.06813713136340001
0.0542481162268
0.043616610256
0.035761219142800005
0.0302571049132
0.026739397509400003
0.0248824306266
0.024377718268
0.024919789605799998
0.026192562149400002
0.027870733015600002
0.0296317232638
0.031175246512599997
0.032247128915800005
0.032665330628
0.032339588612
0.031287635747200004
0.0296283139698
0.027566765522799998
0.025379875506800004
0.0233900961572
0.021937253051399996
0.021353958539
0.021959874456200002
0.024062243973199997
0.027958226409600002
0.0339564947816
0.0423927155562
0.053641379641800005
0.06811403463820001
0.0862516501042
0.10848567115260002
0.1351779538108
0.166575126951
0.2027292418882
0.24342160802399998
0.2881115145284
0.3359108406752
0.3855680147942
0.43550868452260005
0.4839248194494
0.5288576394546001
0.5683343751506001
0.6005245302936
0.6238810750314
0.6372601588468001
0.6400206173581999
0.6320468405886001
0.6137828923138
0.5862190283832
0.5507413985622
0.5090666046344
0.46311521735819994
0.41482988370900004
0.36603990142
0.3183549777302
0.2731175487504
0.23134793410299997
0.1937164988458
0.16055241106680002
0.1319236971244
0.10771146121000001
0.0876551694176
0.0714244380148
0.0586604409948
0.049003186447199996
0.0421227101948
0.037710305604
0.0354616419772
0.0350531699194
0.036136900714600004
0.03833678023639999
0.0412355227644
0.04439468215400001
0.047387961838799994
0.04982656284159999
0.051386572009
0.0518505090206
0.051130031195399994
0.0492690602122
0.046444318043
0.042957644106599996
0.039187724960799995
0.0355678594054
0.0325501968656
0.0305626184036
0.030003770936599995
0.0312313432432
0.034564832998
0.040282609232600006
0.0486458715866
0.0599110093382
0.074338152228
0.09219170245719999
0.1137119290276
0.1390724703026
0.1683583387048
0.20149715437340002
0.23817488703560002
0.2778448343782
0.3196809524324
0.36254622862740005
0.40508594697199996
0.44581690089480003
0.483152360318
0.515462995776
0.5413001552350001
0.5594836055576
0.5691572183514
0.5698891874886
0.5616559380152001
0.5449158767905999
0.5205412827556
0.4897211663756
0.45389799796620006
0.4146286031378
0.37345873255000006
0.33184940325839996
0.29108252991879996
0.25221434633039996
0.21605968547180004
0.18315377828779997
0.1538309587446
0.1282378147182
0.10636745651120001
0.0881288105156
0.0733607347194
0.0619013224672
0.05357753963300001
0.04817914699660001
0.045463546699200004
0.0451514398116
0.0468992244864
0.05027886313
0.0547902637284
0.05987767298940001
0.0649688858986
0.06952163545999998
0.07304800843459999
0.0751468751638
0.075564414477
0.0742226281504
0.07122332024719999
0.0668276108348
0.06143531560459999
0.05554725368959999
0.0497244030016
0.044545475815200006
0.0405621237016
0.038277963210799994
0.038111470669199995
0.0403956358874
0.0454022338148
0.05333711682440001
0.06434952868480001
0.07855776012520001
0.09604497708819999
0.11686119231079999
0.1409889817944
0.16830683977900002
0.1985995599926
0.23151968170200005
0.2664955029858
0.30273475208260003
0.33929758057859993
0.37508643589720003
0.4088636773308
0.4393268920544001
0.4652670225950001
0.4856055269815999
0.499431286043
0.5061540686338001
0.5055000665986
0.4975080810762
0.48256665234479995
0.46142645920920006
0.435087128681
0.4046689961522
0.3713662910474
0.33638583221679996
0.30086966314479996
0.2658448876444
0.2321579165992
0.2004869263336
0.17136403800140002
0.14512757214939997
0.12199920321819999
0.10212550933919999
0.0855904389932
0.07243055220879999
0.06264092844240002
0.056168129948199995
0.0528850017592
0.0525754116268
0.0549241083706
0.0594990614278
0.06574832114300001
0.0730432619028
0.0807054250792
0.0880128698954
0.0942863413114
0.0989309528848
0.1014638798152
0.1016105084588
0.09933465804720001
0.09480472739740001
0.0883849346026
0.08060278504839999
0.07210915808
0.06362517104899999
0.055872871575799996
0.0495357959956
0.0452189396426
0.0434222322446
0.0445120155236
0.048725371041200005
0.0561924452044
0.0669380146518
0.0809410708448
0.098124592704
0.11830778685839997
0.141284402263
0.1667974251798
0.19447917097339998
0.22388861638019994
0.2544945976818
0.2855946458772
0.3163650201832
0.34594689124860006
0.373419119467
0.3977973812026
0.41817755322119987
0.4337717388192
0.4439965529476
0.44846367049060004
0.44700980619499997
0.43974932130960004
0.427012546746
0.40932068945700006
0.38734668744940004
0.3619559167034
0.3340533925814
0.3045027194994
0.27416003574079995
0.2438455861134
0.21429222800480002
0.18608842745820003
0.1597582431512
0.13572910891860002
0.11438496260099998
0.0960618472028
0.0809716234268
0.0693227366192
0.061307418822600004
0.056984782123799996
0.05627118034419999
0.058943469211800006
0.06458450031219999
0.072620613286
0.08237216816239999
0.0930459925604
0.10376372623039998
0.11363445744959999
0.12182733099700001
0.12764533350520002
0.1305737193702
0.1303328772738
0.12691874720699997
0.12060410408239997
0.1118706955338
0.10137032950679999
0.0899138528744
0.07837166844460002
0.0676166844086
0.058460941411
0.05161994770199999
0.04765695429019999
0.0469755469622
0.049819919379799994
0.05628618750479999
0.0663268239392
0.07977372069040001
0.09638082012020001
0.11584279953059999
0.1378016331944
0.1618438753396
0.18753185622840002
0.2143665669294
0.2417907936684
0.2691904106606
0.2958347678202
0.32096909116280004
0.3439058088756
0.3639181898314
0.3802978226234
0.39251359410340003
0.4001027655636
0.40281150313579994
0.4005796452178
0.39348696385779997
0.3818430776344
0.3660532848684
0.3465913042348
0.32405220484439995
0.2992202400122
0.272859691644
0.24564687862579998
0.2182910677636
0.191478480912
0.1657450820954
0.1416914795288
0.11988153429699999
0.1007934142166
0.08486864743820001
0.0724762267558
0.0638637526734
0.059190738115999994
0.05850063094439999
0.06165315876559999
0.06837802826600001
0.07812946979780003
0.09018530585939999
0.1037394525102
0.1178345508666
0.1314237443082
0.1435074106154
0.15319512852
0.15971530746339999
0.162525970289
0.16136940960280002
0.156365775045
0.14787281044439998
0.136483106792
0.12296089223239999
0.1081865732816
0.09318928009860002
0.079008137081
0.066588249436
0.056747100846
0.050159388898
0.04723610653
0.048252040292000004
0.05332168135899999
0.0623374188386
0.07510724642120001
0.09129261672519999
0.1104396107948
0.1320155132098
0.1554624260318
0.180248117588
0.20576802691619997
0.231412103216
0.25649571466060006
0.280316130968
0.30229000545720003
0.32180240936619997
0.33829396370439996
0.35136582662899996
0.3606772326014
0.3658510015568
0.3666804407301999
0.36314849616499995
0.3554462485644
0.3439237729326
0.32896190837960004
0.310985325777
0.2905158525516
0.2681893237432
0.2445594174666
0.22017414164819998
0.1955577955498
0.17127174774399997
0.14791937098139998
0.1260321644736
0.1062109497594
0.0890512510706
0.07499650470260001
0.064427504516
0.0577219287112
0.055169625883000006
0.056833029258799996
0.0625725101266
0.07203494793260001
0.08462286796780001
0.0994821039902
0.11561897205300001
0.1320450981666
0.1476700894936
0.1613868650638
0.1722813083326
0.17951819980479997
0.18247057894959998
0.1809515991542
0.1750250155752
0.165015095041
0.1515597376928
0.13554035945860005
0.11800399727839998
0.100075484915
0.082912018686
0.0676457815602
0.05528186638
0.0465981799086
0.042137398090800006
0.0422183420798
0.046922401481200006
0.0561142122056
0.06941743756199999
0.0862898070426
0.1061386721144
0.1282954195314
0.15209491130539998
0.1769115034706
0.20200939340859997
0.2266180909674
0.25015647937459995
0.2721298297998
0.2919852331908
0.30927393882560006
0.32365602536980004
0.3346997105246
0.3420404534286
0.34553791771780007
0.3452977728634
0.341303420344
0.33364721506980005
0.3226177433056
0.30849784538079994
0.29157194580020007
0.27220931393259995
0.2508463348648
0.2277678310242
0.20358123681419998
0.1790885211742
0.1549286346218
0.131736489864
0.11017612049580001
0.0908779605336
0.0745132980986
0.06173769241220001
0.053002555528600004
0.0486463283838
0.048895374284
0.05375569137280001
0.0629541308444
0.07602552480580001
0.0922003156288
0.1103994098022
0.1295590894576
0.1485157491512
0.1660123324092
0.1809622780876
0.19243838828860002
0.199667856245
0.20189593843220002
0.1988805473398
0.19088169344519995
0.17839908823779999
0.1622494692688
0.1435044674024
0.12327118834239999
0.1026900179286
0.08300319090859998
0.0653391830062
0.05077468520239999
0.040160655805
0.03401984968939999
0.0326743407162
0.036191557922999995
0.0444495752322
0.0570676609548
0.07348708398779999
0.0930377169936
0.1149898056044
0.1385654478
0.1631066078442
0.1879321203452
0.21232715231780003
0.235708232706
0.25740934463619997
0.27685822968519996
0.29347743140220006
0.3069749070432001
0.31718560661600004
0.32393111471759994
0.3272750029896
0.3270605154692
0.32316598132100005
0.3157689637632
0.3048997741138
0.2908276419032
0.2739786333692
0.2545439015686
0.23296985905399997
0.2097192146226
0.185367242723
0.1607915227542
0.13677932239880003
0.1139703781486
0.093155285931
0.07512031780219999
0.060489521025000006
0.0497842434828
0.04361666546580001
0.042412090056999995
0.0461999672832
0.0547392521266
0.06768211109379998
0.0844661849368
0.1041027007592
0.1253558990878
0.1470387417808
0.16774021837699998
0.1860795258428
0.20101623188359996
0.21149911923000003
0.2169800484608
0.21726735218
0.21232282964580004
0.20232159171479996
0.18787981975259999
0.16983003381219997
0.149187568153
0.12727236054919996
0.10518464512720001
0.08414014860819999
0.06540972240599999
0.0499971037518
0.038679029536
0.0320059031892
0.030212920889600002
0.0333179235298
0.041111047601200004
0.053193325042600006
0.06893334953420001
0.08756682739760001
0.10842633684880003
0.1308588740402
0.1540859043302
0.17726563792940003
0.19952092405959995
0.2202083852002
0.2388923995526
0.25523781125480005
0.268984069266
0.27993312101760004
0.287833313404
0.292552587746
0.29418016578100004
0.29242815004080003
0.28713028359899995
0.278810748682
0.2677581173896
0.25422913078720005
0.23858175000719997
0.22088608950680003
0.2013469558146
0.18037259789760002
0.15832029360679997
0.13583501117979999
0.1137281586238
0.09282353142480002
0.0738769515524
0.05752768416659999
0.0445485066716
0.0357777304126
0.031879476590200004
0.0332705905658
0.040097673568799994
0.0522981933644
0.06944051851340001
0.09063495733520001
0.1148637566086
0.1409472344902
0.16752490438919998
0.1929789142802
0.2157802664928
0.23449243869200004
0.24799232905939994
0.2553904206984
0.2562182742776
0.2505155362466
0.23874933830099998
0.22177230193000003
0.20066317388379998
0.17651705953600003
0.1505281402928
0.12424768857779997
0.0992060097634
0.07655111052279999
0.0572690650786
0.042294186543799996
0.032292573251399996
0.0275623334454
0.028005983788400003
0.033349972421799996
0.04329029471800001
0.057221003227
0.07449395322019998
0.09435325468719999
0.115988337583
0.1387347212244
0.16175923322219998
0.18418158623399997
0.20539275815940003
0.2248568775242
0.24205234181219998
0.25644301421859994
0.2675255951166
0.2753228191244
0.27981926510380006
0.280731315829
0.27800559346180004
0.27180922637419996
0.2620904248464
0.24908718677379998
0.23360884937120002
0.21605177893040003
0.19664619903160002
0.1757801498388
0.1540629013394
0.13217311222560002
0.11064106707919999
0.0901061031162
0.071315480921
0.0551180940148
0.0420670840442
0.0326121760372
0.027254335937800002
0.0261871291344
0.029530778275000003
0.037592521599
0.050323118583
0.06737984099620001
0.08795491058419999
0.11101970676200001
0.13540698114059999
0.1598195774842
0.182955304205
0.2036347611134
0.22110732970639999
0.2345715470354
0.24254729817720003
0.24439642349840002
0.2399423733458
0.22977957966260001
0.21454310664339998
0.19474578781160004
0.171514363691
0.14600557151739998
0.11995204250920002
0.0947466744454
0.07087138586899999
0.049443889484600004
0.031845842246
0.0190885908858
0.0117400598872
0.010059329302600001
0.013896305345600001
0.0230023105576
0.0371887400252
0.055815175815600006
0.07779080962160001
0.10247357809120002
0.1293079143578
0.15749368763580002
0.1864668695178
0.2153041278666
0.24287779416320002
0.26801249868019994
0.28969540274000005
0.30754031276199995
0.3206948800656
0.32835122664360006
0.33014520888919996
0.3258220017666
0.31534898229560004
0.2991665546794
0.27817888163279997
0.25334298028400004
0.22556627722540004
0.1957524490922
0.16544819629420002
0.136008976386
0.10831588420980001
0.083208674758
0.0612334579808
0.0430063106066
0.0292115626446
0.0203395305072
0.016721064512
0.018256550539999996
0.024515574023
0.0348980632394
0.04894436918580001
0.0663717062234
0.08627751908580002
0.1076673185342
0.1297897852644
0.151598441062
0.17231062322940002
0.1912074059848
0.20762216439999998
0.2208932163608
0.2300124846914
0.2338941640962
0.23282230819419997
0.2273961798278
0.2168229007246
0.2012837822472
0.1822389349174
0.16048894772320002
0.1375972696678
0.114425510185
0.09174612558700002
0.0705556913486
0.05157215913259999
0.0354679894532
0.0228392500158
0.0140474358782
0.0096126458294
0.009972851049599999
0.015364684123800001
0.0256085893902
0.040185797042199996
0.0586237647538
0.08009100385699999
0.1039276527432
0.1296382109018
0.15675551359040002
0.184376996199
0.210991431765
0.2352108647042
0.25669161316079997
0.2749645473994
0.2886250934254
0.2964755887078
0.2984884750506
0.294624803666
0.2841207941092
0.26815309565620005
0.24786057005519999
0.22383887114280002
0.1976933186434
0.17026020566219996
0.1423375651334
0.11556579161359999
0.090733401972
0.06808456082099999
0.048698776712800006
0.033354473189
0.0226722618968
0.0172072865656
0.016855358188000002
0.0213006818678
0.030238846003800002
0.0436907457576
0.06097756564500001
0.0808703507858
0.1020072942842
0.12374026357880001
0.14562504587640002
0.1669597786448
0.18731060131680005
0.20544755234440001
0.2200562982858
0.2305207146562
0.23669568263239998
0.2376905277692
0.23259575437300004
0.22227540684779998
0.20801898328800003
0.1906686015316
0.17049346867299997
0.148461369096
0.1260548143174
0.1034589468052
0.081630495233
0.0628204471282
0.048356143329
0.038263974455999994
0.0324102838106
0.030924637757599995
0.0333130444476
0.038978950204
0.04785466703439999
0.059452726908000006
0.0727615486518
0.0879694789184
0.10515024633260002
0.12412585109799998
0.1449764877936
0.16716812391700003
0.1903636718422
0.213729603062
0.23695012902860002
0.25995097507500003
0.28096501143799996
0.29870320731360006
0.3127275484928
0.32186470779099996
0.3258404640528
0.32496899263
0.31773946000220005
0.3031707773132
0.2828260366206
0.257648865571
0.22759597154579997
0.1946113845116
0.1617187237296
0.13073211537299997
0.1032886702234
0.080896264464
0.06391196135959999
0.052279580420400006
0.046035793377
0.044799762746600004
0.047570268489400006
0.0536999869902
0.06219650379020001
0.07262517916359999
0.08526989835419999
0.09951819136199999
0.11500676670940002
0.1327706728856
0.1524678050962
0.17281058408
0.19359355601300005
0.214146600049
0.23379955927379997
0.25156286573819997
0.26518267516039995
0.27377298926
0.27697002127299997
0.2740702409052
0.26761795232060004
0.25962222297040005
0.25033254654360004
0.23838740373439998
0.2237453402468
0.208593924361
0.1932479806834
0.1776708444012
0.1606135923068
0.1417433422314
0.12278071992940001
0.10581767414759999
0.09279790197980001
0.08558641238640001
0.08500065531859999
0.092450318567
0.10952050608019999
0.13540393143440002
0.1680514300202
0.2040230881906
0.241503070518
0.27879869740139995
0.31361527296380004
0.34491900767679995
0.3737553733285999
0.3999258994102
0.41919543221359995
0.42907820138900005
0.43027627666160007
0.4222027139674
0.40501538099059997
0.3811875555274001
0.3512923764206
0.31505479162220007
0.274413290043
0.23281983251160004
0.19276718092859996
0.15478542632980002
0.12245742871139997
0.0975571558794
0.07953997878560001
0.0683035080144
0.06436539901360001
0.06665500938080002
0.07374050227
0.0852879194816
0.100018207612
0.11757748209060001
0.1379738926542
0.160166479782
0.1826988263416
0.20640863944099994
0.2310531857664
0.2556610996634
0.27945725724820003
0.3017342934764
0.32146477700160003
0.337664948253
0.3512490881636
0.36098616519759996
0.3626994581434
0.3555481297774
0.3419269257558
0.3227108106878
0.2968065932138
0.26463555651480003
0.22775997968040002
0.1883703853498
0.15071541660640003
0.1186342962368
0.095928534975
0.08409876187559999
0.08205164010200001
0.08918699653500001
0.10468917046
0.126637964301
0.152311526082
0.17880567158740002
0.20318096613720002
0.22707798375500002
0.2516484166488
0.2745665338058
0.2960484412879999
0.3165109009052
0.33799447667000004
0.3615957697966
0.38977153439979995
0.4206235432912
0.4484929974348001
0.4721268342968001
0.4917739263682
0.5018432605927999
0.49948228032860004
0.4885953741818
0.4680208115838001
0.4335984864114
0.3882343924722
0.33790432966640005
0.2825747805428
0.2257409410896
0.17235428233739997
0.1272388906454
0.09473292902320002
0.0764938178858
0.07174841044819999
0.0777567362346
0.091972352305
0.11284520018399999
0.1374919343078
0.16481002116320004
0.1914842380272
0.21585718656620007
0.23726314540079999
0.25430275887239995
0.2693675607471999
0.2849033977662
0.3038787377658
0.32740263069840003
0.35469113139339997
0.385368152078
0.41785749224260005
0.45045647896439994
0.4761227638454
0.48882088499519993
0.48743888767239996
0.47304089392060006
0.4518472308523999
0.4244944225726
0.39578478259379996
0.37113780562840004
0.3494375429251999
0.3305948083829999
0.3120550725
0.2943381423843999
0.27884039477620004
0.2642046192838
0.24980810772340006
0.23691347306160004
0.22924564154799998
0.22830273191440004
0.2358570829484
0.2513706996572
0.27493156518319994
0.3014711744304
0.3342424773972
0.3781893541761999
0.42960453657500003
0.484909807356
0.5448872924175999
0.6012073904776001
0.6456512655800002
0.6805730322834
0.7009361692744001
0.7043540552198
0.6902271644146001
0.6655646131667999
0.6337439352420001
0.5964103839274
0.5614500675386
0.5335598384162
0.5137485447744
0.49916769539940004
0.4865798283206
0.47572302263960003
0.4618340841487999
0.4398370555394
0.4118881786084
0.3797191526975999
0.3444379459282
0.3127248949358
0.2918195040314
0.28133051515779994
0.2797125860164
0.288129171764
0.30607188311879996
0.3358861074738
0.3787019434104
0.4269976236544
0.4675340881415999
0.4965592729949999
0.5208276488742
0.544875665687
0.5670532330742001
0.5814440628518
0.5887410392686
0.5926498412728001
0.5913901839476
0.5888358935004
0.5835890505249999
0.5743467032232
0.5600285744147999
0.5330528957540001
0.5015103764326
0.468207510484
0.43102554351820005
0.398155363587
0.3816365845258
0.3871746354516
0.4078032677821999
0.43650470926859997
0.4773499360492
0.5324034773366
0.5875962620644
0.6354375870164001
0.6700326004400001
0.6955933985626
0.7121050528816
0.7157398363744
0.7177826232214001
0.715415920918
0.7114888383601998
0.7191411642766
0.7376732320571999
0.7659031210881999
0.802577959818
0.8476308755164
0.9024658295632001
0.9511331717600001
0.9722571196837999
0.9668743363320003
0.9425464413154
0.9171974578542
0.9111103541325999
0.9233689505132
0.9522874615616
1.0034308466436002
1.0845907593752
1.1808694115112002
1.2792101480488
1.370322939009
1.4394412186410002
1.5002522715359998
1.5566103635136
1.603624155849
1.6445217918864
1.6688578847746
1.6907078862662002
1.7195521091882
1.7338420649537998
1.7380747514597998
1.7235924460674
1.7022896106844
1.6871895507460004
1.6713431435818003
1.6557001082664002
1.6286990336267997
1.5937194497438
1.5693516711202
1.5471765802956
1.5246976330182003
1.5005137223252003
1.466803657815
1.4309197703012
1.394531657245
1.3502354558622003
1.3064419243013998
1.25935393344
1.2074181093528
1.1684543587357998
1.1554357027138
1.1734977066994
1.2058549484939998
1.257931728265
1.3202132371914
1.3783991613942
1.4397646845388001
1.4883796950441996
1.5300555936408
1.5634912817326
1.5746498597824001
1.5782192321309998