0.
0.
8.765104726866946e-7
1.8964688672993984e-6
3.976550070284206e-6
5.614002183967762e-6
7.663697431908833e-6
0.000010073178726232778
0.000013355057384157185
9.56140897474446e-6
0.000012620169772292295
0.000015889378067249887
0.000017029187153967114
0.000020863662281157033
0.000015683624821472822
0.000011984621489560648
0.000011139704835277298
6.183370689668744e-6
2.9522993400509184e-6
1.9204636135224424e-6
8.595378031434727e-7
6.14532735010235e-7
3.74597616647776e-7
2.341475582325948e-7
1.0176664350609075e-7
6.159433318333685e-8
3.7905629829881086e-8
2.113059292116639e-8
1.3948492330714472e-8
1.3500180283981445e-8
1.3956536844790909e-8
1.4441059178605937e-8
1.543190157433614e-8
1.526096197164531e-8
1.4791970345427325e-8
1.8790883840310148e-8
4.720685887453416e-8
1.1472296597804474e-7
2.3188641052203982e-7
3.884719943474327e-7
5.654299409645501e-7
7.901748949139073e-7
1.010545772736086e-6
1.316246205585791e-6
2.811024637287838e-6
4.878840890590176e-6
7.986934038166459e-6
0.000013327399335196698
0.000014965409502711412
0.000018935749997534605
0.000013741176706351252
0.000024904231615149437
0.00005564425922866881
0.00004708713818082393
0.00008592608398922016
0.00010185803115683459
0.00012933686378019195
0.00012049408653966842
0.0001533478294837987
0.00018859060494186256
0.00019503615097390487
0.00023455700344202454
0.00024662227476395453
0.00026752979240521975
0.000283075896672427
0.0002872756524038633
0.0002593211329033964
0.0002459818537761498
0.0002342657824555482
0.00021871161055339068
0.00015109922701854594
0.000128962904743962
0.00011219710239654947
0.00012507711641834002
0.00010647067094776775
0.0000988935361589222
0.00007725195971734837
0.00005240418882082671
0.000038922994964650055
0.000027116638401824635
0.000017242818275423425
0.000012070282466488621
7.103983351341399e-6
3.8622347526773755e-6
2.6573553215118914e-6
1.877420896401084e-6
1.4438070102896803e-6
1.1452483093313206e-6
8.177856382437833e-7
6.776188499907171e-7
6.37049527421298e-7
5.596434409629039e-7
4.891299809813216e-7
3.9833449694106853e-7
3.397166092782216e-7
2.8385043850294004e-7
2.5632240015710707e-7
2.805434788830443e-7
4.2390455651443576e-7
6.69538940495475e-7
1.0378984895750117e-6
1.4520339322923575e-6
1.9397561012706515e-6
2.495397365370405e-6
3.1292530933305066e-6
3.5586972883372316e-6
3.4903741881483003e-6
5.1307680464769215e-6
5.741206145474792e-6
6.223184271544812e-6
8.052270209094178e-6
0.000014466119656998928
0.00003069421800426284
0.000034873371257928395
0.00005811397242293059
0.00005412795103719314
0.00005840637175769051
0.000054854575289287616
0.000022726394314022032
0.00005316445130606791
0.00011095022454742942
0.00012998680780807465
0.0001582301243937336
0.00014908321135904116
0.00017163199978789364
0.0002311108723104081
0.00023990626378736236
0.0002729493148927899
0.0003076263386640943
0.00024054080415496438
0.00024489957658665107
0.00022173316761070965
0.00017406338283250644
0.00021716425865261384
0.00018847722101279017
0.00015380809296445272
0.00011276295510857317
0.00009119535358197926
0.00009740214634392351
0.00009864242641184283
0.00008193823912008398
0.00008870829289209985
0.00006658101148501805
0.00005406310131978977
0.00004055471406678804
0.000030252364916334022
0.00002282790890755402
0.000017407046241578937
0.000012979319468179792
0.000010579015769638921
8.91402460249954e-6
7.562712469461582e-6
6.227624639419512e-6
5.405348128755308e-6
4.694592404771872e-6
4.262803027161416e-6
3.952471491345208e-6
4.081100302024461e-6
4.545543731718103e-6
5.364612817296185e-6
6.312955511097106e-6
7.4614458170854545e-6
8.483861252023349e-6
9.753703161566486e-6
0.000011658666085444221
0.000014748833614960948
0.000018902030938129323
0.000026057631965808214
0.000035857848024099685
0.000045963858608701546
0.00006257992048751672
0.000082550645175302
0.00009739867051079667
0.00011232879771615835
0.00013601890933656455
0.0001578883983592634
0.00018282050120313915
0.00020642226662102124
0.0002620046874914623
0.0003209499251661929
0.0003702332322560624
0.0004433482615922155
0.00048043582946066067
0.0006085643901625372
0.0007180132546929234
0.0008482809396979056
0.0009634989337235916
0.0010484758587254433
0.0011529913372894485
0.001214742457110836
0.0012757218185759833
0.0013559484153599106
0.0013776557688956407
0.0014309939905654799
0.0013359444136721132
0.0013219876464939178
0.0012628211518877265
0.0011013110298493515
0.0009890265232609806
0.0008737338685933268
0.0007443923745752552
0.000614865616023408
0.0004953738245648913
0.00040707051834444364
0.00032538730037768524
0.0002569462550656573
0.0001947192178325055
0.00014712323933547227
0.0001084432851687709
0.00007749680953975782
0.00005656317720278835
0.00004057917896942788
0.0000307214470341446
0.00002478709391144505
0.000021207470657887388
0.000018468213628368288
0.000017246998062270427
0.00001664953709348177
0.000016465146800710374
0.000017863719467784284
0.00001950445746678669
0.000022393051163414116
0.00002514164758300168
0.00002828536315304409
0.000029907670667817302
0.000032606010846742564
0.000034547979922913375
0.00003645832583824773
0.00004094627115381969
0.00004928898613014784
0.00006142764670912708
0.00008090340505561464
0.00011042807227457267
0.0001456877554528234
0.00019004232061450675
0.00024082196883596266
0.0002942678375523476
0.00035849403990207817
0.0004075818574016296
0.00045370909063860096
0.0005059980861249542
0.0005422740878764388
0.0005812960979053607
0.0006380208434456473
0.0006672109813950483
0.0007124542496336514
0.0007251924280831841
0.0007610327461903667
0.000765996834355318
0.000759151158147565
0.0008051668289141947
0.0007977260568377793
0.0007910681712774407
0.0008669271139997409
0.0009034224507935585
0.0008436023333304104
0.0008875936225126976
0.000916243783415083
0.0008425382739095753
0.000797272331198312
0.0007510664985258098
0.0007000860195507329
0.0005890463440835306
0.000519986710376612
0.0004989359000399884
0.0004474126290894446
0.00040841630767425504
0.0003594567740768554
0.00030678675779922563
0.00025453324174709666
0.0002149348067668242
0.00017663505546743709
0.0001403416851299896
0.0001120155629047905
0.00008850590234998952
0.00006699334025465296
0.00005236527719946523
0.00004079205366935759
0.00003598828539321506
0.00003377014279833784
0.000036063830817417024
0.000036254686119745954
0.0000367331583591032
0.000037836189254383115
0.00004157603035062585
0.000046076626019684513
0.00005070144220825402
0.0000555204738502826
0.00005765567565014618
0.00005922724610774791
0.00006253081951191457
0.00006344522443712814
0.00006625108282300715
0.00007326676276439425
0.00008893189538074759
0.00011729323932355571
0.00015158342515777834
0.0001990576039352316
0.00026182442913405746
0.000346272709342216
0.00041797196448745144
0.0005056437406337033
0.0006099470910723785
0.0006872710604791709
0.0007738407234213459
0.0009019304593989636
0.0010546771598151667
0.0011759534145473355
0.0013225867221761801
0.0014270278892090358
0.0014697615859139875
0.0015170585686395965
0.0016860275277991057
0.0017319140183681431
0.0016974213988921903
0.0016382198999897706
0.0015720232293079087
0.0015507512071230147
0.0014277224242697857
0.0012945370409097655
0.0012720277693602385
0.0012017620295170642
0.0011245332867540132
0.0010741236263545786
0.0009889159992114006
0.0009392422973699335
0.0009061616535643545
0.0008601871907006202
0.000799042398580317
0.0007195287282272506
0.0006500609152835973
0.0005787448429824364
0.0005019448506782299
0.0004405381455244885
0.0003666670743042633
0.0003141905906974327
0.00026706211521840793
0.000232368537368981
0.00020622632732877007
0.00018697201185798723
0.00016906925100398953
0.00015342494350611792
0.00013703823559577376
0.0001198108233530085
0.00010170790858097958
0.00009299649488181627
0.00007732116240917363
0.00007365530550767746
0.00007453263573807627
0.0000810556416102059
0.00009476404557426255
0.00011079401859884695
0.00013296102888154377
0.00014896831399362922
0.00016670092326142574
0.0001757278450582798
0.00019636933756213653
0.00022731696264923683
0.0002682691339490422
0.00030789158338734524
0.0003749714243869874
0.0004690449420525814
0.0005696097536774107
0.0006997602090968233
0.000830581550714579
0.0009850534369717512
0.0011786232835125205
0.0013896778549115697
0.0015141579681786246
0.0016098615359202613
0.001812822261226362
0.0018593410804312177
0.002022821620249117
0.0021890467553806704
0.0022521705060228425
0.002236430143270737
0.0022714751385099776
0.002222963384438442
0.002161734190078941
0.002159244229233036
0.0021067826037739243
0.002009026153489463
0.001885627176398023
0.0017849291658063276
0.0017490712092969605
0.0016545242223193072
0.0015177022094227353
0.0013817185350312594
0.0012696522908518144
0.0011805644523264463
0.0010833642326171843
0.0009864779777237008
0.0008969321347797974
0.00078429362853494
0.0007096016663524519
0.0006334833672842472
0.0005641962961314014
0.0005208900633299673
0.00048292912471476775
0.000457922452371287
0.00044322403472987483
0.00042969990067398816
0.0004085901582128622
0.0003893279692846407
0.0003706495549101648
0.00034081697738890876
0.0003080893143583352
0.00026443430658932155
0.00022662435677207586
0.00018814518252713896
0.00015913968310143524
0.00014939237533439606
0.00014651525487225736
0.00017285399048086962
0.00019728310104896537
0.0002199729200273179
0.0002334385163624503
0.00025630285779086137
0.00027030140595976073
0.0002794022057506499
0.0002970230666797359
0.0003246265897882373
0.00036404804754534245
0.0004208312358618246
0.0005473396474754944
0.0006876049440911827
0.0008654241039884957
0.0010885037284378396
0.0012845038906615302
0.0015229393958766633
0.0017515473039976229
0.002031910711878682
0.0022469851292089204
0.0023697425229479915
0.0025618539643206127
0.0027427283081414774
0.002938782647459128
0.0029204688521670932
0.0029766572285620315
0.002942209307614798
0.002825951028076288
0.002773920656228696
0.00255114823363812
0.0023586234484495295
0.0022437789789941896
0.002103694954739697
0.0019261472727186491
0.0019055066475681618
0.0018522887025881822
0.0017299822559710292
0.001679087135346835
0.0016057613896879412
0.001493528175193815
0.0013557394907306875
0.0012345802355833656
0.0010771088182223326
0.0009525629174036804
0.0008134214849621944
0.0006926171692516589
0.0006108201353305193
0.0005505846294899927
0.0005229200670089752
0.0004952030980953064
0.0004802661627056911
0.000469627475735137
0.0004529207448832201
0.0004434544842544946
0.0004378713762549997
0.00042488660919300363
0.00040862576626070834
0.00037207014867473014
0.0003259266277467083
0.000297060839438569
0.00026404338880458384
0.00025145373298267516
0.000246318294232895
0.0002835921569241015
0.00030450814484904996
0.00033782673699380664
0.00038679659061328356
0.00043937571243726477
0.0004884191537664916
0.0005241980963808187
0.0005501785586385704
0.0005612195245433382
0.000574144396069237
0.0006154862028801438
0.0006927813292264859
0.0007682701172667793
0.0009277533049449343
0.0010976079060377331
0.0012968710496443548
0.0014995408236644847
0.0017207555374185934
0.0019492558160305567
0.0021125129736619913
0.0022925084024688655
0.00250742688430383
0.002583730742158494
0.002482213682096244
0.0023608470151398374
0.00226126086277923
0.002186775191580748
0.0020945639977288802
0.0019322766635228156
0.001835972597655911
0.0017165644524678018
0.0017870590249360382
0.001706566987563053
0.0017210492000046536
0.0017240705239749768
0.0017124264648559462
0.0018154325458216768
0.001843351729528745
0.0018115124682597187
0.0017330507144064507
0.001605338614002626
0.0014041017562073433
0.0012421592959895422
0.0011066730021012717
0.0010003179715613272
0.0008864172820386398
0.0008078827920937651
0.00073575675210213
0.0006628005315497227
0.0006162234339885906
0.0005784476202290558
0.0005685491408017456
0.000557646758786333
0.0005578349570589322
0.0005859183704303905
0.0006538729179523913
0.0007177902540245449
0.0007909647077887543
0.0008730492060637871
0.0009349229050514551
0.001001391599416159
0.0010144479608947625
0.0010176276658585997
0.0009672823859860197
0.0009265177789501697
0.0008924259422677594
0.0008073963622193103
0.0007113672575660975
0.0006486781210662351
0.0006100860792139475
0.0006378145714524239
0.0007207452482766555
0.0008647373288631916
0.0010264332769470681
0.001201950150907165
0.0014197610828467857
0.001718469236973866
0.0019721308620219984
0.0022087166432998282
0.002472857783417927
0.002727924139301875
0.0030086512783223537
0.0031874869002130753
0.0031800253442915826
0.0031640601182744556
0.0030003180771719607
0.0030570113436030064
0.0028496288157927995
0.0024826670180391496
0.0022619700761379283
0.001726707439429355
0.0013534555531566868
0.0010177053499633962
0.001048215834718442
0.0014683732091205534
0.0017674571021527932
0.002051815174535271
0.002325208209564264
0.0026180411880518998
0.0026796854029653215
0.002690105183630206
0.002616452649161906
0.002477595622280086
0.0022892877823038125
0.002040159386176327
0.0017608273637825167
0.0015335728186716766
0.0012671445933654028
0.0010210388624028925
0.0008238530957559034
0.0006856119505895706
0.0006323804168604461
0.0006611505220928323
0.0007978509003963194
0.0009523222067472233
0.0010874278009786842
0.001242847675232003
0.0013883651610141767
0.001512725348228492
0.001561109916146096
0.0015877890082449263
0.0015942733012933809
0.0016163824249125949
0.0015916629168839609
0.0015438345016134357
0.0013994807689277015
0.0012564625958014783
0.0011574813568629668
0.0010430584994159135
0.0009168869748389044
0.0008147912650431529
0.0007945116753369473
0.0008302881160259044
0.0009151372189145695
0.001038662293159684
0.0012051848870711362
0.0013585425512212383
0.0015528205884171495
0.0017985717842593262
0.0018959011437285542
0.002094539954576915
0.00224633001796904
0.00236847911174944
0.0025144783169638984
0.002740800884733979
0.0029283019106724033
0.0030298093225753667
0.003247359155532601
0.0033046456235344486
0.0033897216601540096
0.003392005208256907
0.0034108452132738574
0.003318925064979868
0.003282034081484277
0.0032270484979425094
0.003086424665982922
0.002857188003355712
0.0026781749295295017
0.0025747161914419807
0.002584017933709566
0.0024976857311658474
0.002320033858588152
0.0022473109439985284
0.0020373936060136158
0.0019217245063936474
0.0016948207370443328
0.0013673308841944916
0.0010421299676463122
0.0007452008907966917
0.0005008846502194856
0.0004295897794508327
0.0005559619947270516
0.0007756770110613499
0.0010711115285703913
0.001352722041504564
0.001666084032446459
0.0019130942078483338
0.002076156389741687
0.00223036676781402
0.002308369191178577
0.0023350476160985617
0.00229934304971375
0.0022274182152876025
0.002071642485696864
0.0018815707332087634
0.0017504412940513789
0.0015657520184197864
0.0013831056944470569
0.0012725521338913302
0.0011240822972768418
0.0010616215583523726
0.0010074245380767022
0.0010024958919152087
0.0009525985875653217
0.0009331226643675723
0.0009295889355889497
0.0009596900192069045
0.0010082184385672138
0.001099150029253691
0.001257269139399939
0.0013995278858486015
0.0016856095213887503
0.001937009225458384
0.002247127381369172
0.002449427677935358
0.002701929166735346
0.002724976244169594
0.002833194124693876
0.0029256570866374194
0.0027833951164682067
0.00292113894545713
0.0026594531886863903
0.002229650787274073
0.0018776259863822378
0.0013530639208592947
0.0010040941655153697
0.0009220788025703598
0.0012086664907529385
0.0016338443360230028
0.001976874493314026
0.0024942101217880585
0.0028412938863929516
0.0033382301082800375
0.0032689660280828497
0.003405169638737928
0.0033469010087731066
0.003167545651444707
0.002976241587172548
0.0026833230834822142
0.0023651877019221297
0.0020732033945588
0.0017384807667078835
0.0014398037994876906
0.0011858988516893312
0.0011277824669614315
0.0012591298030311014
0.0014604829833765607
0.0017352605555436577
0.0020604548673898325
0.002326051876805458
0.0024885288813830397
0.0026678211506903867
0.002725492223426321
0.002771320667233037
0.002583101936333642
0.0023220394366084184
0.0020589387633889273
0.0016836664599277516
0.0014253993243713895
0.0013024853941166678
0.0013729659382161771
0.001292839043008328
0.0012761502901702986
0.001383872983095091
0.0014294065382620365
0.0014049548334543014
0.0013774628141357236
0.0013362835653578514
0.0012172011617753
0.0010530638026879605
0.0009154601564838249
0.0009047865177032068
0.0013318500596888952
0.001964965058766128
0.0026984758304861747
0.0034046792488562016
0.004203804764690392
0.004871186559263459
0.005448497388747813
0.005947781324227139
0.0063041233248485795
0.006432488303059407
0.006317147609128821
0.005956254601466715
0.00544135796177562
0.0049247847451735945
0.004168001091242741
0.003541609984824638
0.0031328334059121327
0.002732191425560249
0.0025888627243677996
0.0026358191186617638
0.002921173692818911
0.003348558354436965
0.00367163893810355
0.003923163297190994
0.00412172218540792
0.004334860853828508
0.004388572541447281
0.004301957857724238
0.0042090281605988
0.00398183883447474
0.0036648810880310413
0.0033758775086540896
0.0031896018912539255
0.002985166014574218
0.0028421501766914834
0.0025994476078958404
0.0025312798635770094
0.0023842426389309008
0.0023238895689457546
0.0022912377395202387
0.0024584636466253636
0.002579617586378412
0.0026344931084852025
0.0026559250607637187
0.002741440872231328
0.0026039967313441414
0.0025342960974074785
0.0025062436816401935
0.002634125344534815
0.0029283671223854064
0.003084300855101709
0.0031205896706956006
0.0030212397406950897
0.0028233133201465083
0.0024804490395893305
0.0022809584988720787
0.002140849110810105
0.002108929038844679
0.0020037827590964515
0.0018890562971051398
0.0014961624319295372
0.0008999799111655271
0.000605569461542575
0.001114408023752564
0.0020565064505439746
0.003264837066522251
0.0044425553374396135
0.005560735755717666
0.00668311817493205
0.007470681421941136
0.0077932415776577795
0.007839111586864874
0.007406221535043588
0.0069589957386032375
0.006037750350834559
0.005129158840613439
0.004166919635431446
0.0031846461607140096
0.003166645534301656
0.003179075625214077
0.0044619288089372995
0.005613816118703274
0.006963685789797724
0.008400682871758299
0.009329738728783071
0.009919589662631442
0.010248485983351692
0.010236378502805394
0.009640745627456265
0.008711230222204195
0.007787128479220504
0.006826667515588258
0.005775067817638418
0.004991012032809552
0.004134390356870405
0.0036218905594627
0.0032806871147219503
0.002923398061612266
0.0025915354547516797
0.002396375783055397
0.0023510666906491275
0.002348935004055538
0.002461267058255091
0.0025171906524920737
0.0025728917665267456
0.002559232511987523
0.002441186666283574
0.002441410238889078
0.002595014190799138
0.003073207081742739
0.0037835437571579387
0.004395212346541217
0.004799283399453796
0.00518265564524062
0.005350919583766739
0.005063740943335522
0.004592671753229368
0.004104054557780265
0.0033362774132442434
0.002552076840179785
0.001837715555352284
0.0013776928974055004
0.0014303672406446642
0.0016849895103447957
0.0020519921714823148
0.0023031359959186843
0.0026947256956606786
0.003170177433939128
0.003819099133959069
0.0047417832029833466
0.005684774886558857
0.006734508453079404
0.007740105547818274
0.008148058129611037
0.0088457628784481
0.009162199399308532
0.008958895045946816
0.008225514231925088
0.007259821354176945
0.006492862507760554
0.0053150576015525775
0.00477881383214414
0.005275016812711548
0.00605393675309962
0.0073507926765647045
0.00853340690260288
0.00927597198579447
0.010092954494650577
0.010952446460642107
0.011292867418503287
0.011081963385798352
0.010601056195859939
0.009703371960811157
0.008448305950499063
0.007550447915050859
0.0065250326547111335
0.005532538947788272
0.00481004174675417
0.004155328422395553
0.0037037005986553352
0.003368176820495871
0.00316336413902762
0.0030037520135740834
0.002891594667115365
0.003141804570464425
0.0033931914271106206
0.0035555946585881897
0.0036424077544426423
0.004243449022692507
0.004638426721549023
0.004933181329400492
0.005493900377017349
0.005838674354005785
0.006522518468755397
0.006705579952312486
0.007293342518111428
0.007450506675109307
0.007573117267268654
0.007174828676067261
0.0065165387029556595
0.005695520085427304
0.004651898122400318
0.0038157955187830125
0.0030003789348154344
0.0022889411941641566
0.001668426608607452
0.0012938120091139696
0.0017382688342856333
0.002489757387304688
0.0033143696934227677
0.00431553493289032
0.005300154945300419
0.00607082013510927
0.0066869740713784
0.007071130092033527
0.00714296814102597
0.0070090596131370435
0.006225865399958648
0.005327545035818196
0.004747540540533591
0.004688280146812115
0.0047325197228335935
0.004790132567772139
0.005265513834647304
0.0064473358395639785
0.007500278193882129
0.008122129258613518
0.009284104922400113
0.010206346828538234
0.010892158924479551
0.011591176565932046
0.012000447026265067
0.012429470310514461
0.012713471808167237
0.012868583170480187
0.012414800117042595
0.011918040070033635
0.011176071532075426
0.010108115734785867
0.008716934337147039
0.007452219073536073
0.006088156283102865
0.005140192898808892
0.004657806539381568
0.004887943565150325
0.005724908697801556
0.006893810293902531
0.008169319558074243
0.009259091369838207
0.010372842041004015
0.011225433565572457
0.01150463995361377
0.011734721270217621
0.011768259308955979
0.011552034560604661
0.01109938472521214
0.010592481413585526
0.009679090843125982
0.008542422988469543
0.00834499954373974
0.007816574052229868
0.007503426600038979
0.007128627815676058
0.007302442293745219
0.006834965119079108
0.005855122833317973
0.004548801631428749
0.0030373802813122024
0.0015386582092372536
0.0015272422027770547
0.0028368180295036973
0.004245521604273441
0.005387459840085997
0.006304313232887296
0.006732044945217138
0.007265351008266659
0.007532885053158898
0.00778161543297756
0.008465631621140947
0.00915098049278439
0.00992965305432025
0.010484236356175031
0.010819713384520103
0.011013128575711552
0.011103936974807025
0.01153173592119542
0.011700816903790868
0.011510316608959572
0.011118591933589628
0.010201888727584336
0.010382602296611759
0.009925659297589765
0.010089090848759303
0.010750160323072093
0.01159303926666255
0.012322667103311384
0.012239153722358297
0.01239584072577172
0.012541182968770787
0.012324251543040218
0.011213214574676495
0.009915885951519973
0.00847138763154108
0.006852185213736983
0.005932470559430016
0.005635759193480744
0.00624364554039635
0.007432845474114463
0.008878395599082682
0.010607532833089342
0.012599780016277961
0.014631906176529205
0.016646265577315647
0.01833762619838714
0.019787191536519904
0.020513561226980233
0.02046193863959785
0.019025851770721084
0.017084620947211818
0.014041293715982514
0.011719664129085336
0.010476682085395355
0.009286072449861914
0.00921682503440003
0.010062533411445624
0.010811091430603253
0.01121611533045621
0.011390905936896007
0.010404011228623685
0.009346783075784284
0.007210872037880287
0.0047911080647738856
0.0026644489851875043
0.0018543103989779393
0.0029324476963610204
0.0040795729569940735
0.004691358835748172
0.004221326453978012
0.0036921703837184965
0.00259561850417586
0.0027395706101966794
0.0044043037125845895
0.006703369321642404
0.009343821132516984
0.012122199383265829
0.014441643377398023
0.01644883597736164
0.0172322020396586
0.01780357056648817
0.017620722060768555
0.016906661900059808
0.015854463792268583
0.01628205814935289
0.015707037590074944
0.014928707053752061
0.016193195665537015
0.01682495302041333
0.017677836166771755
0.01869627861701857
0.01860655764724465
0.017912804761789084
0.016213896426396545
0.014594209430482898
0.012122077276921174
0.00949660075109303
0.006769708329608648
0.004124802851995362
0.002774100012400667
0.003856032402026085
0.00573367326755584
0.00801099399060387
0.010503265304686841
0.01289520684202578
0.015536956231890255
0.017328705867309394
0.01919451334676371
0.02017587766663765
0.02015630053184347
0.019536956966006207
0.01745867076947099
0.015257299201456185
0.013115299135006576
0.011084339611923356
0.01124305038112866
0.013354284283315107
0.01583904594682209
0.018555584892817084
0.02003306516948488
0.021181362791663116
0.02075881692535023
0.019540929601723087
0.01732717015576664
0.01387739214439409
0.010095365089618547
0.0064907272444415945
0.003309189017326665
0.0018666511781456072
0.0029241892074181037
0.0038327230395666058
0.004011391566517457
0.0034799969087572795
0.0036385479978995588
0.00613795646668148
0.009427058467244141
0.01335621875752458
0.016439059253027983
0.01906347595070156
0.02232364653632683
0.02385812624615881
0.0240817454953622
0.02318121726806274
0.021446238642871537
0.01779413715593462
0.013713613357945603
0.010475299419700266
0.00890019289615187
0.008419544109363073
0.009216269414184367
0.010574639430352799
0.01176774008997226
0.01327335672686022
0.01354443366110276
0.013163172123668134
0.01204366243042618
0.010621861990552367
0.008631078633897456
0.006390702155020717
0.004446229739267462
0.0026399296801470225
0.002432181234517298
0.004407246670528826
0.0072942588543687
0.010306161414402775
0.013703122521164469
0.01745134767619676
0.021016742095671875
0.02418618661966296
0.026330693171897148
0.027691918888679036
0.02849686654494212
0.029108224418352063
0.028836608530561508
0.029209696973695083
0.030192425470875403
0.030976497447887354
0.0313964944839699
0.030871050537083215
0.03017951942657954
0.030884263662583344
0.031143063146449115
0.03028327748542367
0.027931424982551203
0.02534162200148481
0.021824128499140522
0.018583935614867316
0.014153068251462965
0.010144389788073
0.005699673096785395
0.002326386335051049
0.0010218236931825281
0.002995019898481533
0.004889921237331108
0.006747836309574545
0.008966990051742653
0.012379088105834343
0.015378332401728124
0.019443890624562515
0.02334025726497858
0.027170923418942696
0.030526704243322787
0.03202728250417446
0.03393366890507902
0.034808042370106186
0.03477459306975612
0.033888984764689246
0.03333292698847677
0.03136366105706388
0.02995080791839608
0.029468252936955656
0.02911057380234168
0.02806862958934869
0.027383222598804737
0.026138784508311246
0.0259132508766404
0.02450492467937985
0.023134165437604822
0.020427811131984053
0.017379811606520343
0.013625728940860365
0.009513835520454
0.00607718824565109
0.0030952855852047585
0.0030402110849308958
0.005236986506816241
0.008561415859609726
0.011671797928684483
0.014792609582330092
0.018710144724525386
0.02289295373822563
0.027492520357012825
0.03209728362347159
0.03679192224636029
0.03955909252934627
0.04121624761202423
0.04261552818850266
0.0440108141236818
0.04413408692245893
0.04464579924184002
0.04540893411971314
0.04617618257269588
0.04598242911557906
0.04493406684742027
0.043948257182463826
0.04197079034273551
0.037251758034529625
0.03222602339368407
0.026006784936892017
0.020433772911492558
0.014945941593313293
0.009243938587480818
0.004836907463923647
0.0018182641289277246
0.002842535309932651
0.004460663483025787
0.005801463914281302
0.007488583933860008
0.009507366792495782
0.012574014657372384
0.015172100684521829
0.017081004761984767
0.019030003713817405
0.020440034824688008
0.021284239820498926
0.020141547723941083
0.02032051689279514
0.02172564406064046
0.021932976884162046
0.024685488092277594
0.029601632638208183
0.032534085088258134
0.03623605682046996
0.03819607237732901
0.039990403837963304
0.038560629106773874
0.037497388451717656
0.03687939556048821
0.034699536134184715
0.03131891572690221
0.02795012549764274
0.022374681329419624
0.017848176263967765
0.013699799791885443
0.009668524338737283
0.005990749193850443
0.002921918379428569
0.003360943817768928
0.006293004388236001
0.010105319497925374
0.014159271559607358
0.01841640415769431
0.022311528772229944
0.025661901538847277
0.028717887765155353
0.03053115249676659
0.03153598145920117
0.03280038388109332
0.032593838253834446
0.032556600317779655
0.035089295984028455
0.03699720382617534
0.04004036990311554
0.042512962005142985
0.04457393847121504
0.04704395571061541
0.047225766991853914
0.04749891715131732
0.04490481520996575
0.04051905717970651
0.03498805317744687
0.028472696589015068
0.02303442191934059
0.017739238996217568
0.01235110245339338
0.008186025435859945
0.005580316587533987
0.0044847895972823185
0.005037590776965433
0.007702227152987101
0.011535536596425632
0.015429570858873943
0.020321647410911445
0.025859960134538024
0.029993896351978737
0.0339207021712786
0.03517932101741583
0.031603283197065964
0.028404341499829483
0.021970243909898976
0.018843810679395317
0.021457128994954736
0.028254008421712277
0.037772569508826064
0.04628086884028238
0.053773102532947765
0.06135187704553583
0.06419264949695759
0.06312396837032691
0.06381906745273387
0.05932145867887794
0.05316751146370177
0.04551004936993666
0.037509349160438445
0.03154774481983183
0.024144580231868006
0.017100345088775396
0.011225462697606084
0.006249698113993182
0.002752211097623422
0.003776941707281677
0.006892292295874477
0.010685119110731622
0.0143800669761003
0.018626725601053634
0.022769810741097296
0.0267007293934644
0.03175643283678099
0.03703644569831543
0.03994544991647793
0.04276234477452735
0.045977766738730594
0.048313653116682155
0.04929313363773764
0.04970924791150208
0.04927101337000966
0.04925767513080157
0.04895370160389285
0.04792674367161542
0.046508419967362616
0.04168720166874003
0.03785865180397883
0.0326736751254511
0.029072368472433437
0.025501861423340835
0.02153632584777573
0.018136122542382505
0.015229020982336092
0.01262056303659921
0.009793884229104344
0.008500961795013308
0.00977415199804956
0.013131049884997305
0.01680285339319623
0.01965029933592557
0.024394434840844477
0.028401281979189414
0.031576697586810545
0.03392187290807955
0.03726800476448427
0.04148714386744005
0.04647069944806541
0.04582814999096383
0.04645215143542383
0.043255812179853095
0.04079679556516887
0.03911324944600423
0.040388135182136686
0.04017999850530325
0.03990727330221622
0.040688813088711785
0.041948636506944956
0.0406048294517116
0.03949622174818967
0.04309792062013995
0.04410548471601008
0.04239805537172766
0.03965126270279318
0.035053011801398685
0.028536440541606055
0.020230286145386012
0.013905911661753948
0.011667797696774713
0.015573281289101645
0.02057142388737372
0.02534463663204694
0.027102057985835388
0.028850010524493274
0.03245608785477422
0.03346935967697909
0.03957405873847647
0.04577085260077101
0.05113042843719246
0.055109785142121365
0.061748935807944834
0.06549628962517953
0.06684786654362196
0.06796773054593362
0.06504146452507184
0.061840487686850194
0.0584125098539264
0.05847231115410641
0.0577817409909079
0.057093470684623684
0.062069564765803914
0.06813162171692314
0.06951434920574925
0.07404300957402318
0.07594538334359931
0.07388720950638966
0.06728512694020232
0.06141478072965752
0.051585560041365934
0.040494946943083705
0.028215766306250004
0.017765045479304332
0.015043222247856824
0.018537785035588894
0.024846895057789285
0.035468284929793634
0.04498847823398271
0.05554941401695518
0.07110841354996457
0.0887259992562149
0.10223567107907439
0.1202702429237597
0.13641813250227708
0.14924385652296088
0.15510177546679793
0.16320058881712401
0.16485474310772502
0.16357315250024274
0.15292815545854122
0.14399099314370128
0.13005566570318094
0.11914439234345944
0.10102839980809063
0.08838089721248935
0.06989159605980984
0.054334623154217755
0.03865971045844162
0.02814891558930802
0.026307527421453543
0.030232425435720547
0.03483064185074708
0.040743902150687496
0.044496104483357064
0.04960449198171931
0.05377290256326439
0.05615555138185791
0.05709563307882355
0.055741627317747865
0.0533823996711524
0.050722321389150025
0.04935758071982848
0.05056317822567291
0.05793976986631153
0.07056635453923873
0.08111204102256188
0.092182478264061
0.10021136452868779
0.10323117129856896
0.10827973591584132
0.10701723723381415
0.10293394830538409
0.09939087426104488
0.09722801488269378
0.09894125226439388
0.09778449264093313
0.09733583277641746
0.09894181788405294
0.10084290527905039
0.0965556770432801
0.09246124986702291
0.08834093681461823
0.076457792874517
0.05998207035142091
0.04721684335182481
0.03717621803171134
0.03122355595102702
0.04173220982934881
0.04994483967384886
0.06708910312264439
0.08873760926738859