0.
0.
0.
0.
0.
0.
0.
0.
1.0676323112308226e-6
1.731498455687698e-6
2.5773254919347543e-6
1.9046999999994788e-6
1.544717632838314e-6
2.074797322591218e-6
1.8306609277649954e-6
4.388486712849992e-6
9.049223089815153e-6
9.54588793842766e-6
0.00001042863169640096
8.84359498789862e-6
6.742046992443902e-6
9.485321273000214e-6
0.000011974880204278956
9.561849296475682e-6
9.791151349570136e-6
0.000016246322517753223
0.000025252340976497568
0.000029841102401379542
0.000028485385646909906
0.00004593915609376961
0.000043104162408758804
0.00005597344431645786
0.00004790244623826829
0.00004237560427582256
0.0000490336987079089
0.00005701621297531162
0.00003808586692578384
0.00004252724866372535
0.00004062710288658342
0.000038275995520922874
0.000029758909401471356
0.000030906860347090965
0.00003259171858986749
0.00003730925894566609
0.000052772604098464186
0.000045723347392678754
0.00005960352454092515
0.00004140403207086978
0.00003757798621237781
0.00004779087407312039
0.00006443441597341793
0.00006696453259967226
0.00006340279353583177
0.00005600130958560551
0.00004822403605434205
0.00005062503150265366
0.00004420565392043828
0.000042590020414644236
0.00003579615545062319
0.00003774858792913191
0.000045030109135751144
0.0000399691186634906
0.00004313285026587115
0.00003928532583787878
0.000039727814258070374
0.00004770383463154283
0.0000536902452061354
0.00004533511285448796
0.00004440460770252788
0.000037653705957022874
0.00003177901481454564
0.000030348921465782714
0.000044514437932631634
0.0000378315412965809
0.00004364421025156313
0.00004478644519390052
0.00004145127583830036
0.00003315953971979547
0.000027605609887278207
0.000026568223572489427
0.00002761085362965729
0.00003091046144778723
0.000031874404419028316
0.000031516844713549564
0.000024419657618896852
0.000016396366037087332
0.000014259530107112502
0.000011142133068702109
0.000011505116228153342
0.000011381473874484472
9.928269371312911e-6
8.406071343835664e-6
8.845135871617586e-6
9.608579637563108e-6
0.000011375912965899717
0.000010429089719049916
0.000012836309058496418
0.000013540143685328844
0.000012696825003807102
0.000014360759840231223
0.000014116425839279681
0.00001573741517621698
0.000017851494551330364
0.000017702787809145692
0.00001723697421429245
0.000018846095394174363
0.000020752492665849127
0.00002138753822437245
0.00002103938602544881
0.00002040368389686477
0.00002011594685058603
0.000020917540066548055
0.0000205732999603807
0.000019999373872409993
0.000020909970672013215
0.000019238208813902646
0.000019523937167649466
0.000021267813703083613
0.000022004724009085792
0.000023013926365007633
0.000024130611702306264
0.00002397250367259108
0.00002278552072692286
0.00002160112825419607
0.00002072449094933614
0.000019699563329155823
0.000018290623181942552
0.000018372675625216905
0.000017621121207358043
0.00001879235980904694
0.000018955147243744613
0.00001908942416638779
0.000019553533398293105
0.000019259738309846565
0.00001839834529111235
0.00001655022174542739
0.00001643741202756723
0.000014260044720379083
0.000013569050094683101
0.000013373018944950005
0.000013770693463868933
0.000013842424180673073
0.000014808112751693483
0.00001374514747444231
0.00001202960636388809
0.000011412758832131468
0.000011541351807509155
0.000012677725787442738
0.000012466959163455848
0.00001224918498499696
0.000011924219743846779
0.000012791853233860193
0.000011766727548600007
0.000011417316178860001
0.00001217477335197104
0.000013779715990081227
0.000013546256759546128
0.000012846444019603561
0.000013712009561023008
0.000013567542497566398
0.000014117362628816624
0.000014471472476270704
0.000015237908969472648
0.00001608808523298042
0.00001438016968863343
0.000014268438738847622
0.000014668153691731895
0.000013581461325135283
0.000014030684121981083
0.000014462336439740452
0.000014525981962686415
0.000013878621857280271
0.00001476074513118553
0.00001489527017707328
0.000015166845241489324
0.000016767164166592793
0.00001657796508923146
0.000017775340917623713
0.000018420222422631447
0.000019197804866237937
0.000020320174192621514
0.00001954625877189332
0.000020552484361654106
0.0000196375973640765
0.000019666738516594786
0.000021030145054722266
0.000021000336905139636
0.000020734506002344132
0.000020641732757064723
0.00002049631770384723
0.000020528678634646068
0.000020304245430193998
0.00002164441677092275
0.000021970225498414312
0.00002254685723905356
0.00002265137407091335
0.00002296898616224756
0.000023961135365386492
0.000025330658146152956
0.00002540766322183642
0.00002651161213128722
0.00002824742100433854
0.000028950529388680474
0.000029422134451824044
0.00002995491158943602
0.00003072920999410284
0.00003272084428089384
0.00003294622578818062
0.0000332176207281373
0.00003518395168360362
0.0000376614146811702
0.00003742969535919769
0.000038418335456112856
0.00003834719465087615
0.000038824949780899104
0.0000386153445119113
0.00003858711429776956
0.000040568522584076505
0.00004044994491842302
0.00003797432234307717
0.000035476062187923645
0.00003182344614637048
0.00002479848949379801
0.000019193131009964423
0.000019326082449823357
0.000019358502594147808
0.000025170350008270015
0.000029410122254710544
0.000035430557247335066
0.00004562971011115263
0.0000593516773120763
0.0000549814621492488
0.00005670038540797685
0.00006347628892698923
0.00007601665480511012
0.00008261749130266435
0.00010192258665673738
0.00010326516961029362
0.00010770563865975571
0.00011015010392560196
0.00011871351135297812
0.00013765105735233246
0.00014092455546857734
0.00013341231127046423
0.00012825009013065473
0.00014225347889953223
0.00016469018155614034
0.00018114925164386611
0.00020435578031843113
0.00021247971852407407
0.00024377663620956704
0.000260929251051369
0.0002874922837732226
0.00031203593796350006
0.0003432992337169137
0.0003497318955387859
0.0003681963837697435
0.0003869289685915045
0.00041471061840287583
0.0004081869224552625
0.0004445953236073013
0.000449232324454027
0.0004541039581050098
0.00046591331112173394
0.0004967939546599605
0.0005231688514408242
0.0005264205128529518
0.0005416798206672531
0.0005694400100275348
0.0005676749758570798
0.0006284431092369677
0.0006501315401226676
0.0006637842697639943
0.0006518662323028915
0.0006399468785850214
0.0007315948437347824
0.0007711646189964441
0.0008198234009754612
0.0008608667624749531
0.000911983498632302
0.0009360818527055406
0.0009114674394236254
0.0009496140233594533
0.00100055246149874
0.0009994086818351363
0.001020294951332063
0.0010838293780258354
0.0011044894857092221
0.0011017389722091408
0.0010923764199564368
0.0010986979690104505
0.0011248413854058857
0.0010836677328462823
0.0011179828059220383
0.0011437005508612246
0.0011243218848430115
0.0011706225825634663
0.0012068438794910676
0.0011543844569374003
0.0011589138224338158
0.001221184426239455
0.001222056980631898
0.0012639709221373408
0.0012860549849565647
0.0013625530075689152
0.0013805736431607885
0.0013179216435081674
0.0012560371833822566
0.0013573123164847187
0.0013894976691923486
0.0014081239679017347
0.0014226576379505523
0.0014207843320914334
0.0014336464514527862
0.001542321505080163
0.001523342777010826
0.0016456284257329106
0.0015971703839292174
0.0016340955539545137
0.0016658535396620964
0.0017502762208325207
0.0017736828246263162
0.001862954474131684
0.0018352068602156104
0.0018599614793053474
0.0018566630523617945
0.0019006863636359596
0.0018369943953064948
0.0018864821457631143
0.0019389425689598097
0.0019125551949231423
0.0018260243755482159
0.0016720295052605502
0.0016483333802096174
0.0016284206116934205
0.0016717457407325748
0.0016332642703662567
0.0016529290183138743
0.0016251980701626836
0.0015706671283566168
0.0015358243126569956
0.0015068171496400637
0.0015430949545634264
0.0015518822969919743
0.0015103229495082265
0.001450452262179386
0.0013675967745478868
0.0013905164633948382
0.0013742829264126945
0.001319724377314901
0.0013251015409438348
0.0013143909176640534
0.0012599899950177871
0.0012111110287908499
0.001172565408262305
0.0011591508131470326
0.0011333931566487475
0.0010834838766864737
0.0010922330008604065
0.0011132610812278913
0.0011225845683702793
0.0010902517605764393
0.0010592203623104985
0.0010111204420765881
0.0009430164381035652
0.0009128387348266789
0.0008234305470501161
0.0008116261481190182
0.0008365411541424048
0.000866734290991671
0.0009093312468458298
0.0009704965135927855
0.0009475275691120062
0.0009018696889294109
0.0008495015413422907
0.0008315701841552083
0.0007805207476515261
0.0008068526624961504
0.0007711582365718312
0.0007042758252794232
0.0006180561870242216
0.0006598861801168208
0.0006552044167595989
0.0006273606220946553
0.0006178055133841652
0.0005999534790687012
0.0005806293358218507
0.0005324143099253629
0.00043384755338522334
0.0004254114754199526
0.0004581859318631434
0.0005161138758751529
0.00047535857797100715
0.0004608301517777374
0.0005349404852220333
0.0005615573926378079
0.0005905119143056001
0.0006717291241981166
0.0007057907109265636
0.0007777844716424535
0.0008561611709733848
0.000841672049480472
0.0008984561208014737
0.0008958180855717726
0.0009565450303775051
0.001013751984916095
0.001063663338886351
0.0011414210446714233
0.0012526945826921636
0.0013013571711681514
0.001319212947675162
0.0014050994838429214
0.0014706020502335214
0.0015257384904269636
0.0015858365816053845
0.001639655163248517
0.0016150946880349422
0.0017362653731788733
0.0018117037961033586
0.0018018335589655855
0.0018998094148582135
0.0020010529772709774
0.0020591886250196493
0.002152236422754172
0.002258036155914151
0.0022930721994427433
0.0023992578115910484
0.0025597585345209476
0.0025319638062746177
0.002604416393548432
0.0025331623049118577
0.002435341954199246
0.0025691831185815136
0.0026281914190823268
0.0026412621677680136
0.002564037314689044
0.002644972269204131
0.0027071129018720716
0.0027526487339427645
0.002622543488174452
0.002557299381572483
0.002439883814611122
0.0024609137866064236
0.002399681753481706
0.002381498843926727
0.0023711347537308993
0.0023710381324267902
0.0024556777905223926
0.0025852260925176254
0.0026981047398191853
0.0026395137811359498
0.0027293246741436046
0.0028487677395231206
0.002943310184253777
0.00307106734333279
0.0028863415450974725
0.0027821850065213004
0.002838656791233491
0.00278118106963999
0.002600758109880087
0.0025790293572938903
0.0026355137833815948
0.00261114737040038
0.002474849450003106
0.0024802920510443413
0.00232176950579467
0.0023088158651569653
0.0022721082590200703
0.0022583020553838627
0.0021818470304786762
0.002109343328150492
0.002050274033202524
0.001995586150967995
0.0017878099038301802
0.0017933689014000983
0.001857812509318036
0.0019187660289140096
0.0017872638785693706
0.0017895311013579407
0.0017058722488327127
0.0017550438048461777
0.0017102166258461573
0.0016246172176270298
0.0016503128960899597
0.0017066405452150807
0.0018143359608707836
0.001835991129217765
0.0017702616188858952
0.001811257571627904
0.0017602155783220245
0.001570324443586438
0.0015632615289634655
0.0015253236631760322
0.00137634530740511
0.0012363155881312564
0.0011475022268773501
0.0010891141616724278
0.0009949616355408135
0.0009628565703400126
0.0007755908115324848
0.000701560841063978
0.0006147848076817801
0.0006317760311689922
0.0006725258835483366
0.0006958441489594737
0.0006627281654338064
0.0006170758531475185
0.0007429025584112907
0.0007128594010823547
0.0007341902991559834
0.0006982459087515468
0.0007208074389191137
0.0007055578083945463
0.0006625222755178749
0.0006314370209304232
0.0006000289569081165
0.0005782531794026201
0.00048368879822049645
0.0004250221268269045
0.00038957972816845195
0.0003603691579659469
0.0003401567264611479
0.00029310720267422904
0.00023822560779237551
0.0001681531870452601
0.00013494989225510155
0.00010563332665085683
0.00009348823878817724
0.00012240399471434728
0.0001479029102280453
0.00020028263216042614
0.0002748886168916635
0.0003469099539596238
0.0003678597539258895
0.00043241440275767085
0.0005301079508223121
0.0006888643871842512
0.000745044582561618
0.0008305218765452681
0.000837556568637964
0.0008208435783534546
0.0008581582165391867
0.0010419325523984477
0.0011668175358750725
0.0013565639551311628
0.0014832745487836584
0.0014549900215467244
0.0013934640803560684
0.0013454705072558986
0.0014379984710911806
0.001422368106981086
0.0014980636197778853
0.0013616807699179305
0.0011333089120168036
0.0012761888223833083
0.0012124797987831664
0.001060137571017091
0.0011473375186700778
0.0012381059830448083
0.0015496750297999645
0.0018062968515161985
0.001782722740746355
0.0020812800982647033
0.0022946050731639826
0.0025945775027774874
0.0029136072127833664
0.0032052206152497656
0.003249212782677955
0.003534778762856509
0.003736123196998161
0.003886390296200546
0.00417056495424879
0.004291770613642762
0.004580815681714431
0.004613412896660134
0.00437185511113559
0.004700590425132471
0.0047775735452684
0.004986399504147531
0.005256722495053934
0.005789764778448877
0.006105097582475242
0.0060805285638319065
0.006371236592257412
0.0066059427221115
0.006468764800008391
0.0067296718719582335
0.006926598969109128
0.006900933079243167
0.006797102572524835
0.007099542428107498
0.007040387418857252
0.006795889151040372
0.006408572868646726
0.006199694843251933
0.006283005317210583
0.0071586836451370175
0.0075285088673449465
0.007570056593795189
0.00746211998799398
0.007459144105493454
0.0077502153742363186
0.008338507687816429
0.008668960335027827
0.008321498514323341
0.008831121524198526
0.009021195756051191
0.009583469181205145
0.009483204238319241
0.009229257142615433
0.009114147754758476
0.010427377782136859
0.01019961642522984
0.0101997959390439
0.01044895761234088
0.01078620461160223
0.011315526390899189
0.01166675236306674
0.012359238078300394
0.011852244945490508
0.011806943678128332
0.011988279080265238
0.011619369489162678
0.011159450767927405
0.0107311530134148
0.010690594092691439
0.01020536559525273
0.009813178742272166
0.01084715807005711
0.010501154451088783
0.010886155123042704
0.011394033088323543
0.01237292678243255
0.011672403440739486
0.012111584331749518
0.012722348279523588
0.012525302277715103
0.013464417114381958
0.013752054816972436
0.013959635659401311
0.013942991937509813
0.014208002458918298
0.013467254291221782
0.014051050832545625
0.013761937972026744
0.01326004982157651
0.014652310233312586
0.015316346921811625
0.015154443679944729
0.014981762328081539
0.016027209183634185
0.01659644924646503
0.015931707840413124
0.016659916388058558
0.016453415817416297
0.016572835344375245
0.016278211989094567
0.015435848454947564
0.01567594765072263
0.015454634387831226
0.01521058551043902
0.015433330422329656
0.014850033700340855
0.014831245560843481
0.014215062671441915
0.013968723675604871
0.014356584719327393
0.014316514709757103
0.014077263828485072
0.013242130698189978
0.013014457607235382
0.012695180435105268
0.011988056646243733
0.011537579226109594
0.01134366701808657
0.010905484681505068
0.01021397661368402
0.00955066698590573
0.009061173620978923
0.008242833998412987
0.00764494923984603
0.00694736702378949
0.006214628591799255
0.005860512447300233
0.005245099998000359
0.004439172566427035
0.003786725931880677
0.0033394587041705895
0.0025933511420937216
0.00210012119396899
0.0015311390195585032
0.001359639563962004
0.0013175488552620703
0.0015130815410462424
0.0019321464364277065
0.0023985687383688203
0.0028716782809833055
0.0038454223557108287
0.004322150014950462
0.004717318230051209
0.00587915313601166
0.0064871629500399906
0.007609167975807109
0.008579566564550159
0.008986669767726295
0.009864270716811863
0.010751558306975556
0.012214285388921255
0.0129583133919555
0.013449229893820913
0.014351333720805487
0.015387223337621315
0.01615873252997886
0.018614473535847137
0.019717515102417985
0.021741263431122537
0.02257846950632189
0.023356890501926048
0.025026442358424567
0.025542598457071415
0.027622668921973542
0.028081918857991096
0.028129464202985663
0.029596028137505715
0.031637699916943235
0.03105048626567596
0.03254029621362197
0.036743643156563366
0.03924311495571347
0.0398155440162822
0.040835156790417326
0.043080224810653836
0.04348250549487385
0.04589816892407877
0.046547819381688976
0.04483718059529399
0.04687638364036158
0.047256261372382175
0.04890953606174105
0.051786594257001814
0.05123199361614732
0.05581064524158889
0.055725512127581874
0.05611784729602823
0.058315883284535956
0.05809527019172156
0.0584440231184419
0.059851661305974954
0.060692273844102786
0.06238568310489846
0.06172632580340465
0.0638655044410496
0.06545950564646998
0.06959205485983547
0.0691643657992634
0.06893103960839353
0.06663514787963074
0.06892758895045473
0.07138130050234422
0.06939656320056166
0.06833445200360355
0.06765164345064043
0.06520441967732146
0.06056523468490893
0.06232796425708817
0.06555768772482994
0.0651154179936164
0.06657906604071688
0.06642215004304114
0.06998123101152062
0.07190262325102244
0.07377826800407543
0.07459362676663793
0.07736226482796633
0.07924058714831728
0.08113053653045858
0.08159611119149517
0.08488659931601854
0.08750531512420662
0.08636091889658437
0.08694892518065937
0.08955843561512143
0.09171939456204006
0.09161248214435642
0.09123499839245974
0.09413811985882158
0.09328016703121343
0.09469716071570884
0.09443793578832083
0.09558103900181
0.09128002483850889
0.09655410104312702
0.09377426397761872
0.09535394214255506
0.09532586991688292
0.0942505034815924
0.0949124864626287
0.09425568301286563
0.09316934063387927
0.09178580095450738
0.09131915485085125
0.08714231429565682
0.08801923020508956
0.08724725449401764
0.08237548226133579
0.08110574640745512
0.0799613743355809
0.08002479085556341
0.07883932226038515
0.07744530643598634
0.07472617166096274
0.07343907748969156
0.07452465198972943
0.07429760232678592
0.07438326950593986
0.0753418042372668
0.073280398842099
0.07217360579325144
0.07186811856263879
0.07051724576588524
0.07115816301809974
0.07298375899305155
0.07492890336743496
0.0742199510559164
0.07857999561719337
0.08223318992190379
0.08433414118824695
0.08324482423856627
0.08482255906742954
0.08644627689016751
0.08838653053771686
0.08754334705020951
0.08956009437041806
0.0887846634880388
0.089313781670422
0.09207527148960211
0.08840780239130937
0.08858577244591956
0.09378281178785186
0.09887960574805511
0.1015407874300388
0.09877982976864005
0.09821354577778196
0.10664869613427293
0.10567273818762853
0.11049245116511348
0.10868319829843955
0.10770210642184433
0.11050722800286672
0.11107010525057455
0.10914311219938724
0.11154158326133597
0.1125742639062916
0.1117489823929888
0.1093385804745171
0.10351267502201088
0.09909308410507733
0.0965313103315277
0.09912110320545572
0.09680405438220133
0.10131139712508963
0.10524659617549902
0.1049309570607753
0.10808215448463694
0.11601309105530955
0.1182010404401443
0.1185814297987084
0.1226661268661687
0.1284831776780406
0.1306338129001308
0.13505124184717282
0.1304808731112822
0.12882285707928418
0.13119022031382224
0.12702844177349812
0.12914200834420392
0.12625295458141111
0.12145818448104746
0.1183033615649724
0.12606391940785527
0.13032309612296827
0.12424622413803835
0.12954265757971753
0.12979433914844632
0.12813046682562587
0.13731268654274384
0.13582138781308312
0.13399901026417266
0.1266343967889408
0.12967070620151475
0.1314795491137364
0.13384986399869184
0.1394945930229819
0.13724464228015515
0.1422500307959159
0.13948418310125635
0.14645020673224057
0.14211247772493224
0.13805255594872987
0.13713104296692438