1.
0.999600000016
0.99840159817
0.9964059468409999
0.9936193619779999
0.990047697424
0.9856997208979998
0.9805843658569999
0.9747120927616001
0.9680995541954
0.9607589452219999
0.9527070498218
0.9439631570512
0.9345464930398
0.9244777464249999
0.9137786596795999
0.902474283265
0.8905891653474001
0.8781476067564
0.8651772226354
0.8517015438422
0.837757258058
0.8233728758778
0.8085656237942
0.7933800678578
0.7778431875354
0.7619806328604002
0.7458324677896
0.7294321390503999
0.7127919280123999
0.6959483936267999
0.6789531122668
0.6618318090386
0.6445897461901999
0.6272836022689999
0.6099182544042
0.5925313334628
0.5751684775874
0.5578378950828
0.5405836803573999
0.5234346218932001
0.5063946507050001
0.4895032117486
0.47278670873640005
0.4562766967552
0.43995102424099997
0.4238590133915999
0.40802674067
0.3924533724256
0.37714704936500004
0.362146778907
0.3474585928948
0.3330991704212001
0.31906363037959995
0.30537254178819995
0.29203623389760003
0.27905972670460005
0.26644129383860005
0.25420918231680006
0.24234578840160004
0.2308579766052
0.21976667853860002
0.20902728793019998
0.19868352542419995
0.188715641001
0.1791285092872
0.1699176243412
0.1610775457716
0.1525886006776
0.14446644679180004
0.1367032089138
0.1292870264944
0.12220376857459998
0.11546119699020001
0.1090469783804
0.10294868201780001
0.09715614709740002
0.0916637033306
0.08646555700580001
0.081540015917
0.0768893560868
0.07249855112200002
0.06836033180999998
0.0644559196426
0.060785106890599995
0.0573366862464
0.05409628425799999
0.05106207229799999
0.048219447825
0.045553937413200005
0.043067475246000006
0.040743622498599995
0.038574633233
0.0365551129532
0.0346765957318
0.032929063193000006
0.0313052919588
0.0297993104584
0.0284022436722
0.027109244139400003
0.025913061245200004
0.024808314369799998
0.0237901796986
0.022850377263399994
0.021985150943199996
0.021188803992799998
0.0204589156814
0.0197918109822
0.0191808037976
0.018623292605199994
0.0181166612314
0.017655495799
0.0172394381308
0.016863020517399997
0.016526143419199998
0.0162230880856
0.015954067399
0.015713595945200002
0.015502224195199999
0.0153170824358
0.015156811793
0.015019044102599998
0.0149009735734
0.0148033776306
0.014722120911800002
0.014654632473399997
0.0146027804746
0.014563459674
0.014535330656200001
0.0145161461652
0.014505159266799999
0.0145009591282
0.0145027179578
0.0145064164182
0.014514338668
0.014522418968
0.014531495188000001
0.014537802088400002
0.014543285237
0.014543398446200001
0.014539289764000003
0.0145268653588
0.0145076771554
0.0144812698508
0.014444127510399998
0.0143973722128
0.014339945573599999
0.014269405886
0.0141855388676
0.014087750115200002
0.0139740557292
0.0138467742256
0.013703048598000001
0.013544912138600002
0.013370762014
0.013179520735199998
0.012972406774799999
0.0127495052774
0.012511492413800002
0.0122558053252
0.0119855584202
0.0117026807938
0.011404860108199999
0.0110927438338
0.010768993966400001
0.0104347973666
0.0100897366842
0.0097365675264
0.009374306307399998
0.009005974923599998
0.0086334012936
0.008258712962799999
0.0078806060304
0.007503007640600001
0.007124601261999999
0.006752889298999999
0.0063848365091999995
0.006025635777599999
0.0056747751552
0.005336494550199999
0.0050110880276
0.0047011607024
0.0044089942006
0.004136920357
0.0038876848415999995
0.0036626709265999992
0.0034635108053999997
0.003293568255400001
0.0031541106862
0.0030472021158
0.0029762261322000003
0.0029425710072000003
0.0029476859934000005
0.0029944085254000005
0.003085234283
0.0032219968711999997
0.0034067343180000003
0.0036414975998000005
0.003928358918999999
0.004269124083
0.0046669704830000006
0.0051226100748
0.005639322786800001
0.006217678071600001
0.0068628543198000005
0.0075751780558
0.0083560955936
0.0092064145818
0.0101304868356
0.0111292820714
0.0122057650782
0.013360231531399999
0.014595727861999998
0.015918316785800003
0.0173265394108
0.018823702076400002
0.0204080507892
0.022089354102800003
0.023864077525
0.0257349341056
0.027708704065
0.0297819224916
0.031957262284400004
0.0342388052052
0.036626680073199996
0.0391262133064
0.0417384847768
0.0444626062082
0.0473056634424
0.0502612581816
0.0533424157658
0.056539944961
0.05985635922520001
0.0632995609364
0.066872124846
0.07057487372160001
0.074394100849
0.0783384276052
0.0824207664518
0.0866293420198
0.09097015133139999
0.09544549723839998
0.10004909790239999
0.1047944071206
0.10965879146219999
0.11464679994679998
0.11976310901059999
0.12499029387879998
0.13035834312199998
0.1358443755246
0.1414506100172
0.14715861217319998
0.1529813951142
0.1588955547638
0.164901118944
0.1710203465192
0.1772503584532
0.18355283882159998
0.189959519282
0.19639428682139998
0.20292772452900004
0.20950691688279996
0.21618131135920002
0.222902359353
0.22964073827960002
0.2364455372688
0.24325347800860003
0.25006323966359995
0.25688104693700003
0.263737852207
0.27053074437999997
0.2773378092844
0.284125179677
0.29083953040079996
0.29752039513839995
0.3041331454172
0.310720418054
0.31721017282419994
0.32360609952499997
0.3298928643424
0.33605649029679996
0.3421845548734
0.348099039635
0.35386110623
0.35951171738560006
0.3650292123162
0.37042486130600005
0.37555677581280006
0.38059367752199996
0.385415430692
0.3900606106396
0.3944987081228
0.39875395008959996
0.4028156225858
0.40661176548620004
0.41010918544960007
0.4134066722224
0.4164621537674001
0.4193146319894
0.42194798588860005
0.4242928997304
0.42642191215840003
0.4282844206342
0.4297935394445999
0.43117299123819997
0.43227952259939995
0.433109314346
0.43364571295000004
0.4340062906958001
0.43406234788619996
0.43387097056999996
0.43340523787459995
0.4327103848482
0.43183276071
0.43066934583259997
0.42932847445400013
0.42764118855859995
0.42577719889660004
0.42366169811779997
0.42135457071619997
0.41884780472620003
0.4161246860296
0.4131810315756
0.4100176224218
0.4066130957714
0.40307242551380007
0.39942286123759996
0.3956304668558
0.3916734264996
0.38749026736540004
0.3832883633672
0.3788345891588
0.37434615369619995
0.369679177681
0.36507409459400003
0.3601607874552
0.3552559465036
0.35032106583260003
0.34524962859060004
0.340114020331
0.33493423298259994
0.32964316732480003
0.32433144321060003
0.3189897552366
0.3136262001028
0.3081295012078
0.302660573442
0.297254475721
0.2917653939524
0.2862813340332
0.280831728795
0.2753470622178
0.2699658355044
0.26454047569079997
0.25918204345279994
0.2538599724208
0.24857313002460005
0.24331095667100003
0.2380690159202
0.2329542992664
0.227908942915
0.2229244684318
0.2180513331244
0.2131728680988
0.2084207618866
0.20373546950920002
0.1991777750786
0.1946443594032
0.190197000611
0.1858980081126
0.1817276763472
0.1776229916982
0.1736337100946
0.16983032430460004
0.1661321465012
0.1625404972028
0.1591100197524
0.15580128001500002
0.1526321381732
0.14962356336620003
0.14670583212759997
0.14391145695160001
0.14130430752679998
0.1388525849144
0.1365996399926
0.13451821789260002
0.1325650046802
0.13070007256
0.1290495663102
0.12751581905339998
0.1262103687092
0.1250160029364
0.1240838563996
0.1233128367852
0.12271649001759999
0.1223322560858
0.1220678184876
0.1220348399838
0.12217303998459998
0.12247388867659999
0.12300899780199999
0.1237183069746
0.1245658194158
0.12561304417440003
0.12674561974979998
0.1280245013204
0.1295251545716
0.1312246101202
0.13300581089439997
0.13495585482099998
0.13708785525599998
0.1394343522618
0.1418726632522
0.1444662602526
0.14712557058219997
0.1499131223478
0.15288734147660002
0.1559328936672
0.1591118581678
0.16231580707999999
0.1657456676004
0.16915591212419998
0.172572022924
0.17599731296359997
0.1796170683088
0.183243829243
0.18683360198199997
0.19052514134799997
0.19419167345059998
0.19784155456460004
0.20160151321859998
0.205312989851
0.20898703981680003
0.2125763234476
0.21621014266419997
0.2198443371682
0.22317609064139998
0.2264256806388
0.2295795464506
0.23266714503119998
0.2355767327768
0.23844061674080003
0.241156172407
0.24384656625680004
0.2463053137048
0.24860737723139997
0.25067975940959997
0.25260974754420007
0.2543190225414
0.255658853704
0.25703747965539997
0.25814234313120005
0.2590465862518
0.25966695517259997
0.260189992335
0.2604184174254
0.26046234370879995
0.2603183990802
0.2600127561044
0.2592533549708
0.2583638803366
0.257016264431
0.255478677764
0.2537245274282
0.2516666704612
0.24948011825059999
0.24701962614479997
0.24426451383720002
0.24135729702420003
0.23839937975319997
0.23508006680179996
0.2316031211646
0.227845924862
0.2239249596472
0.2197796578736
0.21550765896799998
0.21118464925299998
0.2066469311728
0.201949198881
0.19720637856120002
0.19211355637219998
0.18714690292999997
0.1817803413434
0.17632526802360002
0.17086964236020002
0.16537143301359997
0.159689929386
0.1540659003242
0.1483011046886
0.1425521141552
0.1367344450562
0.13097867664960003
0.12523456223040003
0.11938615037140002
0.11370108611020002
0.10787360279779998
0.10221012474060001
0.0965515873278
0.09114584585680001
0.0855829878752
0.080263426294
0.07496069403200001
0.06975502832279999
0.06456185000459999
0.05973769543600001
0.054998583154000004
0.0504497319732
0.0459807746904
0.0416339928522
0.0376050945712
0.033656299187
0.029915651190000003
0.0264728654454
0.0232130118472
0.0201540624258
0.0173965794808
0.0148305353994
0.0124414408202
0.0102861246134
0.0083605715
0.0066605649892000005
0.0052090114970000006
0.0039932037516
0.0030348753177999997
0.0023038687212
0.0017885912901999998
0.0015178931424000002
0.0015100954810000002
0.0017201729892
0.0021856401540000002
0.0028931246818
0.0038517015824
0.005087967769600001
0.006495057538
0.008139227543200001
0.010005948132199998
0.012119207258599999
0.014447267771799999
0.0169541061726
0.019565512067400002
0.0224534730204
0.0256090016102
0.028830137729600004
0.032233999005800006
0.03603165672599999
0.03985173548780001
0.0438955530494
0.0480461986422
0.052110028350399996
0.0564075873436
0.0608319206704
0.06536575959200001
0.070050160087
0.07465146469259999
0.0796817780974
0.08464631473920001
0.0897429985896
0.0947976487402
0.10019698941579999
0.1055552436298
0.11076001945499998
0.11617490935720001
0.12155257148500002
0.1268905823204
0.1321556811238
0.1376505525784
0.14322366210999998
0.14817101807420002
0.15373680184520003
0.1588905435334
0.1636107560074
0.16893148425020002
0.17394977553139998
0.1793724853612
0.184195515007
0.1891625761748
0.1938553387096
0.1982340680288
0.20286973456520002
0.207383556354
0.2120196522654
0.21655178298939998
0.2206019648892
0.2244732796944
0.22812338369440002
0.232021076609
0.2360473176872
0.23953060542580001
0.24270615839419998
0.24600025416840002
0.2488078026762
0.2520704683722
0.25465567657419996
0.25704564803560004
0.25944824953099993
0.261940229708
0.2640515732018
0.26675978375599996
0.2688549045138
0.2700114357652
0.2711624657452
0.2719276491714
0.272773520677
0.27395378614279997
0.2745747671476
0.2743519168606
0.2744308130766
0.2748265823754
0.2744960826628
0.27397881414759995
0.27298983567779994
0.27282158921579996
0.27216146261800006
0.27078941222659997
0.2700457121376
0.2686159051854
0.2667272269598
0.26451802629119997
0.26275600954339995
0.26081979911099995
0.25861683238399996
0.255966790309
0.25374119098000003
0.250565625682
0.2472696432794
0.244197725134
0.24129082522279996
0.23845059963940005
0.2356158485542
0.2319271924678
0.2283583394678
0.22493683480420001
0.2218354489722
0.2180455385378
0.21366444563839998
0.208825777234
0.20505328295360004
0.2002205470416
0.1950539774868
0.1903843149
0.18560543245660002
0.1808895237734
0.1759772146884
0.1707094683698
0.1661608511072
0.16052047080479998
0.1556637644656
0.1508937793708
0.1449804261752
0.1395593516464
0.13496555300340002
0.12969111086239998
0.12427672550840001
0.11902735865259999
0.11360895386259999
0.108536190702
0.10309842201099999
0.09824031174619999
0.09346357164600001
0.0886790373824
0.0832312994354
0.0790396540008
0.07399348487940001
0.069505032717
0.0651251256928
0.0608109099264
0.0564141592898
0.0518800052592
0.0483303839746
0.044157759345400005
0.040234965501599995
0.036696925853
0.0332237171098
0.029564889458600002
0.026668225509800005
0.0236710776622
0.021096386120799997
0.0184879755926
0.016217775546599998
0.0135656103092
0.011377136676
0.0095221735698
0.007684187030800001
0.006441104466200001
0.0053782566284
0.0043166996332
0.003587945202
0.0031476574914
0.0027579880183999997
0.0027397927168
0.0028814890688
0.0033968854857999997
0.004149110108999999
0.005068189418800001
0.0060947596064
0.0073664270532
0.008972361633000001
0.010759901270800001
0.012651750003599999
0.014692318044200004
0.017067668785200003
0.019762866498999998
0.0224846311406
0.025964127502199997
0.028501377935
0.0317230020198
0.0354690627326
0.038723342226200004
0.041306267603800004
0.04465255234399999
0.04835315583000001
0.0524527984488
0.05705910157940001
0.0608678242024
0.06620915290360001
0.07140824946440001
0.0755263333554
0.0811376324218
0.086316366328
0.0904251790304
0.09701860720019999
0.103381509362
0.10887509263739999
0.11475765712099999
0.1210405775152
0.126735016916
0.13213106190360002
0.138820717519
0.143511642912
0.14763121045600003
0.1524451017178
0.1594478009354
0.166700893598
0.17162673613739998
0.17479698233519997
0.18043048101600004
0.1864049120062
0.1914751242486
0.197528945647
0.20100646609000003
0.20408350553979998
0.2111949435574
0.21650252777999998
0.221027547965
0.2271155293678
0.2296391720346
0.232907151646
0.23835888053180004
0.2438666076364
0.24894582443439997
0.2521106886398
0.2554372832476
0.2592755026154
0.2619825788408
0.2627216314874
0.2640240628092
0.2643861163782
0.26710956914080003
0.2686952576504
0.2704535081954
0.2740729967686
0.2751010221652
0.27506114701740003
0.27478363056259997
0.27630867583060004
0.2770349872662
0.27384161986980005
0.27516421572980004
0.2755645076904
0.27590070000379996
0.27682365457
0.27559831819
0.2715166282058
0.27142364017760007
0.26948696575
0.2712403052242
0.2679238462068
0.2687994549152
0.26879341234320003
0.266170551908
0.2616432112918
0.2612530742878
0.2598303557694
0.25736639157019997
0.252600253298
0.24594346255920002
0.24547947516399998
0.23991777142779996
0.23847517702399998
0.22867823744879998
0.22773874083419998
0.2246851614914
0.22000602038680003
0.2143004436454
0.20947068656599996
0.2048243298808
0.20316747438599997
0.20133494203020005
0.19579719008939997
0.1933914784538
0.1886752515258
0.18500550343740002
0.18482149772060003
0.18095245246919994
0.177107976188
0.172872664909
0.1707771812086
0.1672833165296
0.16261242134899997
0.15659539478860002
0.1527744663122
0.14971673857719997
0.14965645821480003
0.14513384959999998
0.14220146647159998
0.1421659554652
0.1361832901554
0.13385057585
0.132128359054
0.127857551627
0.1282364251602
0.12916909393339998
0.1306912574716
0.1283295069016
0.1311778415812
0.13217102184860002
0.1340006621594
0.13395356391760002
0.13360969040819998
0.1325159146432
0.13414340395959998
0.13013691817099998
0.1303828715312
0.12808685424219998
0.1311458699868
0.1346610227318
0.13363935869639998
0.1312377193386
0.1311725183452
0.1342790907684
0.13722230651700001
0.1376053729824
0.13926009878240003
0.1450497672114
0.1464401173386
0.15008562044419999
0.14972216145479997
0.1481389115424
0.14935094232819995
0.1491659394132
0.14969701209539998
0.15198929608460002
0.15145212297500002
0.15066845246080002
0.1505858877482
0.15185406433300003
0.15256188573579998
0.15232557805639999
0.1611622597584
0.16607619276879998
0.17128657440279998
0.173062977122
0.17857579936419998
0.1765879456032
0.185827703368
0.1913717289928
0.19356999725399998
0.20236830422319999
0.2099723184084
0.21705756189259998
0.22313810393519998
0.22213445518139996
0.21816098040939996
0.2211634928538
0.22320113776020004
0.23545102398719994
0.22772788996980003
0.225851401017
0.22130773977540003
0.2266819041402
0.227160471712
0.2289180646296
0.24186418621459999
0.23779304371100002
0.2346701111704
0.24863851818580002
0.2589838174106
0.2515261532976
0.24762290957679997
0.25749290096759997
0.2656276370480001
0.26968530216539993
0.2665064139986
0.25963098129359996
0.2608442812498
0.2580015361752
0.26971992478780005
0.27776461906499994
0.282434481413
0.2759965865992