1.
0.990046632965
0.9607259939495998
0.9136225054425999
0.8512315968455999
0.776749582029
0.6938516227122
0.6063592981034
0.5180323049798
0.4322608926854
0.35191187026860005
0.2791652488898
0.2154536210622
0.16148682464519998
0.11729594411660002
0.08235069578359999
0.055717334980800004
0.03619453092779999
0.022474773534599996
0.013269278783399997
0.0074017122726
0.0038700548289999997
0.0018794661576
0.0008390868876
0.00034093878900000004
0.0001254432984
0.0000423450474
0.000013892714199999998
5.0666876e-6
2.4896578000000003e-6
1.8157508000000003e-6
1.6657508000000003e-6
1.5559402000000001e-6
1.5399344000000001e-6
2.2977718e-6
5.749717999999999e-6
0.0000176909226
0.0000547845964
0.0001584099406
0.0004170692694
0.0009972363666
0.0021803531344
0.0044014900428
0.0082811777744
0.0146445280262
0.0245145064552
0.0390834475584
0.05963140944459999
0.0874509572162
0.1236851161238
0.1691973916742
0.2244279161112
0.2891842533416001
0.3626843666224
0.4433794454284
0.5289736529478001
0.6164998245578
0.7024951231266001
0.7832580625206
0.8549901655837999
0.9141471434511999
0.9577065273843999
0.9833273704218002
0.9896584953446
0.9763405544673999
0.9441169390157998
0.8947423253218
0.8307907815494
0.7555760648345999
0.6727306105103998
0.5860679410113999
0.49920523787800003
0.4154307762760001
0.3374386936168
0.26719044602599995
0.20598695420039997
0.1543787518924
0.1122928921914
0.079126549325
0.053914836002800004
0.035453558463399995
0.022460775944
0.013690755047
0.0080321701342
0.004546388943
0.00249895473
0.0013513466184
0.0007348157401999999
0.00041488322260000007
0.00025387735419999996
0.0001763137538
0.0001425090774
0.0001308464486
0.0001283546986
0.000127069204
0.0001235017944
0.00011897880559999998
0.00011965377160000001
0.0001367909338
0.0001886110824
0.000306536095
0.0005482451884000001
0.0010191640330000002
0.0019023109031999995
0.0034936754590000002
0.0062393376102
0.0107636396974
0.0178854398612
0.028610421378199996
0.0440932163936
0.06556332682800001
0.09423374157459999
0.1311592218474
0.1770963256662
0.2323614833044
0.29669601298439996
0.3691900097406
0.4481951092096
0.531382366997
0.6158237277838
0.698153377352
0.7747287674286001
0.8419607940314
0.8964684511640002
0.9354359715716001
0.9568579118174
0.9595823349154001
0.9434589829573999
0.9093052082604001
0.8590789072746
0.7954119893938001
0.7215020623976
0.6409373406476
0.5572875095304
0.47406721367039995
0.39424598378279996
0.320301708814
0.254043887924
0.19652961684220002
0.1481941482898
0.1088365551666
0.07780945140119999
0.0541630908588
0.036733008771200004
0.0243183102256
0.015769275470599996
0.010073694826
0.006398535563800001
0.0040921739668000005
0.0026807653414
0.0018391032042
0.0013555466316
0.0010965590144
0.0009764992217999998
0.0009382005855999998
0.0009391007664000001
0.0009484046792
0.0009454570166
0.0009231343174
0.0008870023476000001
0.0008568472142000001
0.0008638699367999998
0.0009515502754
0.0011780759064
0.0016276460952
0.0024287193442
0.003780225373399999
0.0059841735186
0.009477771051
0.01486538024
0.0229256597512
0.0345973860756
0.050952366786800006
0.073128171068
0.10219715376239999
0.13910204367300003
0.184462469685
0.2385047586146
0.30082620485699996
0.37049192790499996
0.4458480638018001
0.524607003149
0.6038869456974001
0.6805571296148001
0.7511457166794
0.8123308891764
0.8610456317205999
0.8948075967770001
0.9117985220075999
0.9111455709669999
0.8929213122288001
0.8581290434948
0.8087336231696
0.7471585651622
0.6765243768316
0.600239516769
0.5217043009646
0.4439963612718
0.3698945948086
0.3014611707536
0.24037422490760002
0.18749880826600002
0.1430695453352
0.10685218249680002
0.0781831104542
0.0561513071402
0.0396927210764
0.027732258127600006
0.0192648729386
0.0134086678158
0.009451322748
0.0068393699737999995
0.0051688902878
0.0041526561347999995
0.0035903656749999998
0.0033361925394
0.0032801816287999996
0.0033308489346000002
0.0034128972007999997
0.0034684702503999998
0.003460265634
0.0033777003341999997
0.0032371786662000004
0.0030830818984000003
0.002979820714
0.0030105475383999996
0.0032740243438
0.0038947506566000003
0.0050313368390000005
0.006896519494199999
0.0097957603446
0.014144101740200001
0.020498082615800002
0.0295633404424
0.0421832521562
0.059300859824800004
0.0819162191002
0.11094918156719999
0.14719600915900002
0.19115081214119997
0.2428730218198
0.3019389740388
0.3673809114622
0.4375285709418
0.510220812187
0.5828624120097999
0.6524636563194
0.7159237508308
0.7701445733433999
0.8125387256247999
0.8408333478816001
0.8535866543059999
0.8501908254198
0.830814014111
0.7964104258896001
0.749051325801
0.6910977054184
0.6253959152188001
0.5549939118484
0.483040879898
0.41219685077619994
0.3448934361304
0.2829859360638
0.22775858792820003
0.1798893243592
0.1395952170352
0.1065676922542
0.0802257184862
0.059704523985
0.0440977796432
0.032482812041799994
0.024031290589999997
0.018015691118999998
0.013841533758399999
0.0110561328484
0.0093115272522
0.008343525504
0.0079412446066
0.007928578796800001
0.008146067960400002
0.0084500286756
0.0087207717858
0.008864177156
0.008824260716799998
0.008592012954600001
0.008204677742
0.007742219953
0.0073219540178000005
0.007080691373200001
0.007177475860599999
0.0077885053062
0.009112419564000001
0.011386576229
0.0149064220384
0.0200566525888
0.027325113672200002
0.037325369714399995
0.0507772252166
0.06847881513779999
0.09125443966899999
0.1198595443246
0.15489769437060003
0.1967328253684
0.2453270503704
0.30017315035180003
0.36033399754
0.42419920904939995
0.48988771181060004
0.5548530011846
0.6164842640396
0.672069748467
0.718935004757
0.7547759500540001
0.7776428540834001
0.7864590602374
0.7807358591888
0.7609068298205999
0.7280691288826
0.6838115281504
0.6305385885952
0.5708107494839999
0.5074504588922
0.44288440052300004
0.37967989702599997
0.31980285121179997
0.264802886872
0.21568301656740002
0.173027154964
0.136942150962
0.1070922773644
0.0829771783832
0.06390789425739998
0.049155049719
0.03797163971079999
0.029681090444199996
0.023726009172400003
0.019636287009199997
0.017039957721800003
0.0156208473762
0.0151110199262
0.015267679816599999
0.0158525159104
0.016640779956999998
0.017417154291799998
0.018000251205
0.018261326415399997
0.018124277913600002
0.017590768132999996
0.0167245655606
0.015669416405
0.0146014465062
0.013739467922199999
0.013315134147999999
0.013575032526399999
0.0147667878406
0.017163189675999994
0.021051969000600003
0.0267924859254
0.0347883530366
0.04553644936159999
0.059614763609
0.077631411612
0.1002411664824
0.12799504432400002
0.1613187271772
0.2004497790068
0.2452184676676
0.295151162207
0.3492995734982
0.4062155383452001
0.46413048544720004
0.5209480102184001
0.5743521139512
0.6218837315486001
0.6613158885324
0.6907017549986001
0.7085818125009999
0.7141778429862
0.707130768339
0.6877673479762
0.6572364946958
0.617101909937
0.5693696466798001
0.5163848555536
0.46032943251640007
0.4036283664893999
0.348243996221
0.29575397961419997
0.24755887319219996
0.20439777278920004
0.16668420256239996
0.1344944515296
0.1076406189114
0.0856771873088
0.06805945036739999
0.054263589083999995
0.043713638014199994
0.0359226856608
0.030477580997200004
0.026998137290199998
0.025154885796600003
0.0246355957674
0.025148327947599997
0.0263621527288
0.027972644644599996
0.029668697567800002
0.031134338098799997
0.0321360848532
0.0324988291166
0.032146995042000005
0.0310873924708
0.029441672221599997
0.027409203058800003
0.02526184403
0.0233077783496
0.0218913523442
0.0213373631054
0.0219596233914
0.0240606202604
0.0279384414272
0.033903680032400005
0.04229071850360001
0.05348765950559999
0.0679178075606
0.08598899006140001
0.1081778910908
0.134799872684
0.166183378679
0.20232586150839998
0.24301376572660005
0.28774068330719993
0.335601246398
0.38532818556820003
0.4353984059999999
0.48392303719920005
0.5289235817546001
0.5685117698701999
0.6008021036826
0.624213458789
0.6376455028528001
0.6404007638788001
0.632349315982
0.6140572512312
0.5864238191866
0.5508386522456001
0.5090399179464
0.4629369698860001
0.414490477774
0.36551877391240006
0.31771315709680004
0.2724484152764
0.23063138145519999
0.19297660414419998
0.1598420937962
0.1313303325196
0.107274486865
0.0873407308486
0.0712674090852
0.0586601074244
0.049124335778399995
0.0423759668612
0.0380539563492
0.035862733151000005
0.035488446554800004
0.0365630997966
0.038748439638
0.041633197060599994
0.044766866356
0.047701708026399996
0.05008576870420001
0.05159176828960001
0.0519907581808
0.05121911243840001
0.04931275687679999
0.0464625351752
0.04296171953160001
0.039189174848000004
0.0355759900608
0.03257726612300001
0.0306138163506
0.030108404803600004
0.031411663044999996
0.034833759692
0.0406494176474
0.049119767365
0.0604958650598
0.07504245109540002
0.093002825153
0.11459582382140002
0.1400235571404
0.16932564579939996
0.2023348891516
0.2388931412628
0.27839173557540003
0.31998819327819994
0.36264515713279993
0.4049692827944
0.44548550554780003
0.48265134889960004
0.5147094267802
0.5403466613393999
0.5583675495367999
0.5678098394972
0.5682950772164002
0.560018407929
0.5433495324076
0.5189618758568
0.48815561938760005
0.4522512030226
0.41298714298219996
0.3717365125853999
0.33006551706580006
0.2893038009074
0.25047477366660004
0.2144047753398
0.1816162652056
0.1525122509438
0.1271811421782
0.1055843285676
0.0876619957512
0.0731911958934
0.062020369967
0.05395310888239999
0.0487603448512
0.0462039574108
0.045998342133600004
0.047777771239
0.051120538039999996
0.0555591410876
0.06056167617020001
0.06555509381500002
0.070022519767
0.073442610823
0.07543118046060002
0.0757499972672
0.07434380646960001
0.0713166021288
0.06687951666799999
0.0614528669824
0.05553494548059999
0.049744057691
0.0446195653562
0.0407196381318
0.0385304485362
0.038480643722
0.0408862266288
0.046042275661800004
0.054154019015600005
0.0653080885216
0.0796391781882
0.0972096894244
0.11809344254380001
0.1422467101364
0.1695885280262
0.1998629532142
0.23265152630439995
0.2675170298468
0.30358238853219993
0.33985188331060007
0.37543419348080004
0.4089173849612
0.4390706125114
0.46477629662220005
0.4847230030584
0.49829773278799994
0.5046569938784
0.5037572664432
0.495549208197
0.4805051460914001
0.4591371165758
0.4327622957992
0.4023458444596001
0.36893904074739997
0.33405139642
0.2986302086487999
0.26380201114300006
0.23040917735719998
0.19904367064559997
0.17025821868660002
0.14434880576599998
0.1216135770552
0.1021109872714
0.08592652272760001
0.07309428963440001
0.06360197439779999
0.0574053267558
0.054346659128200005
0.0541859009364
0.0566514935774
0.061316563197200004
0.0676141456472
0.07495439095180001
0.08258850159400001
0.0898694742606
0.0961063981988
0.10067886615619999
0.1031910014646
0.10329498148860002
0.1009309255652
0.09635190096940002
0.08988024877840001
0.0820241541902
0.0734359106094
0.0648633867002
0.057021432947399996
0.05058693334659999
0.04618686476
0.044302054555600004
0.045321762779
0.049472480055599996
0.056849749092399995
0.06750011315980001
0.08139151974079999
0.098471721298
0.1186225792982
0.14160419592600001
0.16717431732820004
0.1949120889004
0.22438530461619996
0.25499260945760005
0.2861665554688
0.31706976780600005
0.34675201093440006
0.3742502093344
0.3986092978257999
0.4188436789682001
0.4344225744811999
0.444237450639
0.44830539327679997
0.4464531994088
0.43865818073779994
0.4252166793042
0.406853492236
0.3843582570272
0.3586358742496
0.3305245184616
0.3009083934034
0.27068303400879995
0.240572844072
0.21138234973120001
0.18360257582720002
0.1578003048472
0.1344056238546
0.11377219161879999
0.096131449989
0.081730564985
0.070742272996
0.06329371373279999
0.0593717559458
0.058961677108199995
0.061784760487799996
0.06748006066640003
0.07553690143439999
0.0852446354016
0.09584537407320001
0.10640921254859999
0.1161117563978
0.12409457084020001
0.12971759082040002
0.13251749512699998
0.1321277302978
0.128601258594
0.12220168926700001
0.11329282318240001
0.10261740613699999
0.091025071256
0.07931808852040001
0.0683905768072
0.05912991388500001
0.052179591313
0.0481044526406
0.04730513365359999
0.050037508067799996
0.0564304428216
0.06637122798440001
0.079699695686
0.0961702515798
0.11552918714560001
0.1372773155222
0.1610889825854
0.18657788540500003
0.21325414834499998
0.24042157256279997
0.2675607512974
0.29407801572939996
0.3190091625914
0.3418069187306
0.3616250760204
0.37785172598820005
0.38972914471700004
0.39718944151939994
0.39960091389100005
0.397224542455
0.3899783935702
0.3785239270566
0.3626916372828
0.3434199237606
0.3211611427658
0.29681732947979994
0.271031880173
0.24434231013000002
0.21751104008499994
0.1913858164554
0.1663882758154
0.1429591241496
0.121657433841
0.1029002315552
0.0871297555418
0.07472347531
0.06601225122759999
0.06109151464220001
0.060063493235
0.06282053937860001
0.06907697559079999
0.07835074077359999
0.0899185574474
0.1030083515948
0.1166750274484
0.1299091438526
0.1416754979266
0.15109550523620002
0.1574257967802
0.160230800479
0.15923743752340003
0.1543377201858
0.14598327896180002
0.13475949530079998
0.12136159385159999
0.1066834121322
0.0917750879484
0.07765750567439998
0.06526922784640002
0.055494745662
0.0488441317138
0.045856734723599996
0.046861120544399996
0.05188700534559999
0.06091580979919999
0.07351839890999999
0.0894469470638
0.1082244019916
0.1294156846876
0.1524974448084
0.1768269787524
0.2019114108504
0.2269976511842
0.2517103718658
0.2750297327724
0.2967288145846
0.31600258389040004
0.33244084517899997
0.34535902047480005
0.3545024727014
0.35977925182
0.36102148778559995
0.358151886558
0.3511229596442
0.34057571629320005
0.3264476257618
0.3092771421616
0.28950187104860003
0.2677245062096
0.24457301963519998
0.2204301957092
0.195997908896
0.17179990093140002
0.14834333932479998
0.1264801150216
0.10656619705999999
0.089324786472
0.07518648661079999
0.06477556148220001
0.058339523023399995
0.0560320100754
0.0580494459366
0.06418507683420001
0.0741222442548
0.0871727601204
0.10252457913799999
0.11911603945
0.1360609389154
0.1521307541934
0.1661740418282
0.17731360480179997
0.184519289078
0.1872917019428
0.1855508856516
0.17936416089660004
0.168881207702
0.154976747502
0.1384797410832
0.12056442514240003
0.1022730145778
0.0847562978764
0.0691097152602
0.0563060518438
0.0471138443694
0.042053843440599994
0.041447240592199994
0.0452581824522
0.0533481463796
0.0653062860348
0.08078984557319999
0.0991765798864
0.1201243955786
0.142494295149
0.1659110364758
0.18974873868099998
0.2131174886548
0.23567226214859996
0.257008422193
0.2761096814282
0.2927697012084
0.3070559249638
0.31830775403580003
0.32595730484819996
0.3300675843056
0.33052891234039994
0.3273592878592
0.320609230515
0.31071152313379996
0.2974818625858
0.2812387205908
0.2625452374096
0.2419452728954
0.2198538420368
0.1967217417312
0.17325472137620004
0.14998635800059998
0.1275269158334
0.10661490196260001
0.0880382939288
0.07231724082879999
0.06019428302100001
0.0521412726932
0.0485340485292
0.0495300778466
0.05505734054539999
0.0649012057256
0.07860314810420001
0.09540244456380001
0.1141185761498
0.13388080341
0.1533311516416
0.17137065304399998
0.18673418498659997
0.19838540424099999
0.20565733087559995
0.2080187176126
0.20513701426220005
0.197431044991
0.18503383436940002
0.16884005124839999
0.14944510743300002
0.128798502147
0.10772759162340002
0.087363544228
0.0691671303238
0.0539654115222
0.042575825554
0.0355216453644
0.033081635478600005
0.0354682233852
0.0425650568
0.053883955574999996
0.0689097498108
0.0872182076054
0.107947276959
0.1304872026508
0.1538163437294
0.1774154304794
0.20058555414679996
0.222650365476
0.24288200863579998
0.2611510906733999
0.27679306466899994
0.28986428689979993
0.2994692362788
0.3056606767676
0.3083774800222
0.3078711923686
0.3034743598082
0.29606619451699995
0.285339329387
0.27128652960780003
0.254981458194
0.23628321444899997
0.215626809865
0.19353964373180002
0.1706704853574
0.14777564613459998
0.12527676934579998
0.10393619754620001
0.0846359744178
0.0677436128214
0.05444900426180001
0.045025922671399994
0.0403187149544
0.0404658137844
0.045426765347200006
0.0550548008032
0.06891731771739999
0.08642726822920001
0.1067240157316
0.12868039004460002
0.15103467076100002
0.17279826128339998
0.19239511117879998
0.2086290916974
0.22056510429979997
0.22729512980699998
0.22858943261239997
0.2238463888028
0.21404928238479998
0.199131664716
0.18055220872
0.1586534542196
0.1350805417406
0.11149285361680002
0.088697638376
0.06803683966179999
0.0507514242836
0.0376999043834
0.0292086953832
0.025615126371200003
0.026988234939
0.033151631518
0.0437439217076
0.05829519279300001
0.07604365233000002
0.09626240294559998
0.11791936525220001
0.1407710013328
0.163426196622
0.18579382011380002
0.20701693818619998
0.22658156115840003
0.24394033736400003
0.258605399142
0.2711570345662
0.2804598889608
0.286595114668
0.289157873171
0.28858579646340005
0.28442162782659997
0.277061313098
0.2665407385866
0.2532514454878
0.2371721043398
0.21879132222039996
0.197831042652
0.1754566447452
0.15278953325220002
0.1298208611274
0.10767746069580002
0.0868749426088
0.06802020589080002
0.052330027133
0.04052942769819999
0.0331844321206
0.030764897892200004
0.03329319251480001
0.04115974211659999
0.05386842328920001
0.07096624686459999
0.09138441665979999
0.11423769330019999
0.13829939163059998
0.16262911686620002
0.1854189573158
0.2055894111812
0.221594530563
0.23272229651280002
0.23862243374579997
0.2383578262044
0.23209399404800002
0.22019604524039998
0.20396269158980002
0.18337377706139998
0.1600402030982
0.13524875770839997
0.1100540916004
0.0859424905118
0.0644077531754
0.046057994406599995
0.032009670597399995
0.0227031298142
0.018327573237799998
0.019184845014399998
0.025077754812000003
0.035540696642800004
0.05017172461
0.0682689316898
0.0886636634536
0.110956366607
0.1342067192756
0.1580523086082
0.181115758214
0.20293966733979998
0.22267388964459997
0.24031818156760001
0.2556552577932
0.2682044904864
0.276748492958
0.2815591877660001
0.2831798599536
0.2807967571419999
0.27518084529360004
0.26621723082399995
0.2537771449932
0.2387975358816
0.221012318054
0.2010863048416
0.17927949143480001
0.15600158597719999
0.13222652149660002
0.10946726340799998
0.08757955325560002
0.06768371270580001
0.050725990714199996
0.037297594470800007
0.027813217559399993
0.022867595603800004
0.022697618275199997
0.0274924645598
0.0371006741922
0.051140935579
0.06937264204320001
0.0903219069908
0.1137375979908
0.1382549359102
0.16231567717559997
0.18538544084119998
0.20546337885619997
0.22101642052120002
0.23191964106559998
0.23727440135339997
0.2367957875114
0.2304171884498
0.21930092800579998
0.20266905816160002
0.1827067343382
0.15886285145960002
0.133946388886
0.1082395025974
0.0837882210396
0.06166687300780001
0.0423228532874
0.0269980842816
0.0162535074122
0.0106942831122
0.010568621162599998
0.015728291728599998
0.0259116515506
0.040431771965399994
0.0587539585382
0.08077107795160002
0.104517605542
0.12907453780380002
0.15446014740999997
0.17905425598240002
0.2028617899572
0.2246056749814
0.243381281622
0.2598049338456
0.27158657754220006
0.27994786883119993
0.28314217082279997
0.2826687653655999
0.27869866964280005
0.270848396524
0.2591078719422
0.2437446133014
0.2255795149076
0.20504725454319997
0.18232755988420002
0.15893955017080003
0.1350470235106
0.11183948076500001
0.08924691737979999
0.0682783439646
0.0499544514794
0.0349572136388
0.0236406405998
0.016708564575
0.014351570756400001
0.0166060711362
0.023807755357599998
0.0358500315916
0.0518783238302
0.0712374559814
0.0933298949416
0.11739011368079999
0.1415920380914
0.1646870716184
0.18619734693700002
0.20492894440259998
0.21918715797740002
0.2292967716124
0.2339686098794
0.23287883908679996
0.2268323325848
0.21477635774320003
0.197864718782
0.17760298266519997
0.1544452010822
0.12965041497
0.104559052122
0.0802731373312
0.05782117303960001
0.0384343214156
0.022696845869600003
0.0115635196848
0.005543939576000001
0.005045796554800001
0.010069657433000001
0.020343129439199997
0.035429101312
0.0544416753438
0.07667019135
0.10108941318600002
0.127167007388
0.15399733085279999
0.18064172005200002
0.20544158276779995
0.22779771962760004
0.24686897835800004
0.26327128343420003
0.27577983915619997
0.2844712655452001
0.2878567582018
0.28577591735200003
0.27934874892100003
0.269198735658
0.25474594225
0.23654633231220004
0.215204650594
0.19134697347600002
0.1659791322838
0.1396813551726
0.11390658576399999
0.0900812907018
0.06788223015679999
0.0479514194818
0.03157331819399999
0.0192427368918
0.010870495754600001
0.007120933674800001
0.007889723026999999
0.013616590326399999
0.024029399140800003
0.0382909868384
0.0562587017302
0.07750108499100002
0.10047076430080001
0.124554944756
0.147480142282
0.169180162121
0.1886164326668
0.20571924565000002
0.2189396890928
0.2268933739002
0.2293523008066
0.2266093697028
0.2201762712352
0.20805573116940002
0.1914054999908
0.171783404372
0.1495773525258
0.12552797096219998
0.10147036513779999
0.07803512772259999
0.0562347463224
0.036909984713800005
0.0213032033988
0.009586633597799998
0.0031577736784000007
0.0020533903242
0.0063772510518
0.016089737715400003
0.030593751889200004
0.0496890763552
0.07252138312639998
0.0978230892528
0.12507264457640002
0.15308641673520001
0.1809630203348
0.2079416586426
0.2310854895696
0.2525063528218
0.2699406216394
0.28296217869359996
0.2906374501899999
0.2938757033744
0.29166776050500004
0.28398609505940003
0.2712155356812
0.2540358285616
0.23331211794339998
0.20850232574060001
0.1834606932034
0.156780904459
0.13033249402319996
0.1038177910476
0.07926351007879999
0.056531811951799994
0.0374734748074
0.0218560989182
0.0109404439272
0.0044625920226000005
0.0032352990602000004
0.0072572444724
0.016262860346000003
0.029816901526000007
0.0468543165158
0.06710891586500001
0.08903803986560001
0.11223650820860001
0.13542029547919998
0.1571964120248
0.1773823962092
0.19477688779859997
0.207897920024
0.21525078853420002
0.2198575851942
0.2204562954748
0.21606189454980002
0.2073207747464
0.193603318536
0.17715342337220003
0.1592535649488
0.1395877741492
0.117477961751
0.09583521114160001
0.0742574551838
0.054575383576199996
0.03711194929299999
0.021792560945800003
0.0108186985944
0.0042389457682
0.0024089875618
0.005892055387
0.014189317060400003
0.027760644853800004
0.045942493136000004
0.067459638234
0.09327166400140001
0.1215640443938
0.151021456733
0.18128448904019998
0.2122187974984
0.23902939711800003
0.26327016646299994
0.282651477064
0.29914355288600003
0.3088783282725999
0.31300468221039995
0.31220219715700004
0.30439826310000007
0.2895250617816
0.269690476285
0.2453833237294
0.21856710965440002
0.189172608842
0.15787968909019998
0.1270455099228
0.09666421784160001
0.0694485822512
0.0466620569994
0.028242204384399998
0.014573623382399998
0.0058609999148
0.0023410196648
0.0041774721954
0.0104655329554
0.0207256947322
0.034578649456
0.05118445569959999
0.0692984533438
0.08893781735140001
0.11030423889779999
0.1302289763024
0.1487377153218
0.16579699859539998
0.18073570126239996
0.19182307781820002
0.19861333413559998
0.20031267025320001
0.20040882310680003
0.1953179784594
0.18597892219759998
0.175602420339
0.1617322013166
0.146056412149
0.1288006741918
0.10886026349219999
0.0889633370842
0.0696012273808
0.05215759876579999
0.037291854522200005
0.023632100428400003
0.014101543278199999
0.0090345152178
0.0087280437482
0.0132618931656
0.023954985591400003
0.040129232637799994
0.06131059780880001
0.088267355057
0.11890888179080002
0.15298921961259998
0.18884161816800002
0.2247005361596
0.258765136273
0.29081532946340005
0.3183157389392
0.34147716992019994
0.3576247853782
0.3649332579876
0.3651277576756
0.3553443294840001
0.3397300130492
0.317680019962
0.29209100758460005
0.259748991711
0.2269061399286
0.193190230146
0.160096748236
0.12661981567
0.09562798915759999
0.0685429100594
0.0460777093096
0.0272667530292
0.014009143361199999
0.0062744286708
0.00363708115
0.005678163791
0.011735263489999998
0.021472567483400002
0.0337612273968
0.048870295437600006
0.06438175047620001
0.0807136190062
0.09548937951559999
0.110688937815
0.12488190427740001
0.1365253827548
0.1447451519266
0.149764963773
0.15422266656480002
0.154491495981
0.15423734845620002
0.14982613686340002
0.1454382710852
0.13696377526620002
0.12880052073700002
0.1164184067332
0.1032727283454
0.0900167426998
0.0771824080448
0.0640247036918
0.04916295893579999
0.036573906664400004
0.026639943522199998
0.020044792218999997
0.0161219729656
0.016485224414
0.022388004812999997
0.0322572295466
0.0472419861812
0.06775371597720001
0.0941079378452
0.1250529535948
0.1568328927002
0.188918590497
0.22316755063860003
0.25792021588560005
0.2883109659828
0.3142704403528
0.3372209592782
0.3523168307972
0.3572281591244
0.35747121446700003
0.348496800811
0.3319369416336
0.3087041075736
0.2779396818934
0.2469335827156
0.2111158037322
0.17649448263499998
0.143812052285
0.11387502114319999
0.08539845120539999
0.06074547875939999
0.0433868209178
0.0286815936538
0.017906280729400002
0.012388528254400002
0.0112249643556
0.014875217715400003
0.021996909887999995
0.031988214838000004
0.0437523099866
0.057613700817800005
0.0743929712394
0.0888185794744
0.10583479778079999
0.12251343517280003
0.1352041731916
0.14751956564180002
0.1583467562274
0.1692579239652
0.1770771599434
0.18532248419859998
0.1871525188624
0.1889370948862
0.1916016025344
0.1911437676612
0.1882565837452
0.1791290713024
0.1699024725412
0.1600834013714
0.1443154638008
0.12661006201340003
0.1081607699116
0.0877899624534
0.0690917032774
0.054545825384800004
0.041645535420600004
0.03184956124339999
0.027554702804799998
0.0287238392776
0.037484214165
0.0539710644914
0.0775362042794
0.10544520713700001
0.13725553902520002
0.17109770251099998
0.2084298819012
0.2444326283298
0.2761709301584
0.3004506300162
0.320079825477
0.335497514085
0.34241517444180003
0.33915398548759995
0.33167123610279997
0.31869298546040004
0.2958534574274
0.26932094844400006
0.23874029900519997
0.2084657255406
0.17505093802660002
0.1446770211294
0.11548827640279999
0.0894147014296
0.06695854619779998
0.049742198485400006
0.0384029310848
0.0327603036598
0.03187940678100001
0.0370370615922
0.0446774157744
0.0562198276524
0.06864974455999999
0.08175957805159997
0.095283960504
0.11018443286240001
0.1263942557978
0.1404553260104
0.15191360526640002
0.1625899629186
0.1728916019982
0.17772071542720003
0.1826037245952
0.1890078310032
0.19643565058520002
0.20225029789339993
0.2093214043718
0.2140012094406
0.2153982181106
0.21295764055080002
0.20449011822920005
0.1989286809874
0.19039215716359997
0.17256175586979997
0.15389737399359998
0.13579514573799997
0.11733223787540001
0.09514179923520001
0.07557706013360001
0.060612852213399994
0.04745363772859999
0.0412061174348
0.0448217086312
0.053029887317
0.07492386653240002
0.10021688383560001
0.1361021692666
0.17504937361699996