1.
0.990046553285
0.960726071185
0.913621823522
0.8512300759699999
0.7767524845970001
0.6938480453
0.606357477485
0.518027153801
0.4322581077410001
0.351909643301
0.27916168011699993
0.21545409986
0.16148913606499998
0.117296751433
0.08235167098599998
0.0557156113
0.03619233457300001
0.022473634261000002
0.013268857600999998
0.007401288975999999
0.0038700136480000007
0.0018795934340000001
0.0008391883400000001
0.0003410516
0.000125532697
0.000042406168999999996
0.000013916241000000001
5.052034e-6
2.4506600000000003e-6
1.766376e-6
1.6119049999999995e-6
1.492826e-6
1.4709250000000002e-6
2.234369e-6
5.73389e-6
0.000017821864
0.00005521947699999999
0.00015940502499999998
0.00041894205700000004
0.0010003778409999999
0.0021852475290000005
0.004408588197
0.008290975285
0.014657114673
0.024532145234000005
0.039105723634
0.059664703033000005
0.08749174014500001
0.123733026185
0.169252507705
0.224475636996
0.28925600729
0.362766289288
0.443447081928
0.5290076414089999
0.616511639305
0.702514473389
0.783283427725
0.855030114581
0.9142092100339999
0.9577665904499998
0.983397493325
0.9897251959969998
0.976416457213
0.94420322309
0.8948318736580001
0.830909857076
0.755700443845
0.6728680079119999
0.5861976924369999
0.499331692925
0.41553149295400005
0.33749385278499994
0.267226804729
0.20600872554500002
0.15439575579700002
0.112308503828
0.079146638804
0.053932742608999995
0.035467198313000006
0.022470440361999997
0.013699223049999999
0.008037792337000001
0.004550177794
0.0025016563840000003
0.0013531982499999996
0.0007357281410000001
0.00041515320999999995
0.00025360114000000004
0.000175664516
0.00014159186900000002
0.00012973753
0.000127096105
0.00012563724199999999
0.00012182702900000002
0.00011701257799999999
0.00011743063399999999
0.00013445535700000005
0.000186569672
0.00030541813699999995
0.00054901376
0.0010231878409999997
0.0019111734089999998
0.00350930345
0.006263196922000001
0.010797449224
0.0179309162
0.0286683205
0.044163532548000005
0.06564836558600001
0.094330956922
0.131266704361
0.177212308789
0.232481548826
0.29681708737999996
0.36929681703699996
0.44828914536399994
0.5314697574160001
0.6159121220500001
0.698236230161
0.7748212456420001
0.8420508013139998
0.896578568264
0.9355905573219999
0.957023175949
0.959735844506
0.9436001430290003
0.9095136581250001
0.8593222426099999
0.7956661884999999
0.7217728956500001
0.6412012328570001
0.557571298708
0.474326026898
0.39449363579599994
0.320537647114
0.25424675035700006
0.19670786787699998
0.148334235545
0.108948298832
0.07790579763699997
0.054235202017
0.036784737144999996
0.024351320835999998
0.015789720865999998
0.010086621129999999
0.0064043825620000005
0.004092937253000001
0.0026781255760000003
0.0018344883050000003
0.00134979336
0.0010899067879999997
0.0009694196240000001
0.000930528394
0.00093115817
0.000939961721
0.000936636093
0.0009134417450000001
0.0008765763210000001
0.000845575333
0.0008522039969999999
0.0009401136050000002
0.001168514245
0.001622127973
0.0024299838799999997
0.0037917397529999997
0.006010169716000001
0.009524080850000002
0.014935445473
0.023021560448
0.034725513937000005
0.051119081288999994
0.07333228518499998
0.10245603773699999
0.139418257921
0.18484874618499997
0.23894469408199998
0.3013527543299999
0.37108935469000004
0.44650812710499993
0.525325464089
0.604712292641
0.681450471161
0.7521318989290001
0.8134011238689999
0.8622007039700001
0.8960079827920001
0.9130468577140001
0.9124207799940001
0.89419357805
0.8593788748679999
0.8098577900099999
0.7482223789850001
0.677563707257
0.6012359964809999
0.5226067134919999
0.44481941054600005
0.3706101384819999
0.30215358119200003
0.240990402313
0.18801007784
0.143489003524
0.10718118958499999
0.078437813945
0.056338685953999997
0.039827468608999994
0.027824686457000005
0.019322292544999998
0.013442147156000001
0.009466401725000002
0.006841970141
0.005162390633
0.004140141674
0.003573448099999999
0.0033170020850000004
0.0032589314810000003
0.003307925512
0.003388367021
0.0034415427770000005
0.003431153864
0.003346190497
0.0032040837449999996
0.0030481552449999993
0.0029438572409999997
0.0029748085250000003
0.0032421661970000004
0.0038691954370000006
0.005015291049
0.006897522418
0.009818258242000001
0.014194318592
0.020581446122000004
0.029684365748999998
0.042347531583999995
0.059520256977999994
0.08219212681700001
0.11130174655399999
0.147625408485
0.191650296724
0.24345980632999997
0.30262364341199993
0.36813568864999996
0.4383874883059999
0.5112029074
0.583936378085
0.653609022173
0.717112689325
0.7714217532250001
0.8138261669769998
0.8421439627249998
0.854895017626
0.8514266793379999
0.8319623589799999
0.797581030625
0.750130644618
0.692071581877
0.6262784174420001
0.555815804994
0.4837145947600001
0.4127705562649999
0.345369328042
0.283376428733
0.228074066701
0.18016293703300001
0.13981011529999998
0.10673673205
0.080331799028
0.059770753876999996
0.044134861181000004
0.032505777945
0.024040525356999996
0.018013441260999997
0.013835428052000002
0.011048403241
0.009303660073999999
0.008335842483999998
0.007934061379999998
0.007920288137000003
0.008136241945
0.008439751337
0.008708356493
0.008849172825000001
0.008807105498
0.008572500224
0.008182966961000002
0.007718529661
0.007294991444000001
0.007053323972000001
0.00715265828
0.007769226457000001
0.009102721632999999
0.01139117762
0.014933381625
0.020114019650000006
0.027424191616
0.037471290388999996
0.05097263688400001
0.06872461599399998
0.09154612961
0.12019798490000003
0.155286467989
0.19715233749800004
0.24576858654499997
0.3006517377649999
0.3608050321249999
0.424709623802
0.4903560316449999
0.555336793033
0.616984425725
0.672544944585
0.7193772789929999
0.755154794925
0.7780482389529999
0.78687623002
0.781206627976
0.7613815704290001
0.7284942471700001
0.6842966246279999
0.6310438888
0.57132533173
0.507857341594
0.4432867511210001
0.38001809523400004
0.32007320372200004
0.265003105365
0.21584726821
0.17314592065999995
0.13699131780999999
0.107112713733
0.08297961852499999
0.06390340700500001
0.049134742441999994
0.037940081380000004
0.029653339203999995
0.023705632394
0.019628589506000004
0.017042570809999998
0.015635170130000004
0.015137139231999998
0.015301493282
0.015892665241
0.016682967205
0.017461573120999996
0.018048147663999998
0.018309619028
0.018173522434
0.017638605829000002
0.01677428685
0.015714018794000004
0.014641789293
0.013775406016999997
0.013351650259999997
0.013615399065999997
0.014819252138
0.017229974661000003
0.021144314745
0.026909580880000002
0.034941360724000003
0.04573438929799999
0.05985930718099999
0.07793752022599999
0.10059830441800001
0.128410271041
0.161798360125
0.20095642353999998
0.24575695027699998
0.29567921652900003
0.3497706174800001
0.406634234192
0.46446862712500003
0.5211536361800001
0.57436780349
0.6217485697440001
0.66106138724
0.69037325956
0.70820873605
0.713663050405
0.7064907265040001
0.6871105154
0.6565773830020001
0.6164892792500001
0.5688499032890001
0.515915205584
0.460015566889
0.403392483234
0.348052929002
0.2956644620499999
0.247483993117
0.204341671225
0.166654031336
0.134485368552
0.10761524367700001
0.08562990817300001
0.06800689971700001
0.054186536339999994
0.043626943684999996
0.035837302645
0.030389669873999995
0.026914192057000005
0.025081884045000002
0.024583940388999994
0.025114674394000003
0.026359862851999996
0.027997862962
0.0297107242
0.03120281604200001
0.032227251085000005
0.03260852671699999
0.03226185925299999
0.031203985172
0.029551204084999994
0.027507845128000002
0.025346529159999995
0.023383083073999996
0.021950662948
0.021381685874
0.021995780050000007
0.024099178122
0.027992909941
0.03398756573000001
0.04242047650599999
0.05366633018499999
0.06813890222599998
0.086276020973
0.108506469482
0.135198439073
0.166595569137
0.20274532014399996
0.24343061124499998
0.2881113275920001
0.3358918932850001
0.3855256031530001
0.43544178514000004
0.48382796197
0.52872611353
0.568174657041
0.6003445458600001
0.6236863006479999
0.637046967197
0.6397743063410001
0.631768626773
0.6134797279399999
0.58588184437
0.5503773344199999
0.5086874018649999
0.462713231912
0.41439326424499995
0.36556779497600006
0.317867827261
0.27263587886599994
0.230879355794
0.19326376289599995
0.160133746858
0.13156612860499997
0.10743170734600002
0.08746384933800003
0.071321200442
0.058636658824000015
0.049053305224999996
0.0422353597
0.037868218529
0.035645266073000004
0.035248957889
0.036336950145
0.038530031815999996
0.041415041593
0.04455916381
0.047534247722
0.04995035197000001
0.05148876469699999
0.051934736074
0.051198539165
0.04932835381
0.046503026125
0.043017279458000005
0.039251946025
0.035640088037
0.032631091778
0.030662494864999997
0.030136594009999997
0.031410787690000004
0.034799708937999996
0.040584655872999996
0.04902688501000001
0.06038233241
0.07490885208500002
0.092858731885
0.114459706408
0.13988254294100003
0.16919137267700002
0.20229435116500002
0.23889196248199998
0.27843086430900005
0.32008941532799995
0.36277444685
0.4051528090340001
0.44571814792199993
0.48287253437200006
0.515038750537
0.540768247241
0.5588618919130001
0.5684627261300002
0.569122188281
0.560843507834
0.544074586933
0.519671672596
0.48882316205000004
0.4529553299730001
0.4136192757489999
0.372378539293
0.330704198217
0.289896407021
0.25102317187600004
0.21489825880400001
0.182074746013
0.15287770195199998
0.12743825124999997
0.10574749998799998
0.08770137188000002
0.07314192869
0.06188542932999999
0.05373342447400001
0.048472549973000004
0.045861014848999994
0.045612529405000005
0.047379231730000006
0.050743280426
0.055218214658
0.060264260225
0.06531677634600001
0.069827286728
0.073303971794
0.07536027608200002
0.075748981394
0.074387350836
0.071369861105
0.06695443522
0.06154245709199999
0.05564068277
0.049816873769
0.044652302181
0.040703642545
0.038470276098
0.03837306809300001
0.040751427645000005
0.045865680205
0.05391159938000001
0.065034034025
0.07934183266
0.096910318397
0.11777502085
0.141915209698
0.169226361914
0.19948238259299997
0.232307963201
0.267143402929
0.303236514274
0.33964342690500005
0.3752594744649999
0.408862029842
0.439186685753
0.465005003236
0.48521219402500004
0.49891774291300006
0.505503413993
0.5046886621800001
0.4965393693170001
0.48146789244100013
0.46019933592400003
0.433701937721
0.40311884851400004
0.36967573019199995
0.33460481152400007
0.29906157482000006
0.26407094842000006
0.23049364946899997
0.199007687476
0.17011450982499998
0.144162095717
0.121369631242
0.10186625410000001
0.08571135898000001
0.072918499457
0.06345918919700001
0.05725795658599999
0.054179587827999996
0.054008639161999994
0.056433019018000005
0.061032245353999995
0.06727701650000001
0.074545493885
0.082152253178
0.089390304506
0.09558626324899999
0.100152488929
0.102642576136
0.10278797789
0.10053050588099997
0.09602100104499998
0.089614454345
0.081831366865
0.073316704232
0.06478245233
0.05695405168499999
0.05051616704499999
0.046073833504
0.0441219701
0.045033865682000004
0.049061484132999995
0.05634678945999999
0.06693801954500002
0.080808819802
0.097872104705
0.117985775125
0.14095429440100002
0.166512328765
0.19431388552000003
0.22390918929
0.25472982365299995
0.28608630434000004
0.31716736002100004
0.34706686022499994
0.374816631537
0.3994397027049999
0.4200109906
0.435715495456
0.445913387401
0.45018619728100007
0.44836915331199995
0.4405627028570001
0.42712510117300007
0.40864240949800007
0.3858798985209999
0.35972522478099994
0.3311295974329999
0.30104746296500007
0.27038303238399997
0.23996105832099998
0.210497866745
0.1825989442
0.156764782885
0.133400606544
0.11283724889300002
0.095340436525
0.08112322797800002
0.07034111736500001
0.063082270954
0.059349635957000005
0.05903599550499999
0.06190618685599998
0.06757842182799999
0.07552300994500001
0.08507457209599997
0.095456520713
0.10583100820000002
0.11535068145800002
0.123225129257
0.128783958901
0.131535410497
0.131208259361
0.12777996128799998
0.12147497066499999
0.11275259982500001
0.10226031234499999
0.09078573341
0.07918886696500002
0.068339208897
0.059052822914
0.052042504616999996
0.047881940012999995
0.046987587025
0.04961291098899999
0.055860014282
0.065697865994
0.07898492358499999
0.09549199610000002
0.11492193042900001
0.13692012691999997
0.16108024417599995
0.18694215764799998
0.213988053866
0.241635869824
0.26924122369000003
0.296103105041
0.321475751881
0.344600297333
0.36473797059199997
0.38120360470899994
0.3934187360199999
0.40093831337300007
0.4034911629409999
0.400992170386
0.393553473921
0.381471005
0.365204841149
0.345342528436
0.322564978177
0.29760398662599996
0.27120484297999997
0.24409643072799997
0.216968333185
0.19046216732799998
0.165164762173
0.14161152892499998
0.120291591317
0.10164705258599999
0.086072972561
0.07390646587699998
0.065405548594
0.06073005690000001
0.059909595925
0.062818784788
0.06915813360999999
0.07844205121999998
0.090008096698
0.10303788051399998
0.11660202073000002
0.12971513707700003
0.14140279297
0.15077878382499998
0.157111182265
0.15988238965
0.15883823549
0.15400471225600001
0.145690984765
0.134462084705
0.12109205142499997
0.10650642496400001
0.09170486922500001
0.077692925789
0.065409834778
0.055671610705
0.049130686168999994
0.046249319621
0.04729283172900001
0.05233808742499999
0.061293180925
0.07392518306
0.089887955393
0.108754303877
0.13003504154000003
0.153200301361
0.17768971840099998
0.20291947048000003
0.228285292117
0.25317276026400004
0.276954339845
0.29900861862500006
0.31873522356
0.335568787677
0.34901462983400006
0.358662720841
0.364213387025
0.365496193001
0.3624798517520001
0.35527081227699997
0.344107343405
0.32934545461
0.31143745169299997
0.290911703705
0.26834578494100003
0.244346302845
0.21953687891199997
0.194539858148
0.16997598376999998
0.14645609833300002
0.12457542820500003
0.104912926577
0.08801243781199998
0.07437048403300002
0.06440835767400001
0.058443066298
0.056654300665000004
0.059051064168
0.06544696406800002
0.075444131997
0.08843094604999999
0.10360237706899998
0.11999198809699999
0.136528067745
0.152099659604
0.16563576892900003
0.17618093600899998
0.18296772807399994
0.18548168686900002
0.183500838034
0.17711393141
0.16671249391700002
0.15296593429000002
0.13676377145000002
0.11915227381
0.10125404940100001
0.08418932731300001
0.069004404261
0.056606569225
0.047718450244999995
0.04284830834
0.042279368236999994
0.046078010577
0.054112206626000005
0.066082681466
0.08155658714399999
0.10000231034000001
0.12082533435399997
0.14339354767299997
0.16705903363299995
0.19117687580900003
0.21511464442000003
0.23826179539300005
0.2600376307450001
0.279900557145
0.29735066071399996
0.311948048714
0.32332228878800007
0.3311790737890001
0.335316026932
0.3356289276250001
0.332114460345
0.324872910781
0.314096911816
0.30007389316000005
0.28316744562600005
0.26380919199400005
0.24248958167200002
0.219747026509
0.196159184146
0.172340689378
0.148930202884
0.126588542554
0.105981367706
0.08776519527400001
0.072562490753
0.06093228052000001
0.053336342067999996
0.050099122025
0.051372354553
0.057102634599999993
0.067009401625
0.080576374756
0.097060784468
0.11551922275400002
0.13485776306000002
0.15389115610600002
0.171418285705
0.186306334505
0.19756762268799996
0.20443540637600002
0.20642060276500002
0.20334774374599998
0.19537430854600005
0.18297292569999998
0.16690044811699997
0.14814261594900002
0.127838562674
0.10720365216199998
0.087447178161
0.06969583144
0.05492722086800001
0.04392149792399999
0.037228668129999996
0.035154661909
0.037768217076000005
0.044918792845
0.056267857001
0.071324677357
0.08948825110099999
0.110084216841
0.132402387962
0.15572371445000002
0.17934705393800005
0.202601566148
0.224866670465
0.24557333267700002
0.264213449585
0.28034730158500004
0.293600253505
0.303671388025
0.31033802510799996
0.3134523085
0.31294863595399997
0.30884300042499996
0.30123052756099994
0.290285846996
0.27625951408899996
0.25947734980899995
0.240333845069
0.21929388077200002
0.19688415753799998
0.17369296169
0.15036346879999998
0.127582068725
0.10606587337800001
0.08654261228099999
0.06972464117699999
0.056276412144999996
0.046776203728
0.04167551968999999
0.04125859682500001
0.045608732005
0.05457667296099999
0.06776838826
0.08454469352900001
0.10403849857700002
0.125193817153
0.146820367604
0.16766072101
0.18646885234000002
0.20209420966599997
0.21355806391200002
0.22012623298899997
0.221354994314
0.21713170069699997
0.207676871912
0.19353372816200004
0.17552604329000002
0.15470060276800002
0.132257365186
0.10946858451699999
0.087595242516
0.067812061445
0.05114279700799999
0.03840810905
0.030191676377
0.026826285281
0.028395652205
0.034751579443999994
0.04554298745999999
0.060254132965
0.07824504344199998
0.098793154709
0.12113413175300003
0.14449381226900002
0.16811844693800002
0.19129700182899997
0.21337626616999997
0.23377136345
0.25197289678599993
0.26754954658
0.28014891844999995
0.2894961871300001
0.295392737137
0.29772162518500006
0.296434609409
0.29156511110499994
0.28321520957
0.271567224945
0.25687758330000005
0.23948044664499996
0.219788527946
0.19828987595599998
0.17555023434400002
0.152205437425
0.128951558969
0.10653086155399999
0.08571322405
0.06726655144100001
0.051925385096000004
0.04035219362499999
0.033096971557000004
0.030554617165000002
0.03292910937000001
0.040200278420000006
0.052104624962
0.068128235773
0.08751923112500003
0.10930937780200002
0.13236645312500003
0.15544559025
0.177267974836
0.19659146137
0.21229614752800002
0.22344995737999998
0.22937842998400004
0.229704806258
0.22438139796000003
0.21368589608
0.19821026769700004
0.17881500085299998
0.156575452273
0.132709801936
0.10850332810400001
0.08523115267400001
0.064081821285
0.04609721729300001
0.03212029125
0.022761379348000002
0.018382291744999994
0.019093387469000002
0.024769429250000006
0.035074766714
0.04949844206600001
0.06739332018500001
0.08801758997200002
0.11057585125000001
0.134254739141
0.158255152042
0.18181783714900002
0.20424396955399998
0.22490509795399996
0.24325671602499996
0.25883933475699994
0.27128076494900005
0.280294727257
0.2856830964839999
0.2873297579400001
0.28520132673599996
0.27934805209
0.26990244658100004
0.25708071122600007
0.241183350517
0.22259820021299997
0.20179830903699997
0.17934146344000002
0.15586414901799997
0.132071029529
0.10872329631999998
0.08661430803700002
0.066546248225
0.04929686225
0.03558330887399999
0.026021253530000003
0.021087716490000002
0.021080547121999995
0.026089433497999998
0.035971542484999994
0.050341292381
0.068573884813
0.08982449562600002
0.11305973409999999
0.13711247119999997
0.160735906244
0.18267769424200003
0.20175207304499998
0.216908645753
0.22730007890500004
0.23233422225999997
0.23171095037
0.225443207161
0.21385508609
0.19755961327400004
0.17742249386
0.15450651834499998
0.13000822589799998
0.105184206797
0.08128298274099999
0.059476207625
0.040796175367999996
0.026093524010000004
0.015997384
0.010900694592999997
0.010953435265999999
0.016072961551999998
0.025963682281000003
0.040147653250000005
0.057999575738000006
0.07878355068199998
0.10169495437600001
0.125893629188
0.150541598105
0.17482580449000004
0.197985060274
0.21932990388
0.238248509525
0.254222515058
0.2668292216639999
0.27574570879699994
0.280748185965
0.281713702306
0.27862065674
0.27154883918499995
0.2606794529319999
0.24629163348499997
0.22876734612999997
0.208584372833
0.18631225633
0.162607562053
0.138198019588
0.11386843705000002
0.09044014224499998
0.068741946025
0.04958319535300001
0.033714738109
0.021794610484
0.014351779624999998
0.011750157050000003
0.014160000980000002
0.021535202112999998
0.033602223082
0.049857867392
0.069584618242
0.09187520580999999
0.11567092102899999
0.139814652146
0.163107556922
0.184371423301
0.20251773356899996
0.21660242486499998
0.225887554642
0.229878348401
0.228353458778
0.22137939018500002
0.20930383077700002
0.19273895829700002
0.172518674933
0.14965671086500001
0.12528935839400002
0.100608779725
0.076804231634
0.05499946372
0.03620081480500001
0.021250422920000005
0.01079367617
0.005258355660999999
0.004845512674
0.009531885024999999
0.019084542148000004
0.033081635220999994
0.050943156370000006
0.07196111689
0.09533656877599998
0.12021417437000004
0.145715347445
0.17097058140500002
0.19514473690400003
0.21746379044
0.23722897024000003
0.25383968073999996
0.266798700829
0.275724308185
0.28035903113000005
0.280569186329
0.276348806946
0.267822448577
0.25523868986500003
0.238973465545
0.21951548560000003
0.19746206880199998
0.173507970893
0.148423712753
0.12303917016400001
0.098218068178
0.074828009785
0.053712826665999996
0.035655523885000005
0.021346026554000003
0.011348112448
0.006067754005000002
0.0057280290489999984
0.010350500305
0.019745184912999997
0.033509107107999994
0.051037045285000006
0.07154256778599999
0.094090578634
0.11763622672400001
0.141075976788
0.16329839419699999
0.18323857966500004
0.19993692053000003
0.21257949694599998
0.22055148049999998
0.223459279184
0.221157082453
0.21375089789800003
0.20159316724900003
0.18526445611400003
0.16554209282000001
0.14336140886600002
0.11976520360899999
0.09585590922500001
0.07273786581700001
0.051470947685000004
0.033018909493
0.018210351457999995
0.007705803904999998
0.00197257157
0.001272518741
0.005656484240999998
0.014969686388000001
0.028865168500999995
0.04682283098600001
0.06817632108199999
0.09214366618000001
0.11785563290499997
0.14439576166100002
0.170827165825
0.196229930962
0.219729165416
0.240522892529
0.25790787603999993
0.271300319305
0.2802496768519999
0.284458955861
0.283785713012
0.278252814977
0.268041906464
0.253496082068
0.235106505225
0.21349460640999995
0.189400815333
0.16365645033299997
0.13715851952500002
0.11083634190900002
0.08562221925300001
0.06241594429299999
0.042047654090000004
0.025248237085
0.012615663219999998
0.004588695444999999
0.0014272844049999997
0.003196697869
0.009762272665
0.020791312749
0.035763211249000004
0.053991616565
0.074648628356
0.09680324979200002
0.119458549125
0.14159655354399997
0.16222218700899999
0.180410299981
0.19534338939699997
0.20635270099300002
0.212944609396
0.214824356809
0.211908138154
0.204326489512
0.192419092729
0.176716521122
0.157917385684
0.136856133061
0.114469999888
0.09175291925
0.06971543762000003
0.04934300554
0.031554175729
0.017162667065000005
0.006845612424999999
0.00111596564
0.00030333269199999996
0.004541217292999999
0.013762348141
0.027702795324999998
0.045911067736999996
0.067766930137
0.0925047745
0.11924381281
0.14701916562499998
0.174821409032
0.201632303696
0.22646593449999997
0.24840134073
0.26662482495699996
0.2804553128660001
0.2893749148889999
0.29304626876199996
0.2913292147140001
0.2842838285620001
0.272172705097
0.255448266853
0.23473543582099998
0.21080963493200003
0.18456364477
0.15697514666600004
0.12906475576899998
0.10185608973799999
0.07633702846899999
0.053416291165
0.033891883964999994
0.018416289408999996
0.007473348802000001
0.001360629049
0.000179255961
0.0038325992400000002
0.012033079033000002
0.024316537313000004
0.040064270945
0.058529376588999996
0.078869562785
0.100182609909
0.12154194833299999
0.14203519996100003
0.160798721425
0.177051457978
0.190123908274
0.199483189981
0.20474973928999998
0.205713341765
0.20234033155300002
0.194772725018
0.183319643665
0.16845216561999998
0.150782943298
0.13104139789799998
0.11005379863700002
0.088706095785
0.06791777192000001
0.04860357494600001
0.031639747658
0.017829826522000002
0.007871223860999999
0.002326344433
0.0015949828250000004
0.005895138084999999
0.015247653985000002
0.029469891890000006
0.048176877025
0.07078906600000003
0.096551896372
0.124563152584
0.15380255430500003
0.18317619500500001
0.211558772333
0.23784172286900002
0.260982466324
0.28004886942499996
0.294266529569
0.303051114746
0.306034360468
0.30309078904400005
0.29433380020100003
0.280120025314
0.26102742902900006
0.23783128741
0.21146774101699997
0.182987320564
0.15351439955200002
0.124185459817
0.09610826637800002
0.070308357937
0.04768830778499999
0.028993226353
0.01478370898
0.005418461139999998
0.0010474437649999999
0.001614775961
0.006869478164000001
0.016385241532999997
0.029585512371999995
0.04577333238399999
0.06416392711999999
0.08391926138
0.10418200954899999
0.12410594510800002
0.142887555365
0.15978958568499999
0.174167865045
0.18548268951400002
0.19332162592
0.19740130469
0.19757976784
0.193856258017
0.186373267778
0.17540961132500002
0.16137522442
0.144800129565
0.126321569192
0.10666595482000002
0.08662860149000001
0.067048931762
0.04878494216
0.032681765834
0.01953958801
0.010080152479999998
0.004914179885000001
0.004508430532
0.009158101769000001
0.018962498105000006
0.033809158916000004
0.053365444984999996
0.077080394725
0.104196638701
0.13377562264099999
0.16473295039400002
0.19587817280000003
0.22597239112100004
0.25378145942900004
0.278138650541
0.29800155287200003
0.3125043287930001
0.3210071188000001
0.323128313125
0.3187667176449999
0.30810653555399997
0.291610145146
0.26999392231999997
0.244188084368
0.215291779924
0.184513485034
0.153111021797
0.12232995241000001
0.09334268936100001
0.06720082572999998
0.044785197656999995
0.026778801985000003
0.013643853953000001
0.005614427785
0.0027008242610000004
0.004703649821
0.011236614713
0.021756670864999998
0.035598250098
0.052007823634
0.07018017337999999
0.089293332692
0.10853657473299998
0.12714046922000002
0.14439533233
0.159673016992
0.17243815526499998
0.18225590052500001
0.188804805701
0.19187397206100001
0.19136969478500002
0.187315945928
0.17985026787299996
0.169226665565
0.15580895598499997
0.140065044005
0.122562411145
0.10395748762100002
0.08497896644899998
0.066412745225
0.049078959231999994
0.033803886817
0.021392641010000005
0.012591171553999999
0.008052092266000002
0.008297068040000001
0.013681496404000003
0.024363536753000004
0.040278961636000005
0.06112582281800001
0.08635980137000003
0.11520315486099998
0.14666735549300003
0.17958766060999998
0.21267566515600003
0.24457246523200002
0.27392565508999994
0.29944827602500007
0.319996889444
0.33463284276499994
0.342676233146
0.34374505582100007
0.3377814207170001
0.3250511671689999
0.306133285124
0.28188465965200005
0.25339193317
0.22190969869000005
0.188790391557
0.155416167194
0.12311988544400003
0.09312690024999998
0.06649820194000002
0.044085116809000006
0.026505495209
0.014127911533000002
0.007075002772000001
0.005236027101000001
0.008292998785
0.015752297329000003
0.026982854995999995
0.04125483628900001
0.057778574365
0.075740040281
0.09433463476900003
0.11279109749299998
0.1303958453
0.146508043268
0.160571451697
0.172122999409
0.180796619141
0.18632751971300002
0.188552711266
0.18740972674
0.18293894163399999
0.17528380112900002
0.16468692292900003
0.15149204972100003
0.136140234484
0.11916643588
0.10119196538599998
0.082915294685
0.06509729129
0.04854181137699999
0.034071863722
0.022497379866000002
0.014583564580000001
0.01101000605
0.012331975108
0.018938166704999995
0.031016479924999996
0.048520675225999996
0.071150856866
0.09834555302799998
0.129285477802
0.162916734185