1.
0.9995999600250001
0.99840159817
0.9964058270919999
0.9936192025729998
0.9900472997480001
0.9856992449139999
0.980583812225
0.974712241946
0.968097720098
0.960757004545
0.9527072436499999
0.9439621482849999
0.934545640717
0.924478669376
0.9137803984130001
0.9024746337999999
0.890588933501
0.87814737341
0.865176006698
0.8517025071409999
0.837757049497
0.823366910225
0.8085637922960001
0.7933764055129999
0.7778352304420001
0.7619716338119998
0.7458196352020001
0.7294061129480002
0.7127648631650001
0.695926992884
0.6789234021649999
0.661787815284
0.6445462058000001
0.6272314422279999
0.6098737398979999
0.592501177874
0.5751420496519999
0.557823835413
0.54057418658
0.523419866489
0.506384607353
0.489494496037
0.47276975542400007
0.456235316384
0.439909912746
0.423814223401
0.40796729945800003
0.39238625093199997
0.3770856172450001
0.36208344270399995
0.34739154126500005
0.333022066533
0.3189865409439999
0.3052957186960001
0.29195737230399993
0.278979764365
0.26636842649299997
0.25412940529
0.242265616029
0.23078120402500002
0.21967588219700002
0.20895271192099998
0.19861024996099996
0.18864698263700003
0.179060993297
0.16984998365000004
0.16100979566899998
0.152535409652
0.14442166358499997
0.13666274717000002
0.12925206229000002
0.12218250432800001
0.11544633620499999
0.10903489125699999
0.102940503705
0.097153980193
0.09166612557700002
0.08646767796999998
0.081549177993
0.07690038471699999
0.072511488125
0.06837318856000002
0.064475198308
0.060807141797
0.057360112841000004
0.054123648914
0.05108815802
0.048244402609999994
0.04558330861300001
0.043094949685
0.040771358017
0.038603036700999994
0.036582522106
0.034700864885
0.03295069837000001
0.031324428711999995
0.029814741274
0.028414880049999997
0.027118167682000004
0.025918490690000004
0.024809691516999997
0.023786076064000006
0.022842527744000002
0.021973557253
0.021174813706
0.020441326537999998
0.019769257834
0.019154289050000002
0.018592926444999994
0.018081513053000004
0.017616898324000003
0.017195788121
0.016815478585000005
0.016473127285000003
0.016166051381
0.015892058989
0.015648833121999998
0.015434112745000002
0.015245879072
0.015082012820000002
0.014941075473999999
0.01482096005
0.014720103850000001
0.01463687397
0.014569257089
0.01451630864
0.014475885597
0.014446970224999998
0.014427731971999999
0.014416805
0.014413027481999999
0.014414479573
0.014420131001
0.014428498949
0.014438291239999998
0.014447988397
0.014456507381000001
0.014462412417000001
0.014464338605000002
0.014461044709
0.014451382675999998
0.014434325776000002
0.014408849988000001
0.01437343282
0.014327716325000002
0.014269923697
0.014200121322000001
0.01411692829
0.014019652432
0.013907927545000002
0.013781075024000002
0.013638704945
0.013480324637
0.013306033330000001
0.013115358292000001
0.012908285740999998
0.012685051188
0.012446009060000002
0.012191037129999999
0.011921040156999999
0.011636146792
0.011337276458
0.011025070599999999
0.010700563827999998
0.010364689892
0.010018458773
0.009663166466
0.009299961698
0.008930547060999999
0.008556148157000001
0.008178276793
0.007799009301000001
0.007419664629
0.0070420378610000015
0.00666833193
0.006300364096999999
0.005939831224999999
0.005588957248999999
0.005249967125
0.00492458546
0.004615220045000001
0.004324054175999999
0.0040530155939999995
0.0038045537689999995
0.003580610861
0.0033835952770000003
0.0032156086500000004
0.003078896193
0.00297554984
0.002907870164
0.002878000768
0.002888048116
0.00294026249
0.0030367895779999997
0.0031796874
0.003371185042
0.0036132534849999997
0.0039079384719999995
0.004257562524999999
0.004664021379999999
0.005129306488999999
0.005655613769000001
0.006245004616
0.006899531578
0.007621111232999999
0.008411928269
0.009273742290000001
0.010209059364999998
0.011219696066
0.012307891594
0.013475382641
0.014724505445000001
0.01605734325
0.017475738677000002
0.018982249369
0.020578875938000004
0.022267502164999998
0.02405043268
0.025929490210000003
0.02790727837
0.029985761492000003
0.032166673092999996
0.034452644186
0.036845079973
0.039346692293
0.04195876933
0.044683437948999996
0.047522796161
0.05047807568
0.053551273996999986
0.05674417436200001
0.060058113812
0.06349372325000001
0.06705296744900001
0.07073705982600001
0.07454639967400001
0.07848168236099999
0.08254399768199999
0.086732679442
0.09104862928400001
0.095491002625
0.10006058698600001
0.10475587812100003
0.10957574304099998
0.11451977349700002
0.119585631556
0.124771868033
0.130076816813
0.13549776853700002
0.141031305265
0.14667511304499997
0.15242534392100002
0.15827829676100003
0.164230697194
0.17027665428099997
0.176411493805
0.182630998708
0.18892886014899998
0.19529947237
0.20173609304999998
0.208232939833
0.21478274054899998
0.221378240473
0.228012210553
0.23467725136000003
0.24136423213599997
0.24806587960399998
0.254771862129
0.261475956482
0.268168639509
0.274840047106
0.2814804625
0.28808182344500005
0.294633536269
0.30112687557
0.30755276729
0.313900171498
0.32016016130600006
0.32632340325700004
0.33238014262899995
0.33832064639299997
0.344136434305
0.349817464813
0.35535530388500003
0.360741176308
0.36596692287999993
0.371023417258
0.37590291293600003
0.38059809059699995
0.38510106242599995
0.38940483254599995
0.39350455518099997
0.39739144441299995
0.4010607053
0.404506752013
0.407725984597
0.410711193965
0.413461125601
0.4159697757299999
0.418236200141
0.42025679753800005
0.422030008762
0.423553738673
0.42482635254799994
0.42584872205799995
0.42661905900999997
0.427139518672
0.427409439529
0.42743069481800006
0.4272062527850001
0.4267362971559999
0.42602595038799995
0.42507730153300005
0.423892203412
0.422477418824
0.420836443844
0.41897381622499985
0.41689448742499996
0.4146033848079999
0.4121082330129999
0.409412391466
0.4065227469369999
0.40344771968499993
0.40019222465
0.396764483624
0.39316966141700005
0.3894164672840001
0.38551258420100004
0.381463468829
0.37727920452999997
0.37296518404999995
0.368529799381
0.36398158637300004
0.359328082114
0.35457652256500005
0.349733290121
0.34480790707700004
0.339807820658
0.334738619165
0.329608808626
0.32442666279199994
0.3191977265
0.31393068026
0.30863138788
0.303306395002
0.297962776648
0.29260786
0.28724677173
0.281887058281
0.27653305378900006
0.27119330299300004
0.26587142257
0.26057349580100003
0.255306691525
0.250074521065
0.24488260907299997
0.23973701956200003
0.23464222517299999
0.22960421107299997
0.22462571540000004
0.219713255002
0.21487174269699996
0.21010425082599998
0.20541615124999998
0.200810788173
0.19629431892199997
0.191869287305
0.18754092576899997
0.18331371203600003
0.17919018749200002
0.175175002634
0.171272388989
0.16748561450899999
0.163819009874
0.16027642273000003
0.15686121304400003
0.15357644567300002
0.15042680265699998
0.147415111693
0.144544446549
0.141818871044
0.139240627821
0.136813849636
0.13454124438599996
0.13242473411600003
0.130467504245
0.12867245498900004
0.12704212158500003
0.12557833753
0.12428353006399999
0.123159205985
0.12220657952
0.12142766800000002
0.12082345586000003
0.120394909396
0.12014218356999999
0.12006641822500001
0.12016767102499998
0.12044448754600001
0.12089782531999999
0.12152500186900002
0.122326482344
0.12329972961999999
0.124442386721
0.12575287345000002
0.127228178932
0.12886444906400002
0.13065934784199998
0.13260723324999998
0.13470535579300003
0.13694845565000002
0.13933109600799998
0.14184753325
0.14449255971300004
0.147259045685
0.15014067276499998
0.153129395213
0.15621941394500002
0.15940121585
0.16266758992900002
0.16600970656800004
0.16941836952400002
0.17288576400200004
0.176400586433
0.17995420096399994
0.18353780256100002
0.18713901585999998
0.19074914163999995
0.194357859125
0.197954473257
0.201528406721
0.20506813825
0.208563710805
0.21200462209999998
0.21538005218599995
0.21867872863300003
0.221891596173
0.22500682019999996
0.22801501164100002
0.230906021333
0.23366930790799997
0.23629649434100003
0.23877788269
0.24110319608999997
0.24326581298000002
0.24525653926500002
0.24706782614599998
0.24869223332499998
0.25012227660999997
0.25135192796499994
0.25237457705000005
0.25318551253000005
0.25377977403400004
0.254151807282
0.254299151482
0.25421853447400006
0.253906164601
0.253360843264
0.252581497117
0.25156597887700005
0.250315626773
0.248829937588
0.24710978055700003
0.24515855340500003
0.242976628292
0.240567440474
0.23793491921000004
0.23508218599400005
0.23201585706099997
0.22873961257599998
0.225260585381
0.221583773177
0.21771674149700002
0.21366710525000002
0.209442340825
0.205051262909
0.20050192182799997
0.1958049298
0.19096824909700003
0.186002424533
0.180917663368
0.17572456469199998
0.17043390961
0.16505759728900002
0.15960528908200003
0.15408922532900002
0.148520803984
0.14291246260799997
0.13727418633699998
0.13161950357199997
0.12595931168500002
0.1203049601
0.114669678164
0.10906420756999999
0.10350001011200001
0.09798871642400002
0.092540917625
0.087169015925
0.081882879545
0.07669316488
0.07161037937000002
0.06664461732999999
0.061805786929
0.05710275486500001
0.052544808065000004
0.048141105444
0.04389896873699999
0.03982744854499999
0.035932938068000006
0.032223004332999995
0.028704252649999998
0.025382802149
0.022264000465999995
0.019353831704999998
0.016656373925000002
0.014176088008999999
0.011916866818
0.009881902740999999
0.00807408149
0.006495727922
0.005148757224
0.004034503125
0.003153990416
0.0025075494800000002
0.0020952956689999996
0.0019166111559999997
0.0019707286850000004
0.0022562984889999997
0.002771485652
0.0035141304969999996
0.004481637696000001
0.005671054659999999
0.007078970146
0.008701882253
0.010535232296
0.012575093881999998
0.014816710618
0.017254716257000004
0.019883811075999996
0.022698683536000002
0.02569309917699999
0.02886136282
0.03219685828
0.03569290871399999
0.039342927060000005
0.04313954228200001
0.04707636553700001
0.051145986826
0.055339900157
0.059651975303999995
0.064074041837
0.068598051426
0.07321686504500002
0.07792154154499999
0.082705135988
0.087559286141
0.09247558393999998
0.097446679124
0.10246435254799997
0.107520874817
0.112607087392
0.11771692226899998
0.122840241505
0.12797099552799998
0.133100504513
0.13822113066500002
0.14332545515599998
0.14840616305
0.15345446906500002
0.15846490366100002
0.16342923886900002
0.16833948616899996
0.17319046474
0.177973396793
0.182683513832
0.18731290640800002
0.191855411753
0.19630460301299998
0.200655286514
0.20490021226899996
0.20903447972499997
0.213051858505
0.21694711328799998
0.22071565528200005
0.22435211552800002
0.22785085103299998
0.231208125145
0.23441851769800004
0.23747899234900002
0.240384399925
0.24313124611699996
0.245717022002
0.24813631688499996
0.25038628119699996
0.252465654089
0.25436995506
0.256097265077
0.25764457381000005
0.25901146878500003
0.260194607417
0.26119242148899996
0.2620039576249999
0.2626282116
0.2630631082319999
0.263310022586
0.26336755260499994
0.26323480138
0.26291359675299997
0.262402808497
0.2617023133930001
0.26081569756799994
0.25974147062900005
0.25848195041600003
0.257039217965
0.25541462984900004
0.253609955098
0.25162760165
0.24947070274099997
0.247142569076
0.24464485064
0.24198248842
0.239158059337
0.236175889892
0.23303930021
0.2297533229
0.226322816722
0.22275153190599997
0.219045913033
0.21520934316999998
0.21124889232199998
0.20716963553799997
0.20297718948999996
0.19867718277799998
0.19427699219300004
0.189782627273
0.185200211962
0.18053637981200005
0.175798953725
0.170993959706
0.16612782858100003
0.16121040886400004
0.15624626750099999
0.15124525526799998
0.14621253747299998
0.141157262545
0.136087058068
0.131008232745
0.12593081693199998
0.12086039261299998
0.11580577752499999
0.110774267369
0.105774677705
0.100812959561
0.09589823376500001
0.091037276425
0.08623739755599999
0.081506998477
0.07685218789299998
0.07228085200400002
0.06779923733700002
0.06341538787400001
0.059134863528
0.05496454130000001
0.050911164200000004
0.046980509834
0.04317832381699999
0.039510338425000006
0.035982201833
0.032598935297000003
0.02936551077000001
0.026286953933000005
0.023366890393999997
0.020609876232999993
0.018019956321
0.015600057284
0.013353695105000002
0.011283659425
0.009392598624999998
0.007682390248999999
0.006155448842000001
0.004812895609000001
0.003656372464999999
0.002686462025
0.001903860965
0.0013087621299999997
0.0009011314099999999
0.0006804547219999999
0.0006460772500000001
0.000796874594
0.0011314011599999998
0.0016480471130000001
0.002344649953
0.0032190331410000004
0.004268400914000001
0.005489866370000001
0.006880355604
0.008436373732
0.01015388036
0.012029391768999998
0.014058280633999998
0.016236158245000003
0.018558319565000002
0.021020014537000004
0.023615833123999997
0.026340747157
0.029188917696999998
0.03215544060199999
0.035233873552
0.03841828947399999
0.041702738728999995
0.04508119326499999
0.04854743729999999
0.052094623905
0.055716900120999995
0.059407436434000004
0.063159978209
0.066967377557
0.070823531297
0.07472098020999998
0.078654282898
0.08261622637200002
0.08660054713700001
0.090599593613
0.09460791553
0.098618761028
0.102625698305
0.10662224624999998
0.11060231703300001
0.114559556225
0.11848829439399998
0.12238184198499999
0.12623482316799997
0.13004143657699999
0.133795834281
0.137492203984
0.141126585434
0.14469277348
0.148186196505
0.15160149700899997
0.15493431038899996
0.15817916811599997
0.16133311234
0.164391148025
0.16734967005200002
0.170204104736
0.17295085368899998
0.17558687016
0.178109772292
0.180514616329
0.182799431365
0.18496169449300004
0.18699824172500001
0.18890691425300005
0.19068608003399998
0.192333632921
0.19384724045
0.19522586021000002
0.19646784942499995
0.1975731629
0.19853920790600002
0.19936692539599996
0.20005460693299998
0.20060227815700002
0.20100919022500005
0.20127685741
0.20140360012800004
0.20139269322500003
0.20124134852
0.200953261856
0.20052781208199996
0.19996840568499996
0.199273601133
0.198447339956
0.19749001789600001
0.19640485076199998
0.19519385173
0.19385927352899998
0.192403267965
0.19082896337699998
0.189140237122
0.187340383469
0.18543145312099998
0.18341731218600002
0.181303099405
0.179091055061
0.17678711143300002
0.17439427456900003
0.17191701652000002
0.16936076384999996
0.166730082208
0.164030481082
0.16126624824999997
0.15844270882899997
0.15556634053699997
0.15264215855300003
0.149675723969
0.14667334662500003
0.14364037453
0.14058447650000003
0.137510720594
0.134425872873
0.13133632165300005
0.128248398049
0.125169848689
0.122106914005
0.11906623060900001
0.11605512448899998
0.11308037130099999
0.110149408849
0.10726846180000002
0.10444597194400002
0.10168821971300002
0.09900241617999998
0.09639642143299999
0.09387604777000001
0.091449852349
0.08912465521700001
0.08690722705300002
0.08480434487300002
0.08282353941700002
0.08097077976199998
0.07925384520999999
0.07767897669799999
0.07625275406799999
0.07498176376999999
0.07387125928399998
0.07292901869200001
0.07215926804999999
0.071569138265
0.07116308328200001
0.070947043605
0.070925716593
0.07110384167300002
0.07148648678399999
0.07207755557000001
0.07288120712000001
0.07390114308
0.07514062254799998
0.07660294542499997
0.078290371513
0.080205749152
0.08235074504
0.08472725806899999
0.08733682369599999
0.090179259745
0.09325624684999999
0.09656708173
0.100111271185
0.10388863246499999
0.10789762624999999
0.112136410193
0.11660268588099998
0.12129455118099998
0.126208518754
0.13134095096399998
0.13668761625300005
0.14224517882
0.148008269869
0.153970694506
0.16012704074599998
0.16647157357
0.172997298242
0.179697744616
0.186563497121
0.19358793839299998
0.200763126873
0.208078555253
0.215525359157
0.223094314082
0.23077628332899996
0.23855974923700002
0.24643373275700003
0.25438767738499996
0.262410784805
0.2704904947929999
0.27861569689
0.28677402015299996
0.29495240042899995
0.303139533546
0.31132139870500003
0.319486832249
0.32762085276499997
0.3357123798499999
0.34374675942500005
0.35171194133000006
0.35959452461
0.36738076621000004
0.37505732849800005
0.3826130969049999
0.390033658186
0.3973066080849999
0.40441861602499996
0.411358468968
0.4181143876929999
0.42467391149600003
0.4310242542449999
0.4371560163970001
0.44305829738
0.44871927393800004