1.
0.9996001184019999
0.998400621865
0.9964056998530001
0.9936203070250001
0.990048192418
0.9856985114419998
0.980583087016
0.97471258685
0.968098817129
0.9607572750880001
0.952707306218
0.9439621927699999
0.9345450955699999
0.924473908193
0.9137751864520001
0.9024671193460001
0.8905786586000001
0.8781310535839999
0.865153627057
0.851673056161
0.837717789866
0.823314623144
0.8084950997779998
0.7932883389009999
0.7777258954399999
0.7618344836559999
0.745649074585
0.729199123705
0.7125128388519999
0.695624836946
0.6785636808250001
0.6613601140250001
0.644044032136
0.626643777941
0.6091907845000001
0.5917120830649999
0.574234586029
0.5567870375839999
0.5393958782050001
0.5220853271060001
0.504881123405
0.487806930365
0.47088385453600007
0.45413518298600003
0.4375817091889999
0.42124252337800006
0.40513665368500007
0.38927999468899993
0.37369187600200005
0.35838396376100007
0.343373166725
0.328670286893
0.31428777891399995
0.3002373164519999
0.28652638656199997
0.27316374499999996
0.26015749229199997
0.24751405840500001
0.23523682379600003
0.22333063810599998
0.21179948678800004
0.20064386480500002
0.189865449826
0.179465219713
0.16944110475299998
0.15979293288899998
0.15051693012799996
0.141611022445
0.133070769817
0.12489224012500001
0.117069907537
0.10959789492000002
0.10247030220999999
0.095680798088
0.08922065573
0.08308406162599999
0.077261641049
0.071745662657
0.0665266865
0.061596903212999994
0.05694646417
0.05256635597300001
0.048447080125
0.04457851309000001
0.04095197865699999
0.037556965009
0.034384611616999995
0.03142447602099999
0.028667875858000007
0.026104628568999994
0.023725559809999998
0.021521565481
0.019483100943999996
0.017602066080999998
0.01586896821
0.014275638176
0.012813660700999997
0.011475326525
0.010252349282000002
0.009137759354
0.008123677524
0.007203711436999999
0.006370970740999999
0.005618889818000001
0.004941574882
0.004333232386
0.0037881619400000005
0.0033012056250000003
0.002867545885
0.002482390549
0.0021414159650000003
0.0018405352180000001
0.0015759135650000003
0.0013440820810000002
0.001141635105
0.0009655056500000001
0.0008129120740000001
0.0006812094650000001
0.000568076788
0.0004713111679999999
0.000388929605
0.000319135617
0.00026030200100000007
0.00021100101299999997
0.00016992488000000002
0.00013587362500000003
0.00010786202599999998
0.00008495762499999999
0.00006636100000000001
0.000051376841000000005
0.000039406684999999996
0.000029919604999999998
0.000022473936000000004
0.000016687060999999995
0.000012235139999999999
8.849425e-6
6.310264999999999e-6
4.427938e-6
3.0512050000000005e-6
2.065428e-6
1.3680199999999998e-6
8.839699999999998e-7
5.5777e-7
3.4130500000000005e-7
2.01953e-7
1.15217e-7
6.284900000000001e-8
3.2521000000000004e-8
1.6017999999999995e-8
7.24e-9
3.0499999999999996e-9
1.145e-9
3.77e-10
9.999999999999998e-11
1.7999999999999996e-11
1.9999999999999996e-12
0.
0.
0.
0.
0.
0.
1.9999999999999996e-12
1.2999999999999999e-11
6.500000000000001e-11
2.7400000000000004e-10
8.5e-10
2.3719999999999997e-9
5.858e-9
1.3221e-8
2.7613e-8
5.3748000000000006e-8
9.936900000000001e-8
1.75825e-7
3.0043399999999995e-7
4.94533e-7
7.904900000000001e-7
1.2290489999999999e-6
1.8657290000000001e-6
2.774201e-6
4.0420099999999994e-6
5.784913e-6
8.143661000000001e-6
0.000011297133
0.000015463485
0.0000208818
0.000027880793000000007
0.00003681589000000001
0.00004812357699999999
0.000062293097
0.00007992412899999999
0.00010168462400000002
0.00012834757700000004
0.000160799776
0.000200022425
0.00024714996800000004
0.0003034712479999999
0.0003703568
0.0004494294169999999
0.000542447153
0.000651283858
0.000778144645
0.0009253134489999999
0.0010952513209999998
0.0012908415010000002
0.00151509429
0.0017711639650000001
0.0020626706
0.002393220425
0.0027669815050000005
0.003188075722
0.0036613107889999995
0.004191333085000001
0.004783462333
0.0054429463530000005
0.006175756611999999
0.006987843199999999
0.007885418516
0.008875305109
0.009964037593999997
0.011159203647999999
0.012468011905
0.013898359906000001
0.015458013562
0.017155480634
0.018998854705000002
0.020997150304999997
0.023158890156999994
0.025493480165
0.028009663705000003
0.030717449165000004
0.033625628704999994
0.036744169586000006
0.04008243838100001
0.043650158813
0.04745749778500001
0.051513041725
0.055827202204999996
0.06040930936999999
0.06526879432
0.07041443603400002
0.07585519504900001
0.08160054208400001
0.087657788749
0.09403604019400001
0.100743013802
0.10778524321300001
0.11517049826
0.12290488695400001
0.130994064625
0.139442927026
0.14825750724999998
0.157440677546
0.166996091105
0.17692571664400003
0.18723269108200002
0.19791618802
0.20897719946499999
0.22041503740099996
0.23222770913000002
0.24441225788499998
0.25696496721799994
0.26988145356499993
0.28315533363400003
0.29677961284199994
0.310745962585
0.325047015362
0.33967083469600007
0.35460585364099995
0.3698399456419999
0.385360668485
0.40115054191700006
0.41719672352000003
0.433478483633
0.449980992145
0.466681983442
0.483563685501
0.50060200346
0.517776754129
0.535062845629
0.5524376269010001
0.569872911082
0.5873453009329999
0.6048255801729999
0.622288483786
0.63970400429
0.6570435896689999
0.674278482589
0.691377609385
0.7083118848200001
0.72505190693
0.741563709248
0.7578188980610001
0.7737854877650001
0.7894323326799999
0.804732431885
0.8196502207010001
0.8341588635049999
0.848229411833
0.8618324443699998
0.8749370342660001
0.8875207036180001
0.899552049416
0.911005842629
0.9218600109939998
0.9320899406290001
0.9416726062159999
0.950585656465
0.9588124882440001
0.966332012026
0.9731280422810001
0.9791859346000001
0.984493205722
0.9890344953970002
0.9928004795810002
0.995784169796
0.9979772652359999
0.9993761005699999
0.9999747365780001
0.9997741938019999
0.998776456372
0.996978565192
0.994388522693
0.991013230985
0.9868578008499999
0.9819322112359999
0.9762491474289998
0.969819367529
0.962659412269
0.9547830430579999
0.9462101944729998
0.936958769325
0.927051237401
0.9165053033210001
0.9053480302450001
0.893601220585
0.881291570617
0.86844307796
0.8550857576259999
0.841245601237
0.8269518655129998
0.8122346724680001
0.797121858677
0.7816455845920001
0.765834118165
0.749719526625
0.7333315605290001
0.716702247914
0.699861714865
0.6828405831249998
0.6656690584580002
0.648378401866
0.63099679985
0.6135542817890001
0.5960781829
0.5785992323569998
0.5611418978210001
0.5437344700450001
0.5264012928690001
0.509167289761
0.4920580732500001
0.47509564300100016
0.458301809925
0.44169724573
0.425302549442
0.40913654841
0.39321681912499995
0.37755977704999993
0.362180363905
0.347094451385
0.332313569768
0.31785023804900003
0.3037149591400001
0.289918494842
0.27646903082499996
0.26337317371299995
0.25063791598099994
0.238268676512
0.22627000549
0.21464463115299998
0.20339494333
0.19252265671999996
0.182027580013
0.17191033392099997
0.162167725736
0.15279937676199998
0.14380089514900002
0.135170289109
0.12690146891700002
0.118990426482
0.111432130153
0.104218961657
0.097345334546
0.09080420049
0.08458711892000001
0.07868714622499999
0.07309530791999998
0.06780316062500001
0.062801825125
0.05808232039999999
0.05363579296
0.049452074809999996
0.045521872281
0.041835827986
0.038384023933
0.035156775746
0.03214465359299999
0.029338059141000006
0.026727141124
0.024303006914000006
0.022056271969
0.019977226768999993
0.018057689
0.016288494053
0.014660990865999998
0.013167096253
0.011798531929999998
0.010547519677000001
0.009406486504999999
0.008368018933
0.007425094553000001
0.006571148657000001
0.005799531529999999
0.005104114346
0.004479007394000001
0.003918678517000001
0.003417655849000001
0.002971138228
0.0025742835700000005
0.002222653842
0.0019121588499999998
0.00163885322
0.0013991439289999998
0.0011896234930000003
0.001007198505
0.0008489617249999999
0.0007122512079999999
0.0005947200369999999
0.000494045289
0.0004082566450000001
0.0003354643719999999
0.000274051045
0.00022250383699999997
0.000179482637
0.000143785898
0.00011435414499999997
0.00009023293000000001
0.000070630489
0.000054819252
0.000042147925000000005
0.000032082745
0.000024160084000000002
0.00001799785
0.000013234599999999999
9.610490000000002e-6
6.876437000000001e-6
4.843445e-6
3.354649e-6
2.281981e-6
1.5192050000000001e-6
9.880519999999999e-7
6.269849999999999e-7
3.8649999999999997e-7
2.30893e-7
1.3334899999999999e-7
7.328e-8
3.8652999999999995e-8
1.9232999999999998e-8
8.885000000000003e-9
3.788999999999999e-9
1.4580000000000001e-9
4.81e-10
1.4500000000000002e-10
2.4999999999999994e-11
4.999999999999999e-12
1.e-12
0.
0.
0.
0.
0.
1.e-12
1.e-11
5.3000000000000004e-11
2.0499999999999996e-10
6.500000000000001e-10
1.8850000000000004e-9
4.809999999999999e-9
1.0851999999999999e-8
2.3113000000000007e-8
4.5393999999999996e-8
8.5588e-8
1.5369999999999998e-7
2.63393e-7
4.3796199999999993e-7
7.046169999999999e-7
1.1031250000000001e-6
1.684289e-6
2.5157449999999997e-6
3.68392e-6
5.2973050000000004e-6
7.486372e-6
0.000010427506000000001
0.000014311012000000004
0.000019392543999999998
0.000025970425000000003
0.00003438826
0.000045046402
0.000058458833000000014
0.00007516822099999998
0.000095823361
0.00012119832500000002
0.000152089288
0.00018953526800000002
0.000234574322
0.00028846336
0.00035259504399999997
0.000428466242
0.000517820378
0.0006225361299999999
0.0007446466000000001
0.000886473972
0.001050514517
0.0012394885940000002
0.001456210088
0.0017040955810000002
0.0019863716360000003
0.0023068129539999998
0.0026692915140000004
0.0030781384819999996
0.003537918709
0.004053343825000001
0.004629330025000001
0.005271590098
0.00598554098
0.006777129572000002
0.0076528606689999995
0.008618887861
0.009682387362
0.010850228193999998
0.0121301461
0.013529252029
0.015055934825
0.016718153779999998
0.018524188660000003
0.020482983386000003
0.022602933797
0.024893383426000004
0.027363659749000003
0.030022385416999996
0.032879589597000006
0.035944864754
0.039227494522
0.04273686907200001
0.04648338745700001
0.05047618973199999
0.05472504200000001
0.059239202005
0.06402819796899999
0.069101633133
0.074467714121
0.08013634544499997
0.08611506421
0.09241228659699999
0.099036375101
0.10599410106500001
0.11329315309300002
0.12093992474600002
0.12893976464799997
0.137298513152
0.14602128304899997
0.155111670977
0.16457384429
0.17441049691399999
0.18462257213199998
0.195211692946
0.206179395365
0.21752306417
0.22924207160899998
0.24133437064999996
0.253795409761
0.26662096440199995
0.27980584863400004
0.29334392480500004
0.30722595510799994
0.32144392153699997
0.335988312949
0.35084696070500004
0.3660079044249999
0.38145772732100003
0.39718250815699996
0.41316535537000004
0.4293903051649999
0.44583941585000003
0.4624931360330001
0.47933106931700004
0.49633284961
0.513475828501
0.5307363201799999
0.5480905756100001
0.5655127789609999
0.5829774365060001
0.600459910954
0.617929639945
0.635358817057
0.6527205337249999
0.66998468869
0.6871217799680001
0.7041003544840001
0.720890708561
0.737461718341
0.75378341545
0.7698259982500002
0.7855561530130002
0.8009445526089999
0.8159615015570001
0.830575537045
0.8447576499220002
0.8584792753539999
0.871712405369
0.8844278308160001
0.8965975337859999
0.90820033874
0.9192059518819999
0.929594311234
0.939340187509
0.948423239298
0.956823890256
0.9645201058089999
0.9714990231010001
0.9777444804899998
0.9832388053050001
0.9879727016769999
0.991931908482
0.9951135911329999
0.99750400202
0.99910082549
0.999899455145
0.9999004539249999
0.9991000430770002
0.9975022905939999
0.995109738512
0.9919301639050001
0.9879676466599999
0.98323540564
0.977739425408
0.9714944451559999
0.9645157521049998
0.9568168207720001
0.9484161057640002
0.9393316918289999
0.9295862571810001
0.919198502357
0.9081906098329999
0.8965883947250001
0.8844169152399999
0.8717020465249999
0.8584682671219999
0.844746883685
0.8305634297480001
0.815950451413
0.8009330979939999
0.78554326633
0.7698138021409999
0.753770792185
0.737447763053
0.7208761533939999
0.704086661826
0.687108185153
0.6699714747619999
0.652707007588
0.6353453461219999
0.61791544369
0.6004458951999999
0.5829639343490001
0.5654996223490001
0.548076558053
0.5307217123300001
0.5134619215850001
0.4963192594650001
0.4793171048199999
0.462479907485
0.44582600724500004
0.429377982493
0.413152342677
0.39717008610500004
0.3814458716800001
0.36599583460499996
0.35083483285000006
0.33597653141000006
0.32143250687400005
0.30721424784799994
0.29333298215700004
0.27979524004100004
0.266610927956
0.25378540552000006
0.241324697914
0.229232772004
0.217513375848
0.20617027979600003
0.19520361264199995
0.18461438403400002
0.174402090269
0.16456652929999996
0.15510485213199998
0.14601428995399998
0.137291640154
0.12893311036999996
0.12093364008999996
0.113287214573
0.105988536845
0.09903124954000002
0.09240706844900001
0.086110324065
0.08013161297699999
0.07446368570499999
0.06909747602000002
0.06402470418099998
0.05923560497300001
0.05472162151300001
0.05047301779999999
0.046480511641000005
0.042734008388
0.03922486467400001
0.035942192488
0.032877262036
0.03002017838500001
0.027361646624
0.024891643977999995
0.022601264424999993
0.020481428772999993
0.018522742249999995
0.016716832360000003
0.015054576904999999
0.013528169748999999
0.012129026474
0.010849329940000001
0.009681545497
0.008618116325
0.007652150089999999
0.006776444825000001
0.005984904384999999
0.005271055877000001
0.004628919181000001
0.004052855557
0.0035375432770000004
0.003077840089
0.0026690021439999996
0.002306494034
0.0019861009809999997
0.0017038653970000003
0.001456063681
0.001239317357
0.001050345985
0.0008863505299999999
0.0007445278979999999
0.000622408986
0.000517731905
0.00042841262500000003
0.0003525199449999999
0.00028842629800000005
0.00023453212899999997
0.000189498074
0.000152071749
0.000121166194
0.00009581583699999999
0.00007514933
0.00005845332500000001
0.000045039248
0.000034373956999999996
0.000025960113999999997
0.000019394280000000004
0.000014310067999999998
0.000010425676999999998
7.486690000000002e-6
5.293491999999999e-6
3.6828200000000007e-6
2.5159999999999997e-6
1.6842409999999998e-6
1.1029050000000002e-6
7.042570000000002e-7
4.3789300000000004e-7
2.6382499999999997e-7
1.52989e-7
8.5309e-8
4.5445e-8
2.2905e-8
1.0857999999999999e-8
4.657e-9
1.8249999999999998e-9
6.53e-10
1.93e-10
4.5e-11
1.e-11
1.e-12
0.
0.
0.
0.
0.