1.
0.9900455688580001
0.9607264273849999
0.913623684584
0.851230839253
0.7767519021370002
0.6938457672769999
0.606351854205
0.51801506122
0.43223658724999986
0.3518733542329999
0.279108578205
0.21538099267600003
0.161393896721
0.11718158983699999
0.08221967898499997
0.055572383269
0.036043809589
0.022327452807999998
0.013132060033000003
0.007279552008
0.0037674786980000006
0.001797987685
0.0007782642500000001
0.000298629242
0.00009828506900000001
0.000026396081
5.336442e-6
7.04276e-7
4.5123999999999994e-8
6.56e-10
0.
1.e-12
1.5169999999999998e-9
7.494500000000001e-8
1.00825e-6
7.0398100000000015e-6
0.000033041353
0.000118597265
0.00035070600500000003
0.000895103837
0.0020334915140000002
0.004202476930000002
0.008026504045
0.014336274682
0.024164670906
0.038713238485
0.05928256874499999
0.087171105529
0.123543156146
0.169280569445
0.22482688409299997
0.290050184993
0.36413310119299996
0.44551732080500006
0.531907269913
0.620347799986
0.7073701985599999
0.7891982491599999
0.8619995085300001
0.922168362473
0.966602718122
0.9929387830399999
0.999749030809
0.986666062829
0.95440085138
0.9046910700769999
0.8401578839380001
0.7640937377690001
0.6802050524529999
0.5923351172650001
0.504189009937
0.41909279587600007
0.33980478742599995
0.26839374916500003
0.206179481412
0.153753726212
0.11105191059299997
0.07747713530499999
0.05204042327299999
0.033519794425
0.020602958245000007
0.012011297737000002
0.006590821191999999
0.003370643125
0.0015859030099999998
0.000674651044
0.000253301408
0.00008103364999999999
0.000020945316999999997
4.006925e-6
4.832009999999999e-7
2.6405000000000004e-8
2.6000000000000003e-10
0.
4.999999999999999e-12
3.17e-9
1.20034e-7
1.4175719999999996e-6
9.193025000000002e-6
0.000041081309
0.00014243344099999997
0.000410390713
0.0010264993570000003
0.002294462948
0.004678527186000002
0.008835294676000001
0.015628159073000004
0.026120143044000003
0.04153333339299999
0.06317651562499998
0.092335348816
0.130140429026
0.177413687537
0.23451701649999998
0.30121567179700004
0.3765773638800001
0.45892418571699994
0.545851360333
0.6343096429700001
0.7207653444370001
0.8014167746000002
0.8724490334410001
0.9303194835370001
0.972024286181
0.995337631637
0.9989983771330001
0.9828043036099999
0.947637599981
0.895387952978
0.828796112146
0.7512394771570001
0.6664653722899999
0.5783124944930002
0.4904401470489999
0.40609522953800004
0.327936206746
0.25791199495199996
0.197224618192
0.14635733342499999
0.10515208424900002
0.07293865716
0.048682307105
0.031136395145000006
0.01898680356
0.010969457524999999
0.005956799817999999
0.003009335737
0.0013953581449999998
0.0005830152520000001
0.000214010162
0.00006646501000000002
0.000016493221000000004
2.972722e-6
3.2619600000000004e-7
1.4760000000000001e-8
8.999999999999999e-11
0.
1.9999999999999996e-11
6.484999999999999e-9
1.87821e-7
1.969497e-6
0.000011897225
0.000050751586
0.00017025864500000003
0.00047857886099999993
0.0011738960720000002
0.002582938845
0.005198572852
0.009709585538
0.017012339305
0.02819849390899999
0.044509800933
0.06725873192200002
0.09771694838600001
0.13697545226900001
0.18579516322600004
0.24444875137
0.3125999413300001
0.38919757620999995
0.472447900733
0.5598341439410001
0.648221242122
0.7340161196180002
0.8133952444929999
0.8825703270820001
0.9380653117729999
0.9769847804480001
0.9972455882
0.9977484911450001
0.978464927813
0.940445679017
0.885723670253
0.8171595905599999
0.738204800994
0.652641901445
0.564296912192
0.4767797864
0.393255560356
0.3162723433600001
0.24766494108199996
0.18851757066400002
0.13920496945
0.09947807664499997
0.06860007096399999
0.04549181597
0.028887569044999995
0.017473592575999994
0.010002712625
0.005374031165
0.0026809747239999997
0.0012244428500000001
0.0005022140500000001
0.000180063473
0.00005421459699999999
0.000012890161
2.1795880000000004e-6
2.1557300000000002e-7
7.858e-9
2.6000000000000007e-11
0.
5.3000000000000004e-11
1.2136000000000002e-8
2.86793e-7
2.695744e-6
0.000015265444
0.00006233730099999999
0.00020263188500000003
0.00055613288
0.0013388246559999997
0.0029011960180000003
0.005765661025
0.010653404858000001
0.018493505443999997
0.030405235264999997
0.047647669633
0.07153483528
0.10331970193
0.144051683845
0.19442352068899996
0.254620324085
0.324196919633
0.4019853258290001
0.48607582958799994
0.573844452616
0.6620690771719999
0.7471054376330001
0.8251176070209999
0.8923460147300001
0.9453920410240002
0.981473112232
0.9986535506599998
0.995999923745
0.973655528281
0.932832728033
0.875711899508
0.8052612988679999
0.725004270052
0.6387500601
0.550304525545
0.46322128361000003
0.380580658765
0.30482026073299995
0.237656508368
0.180057997825
0.132293087329
0.09402679259200002
0.0644567053
0.042464677252999995
0.026768941524000008
0.016059163333
0.009106583161000001
0.004839384514000001
0.00238322097
0.0010716716530000002
0.00043116093700000014
0.000150820738
0.00004397049
9.988001e-6
1.577561e-6
1.3921000000000001e-7
3.978e-9
4.e-12
0.
1.6999999999999996e-10
2.1933000000000002e-8
4.272580000000001e-7
3.649325e-6
0.000019425157
0.00007613080399999999
0.000240167601
0.0006441916340000002
0.0015229402400000003
0.0032517066099999998
0.006383044202000001
0.011670776858
0.020076480601
0.03274517414500001
0.050951369026000004
0.076008492386
0.10914727229299998
0.15136955436099997
0.203298602821
0.265027806985
0.3360005094500001
0.41493448831299995
0.499798454912
0.587866498801
0.6758374916210002
0.7600188776679999
0.8365672623080002
0.9017666129769999
0.952293404168
0.985488231258
0.999563968948
0.9937554577640001
0.9683798665760002
0.924809613533
0.8653647057249998
0.7931174859940001
0.711653769265
0.624802884817
0.536346565274
0.4497758585169999
0.3680796825
0.293583967301
0.227888635693
0.17184568784799997
0.12561990949299998
0.088793675924
0.060503270041
0.039595392964000005
0.024774988260999997
0.014738235304
0.008277302378000001
0.0043495666490000005
0.002113789354
0.000935306705
0.0003688934800000001
0.00012578790099999998
0.000035432864999999995
7.670056e-6
1.125365e-6
8.7293e-8
1.961e-9
1.e-12
0.
4.85e-10
3.806099999999999e-8
6.257450000000001e-7
4.875704999999998e-6
0.000024542752999999993
0.00009247039400000001
0.000283485562
0.0007438850329999999
0.001727987764
0.003637001525
0.00705396712
0.012766091386
0.02176583141
0.03522381129800001
0.054427656490000004
0.080685864073
0.11520308063700002
0.15893211628999998
0.21242126628000002
0.27566891689600004
0.3480058394420001
0.428031349684
0.5136013632490001
0.601886712986
0.689510430545
0.7727399742600001
0.8477331919299999
0.91081698682
0.9587579719879998
0.989022211024
0.9999738443539999
0.9910211661250001
0.962647378621
0.9163888584609999
0.8546963734599999
0.780741290674
0.6981684003649999
0.6108160602410001
0.522436610354
0.43645440116200007
0.35576019192099995
0.28257072166100006
0.218364505138
0.163880679205
0.119183462245
0.08377502905
0.056735297580999995
0.036878513152999996
0.022900509105999996
0.013506641185000001
0.007511110105
0.0039018424209999996
0.001870456466
0.000813989777
0.0003144716499999999
0.000104411705
0.000028380844999999997
5.8369700000000015e-6
7.915570000000002e-7
5.350899999999999e-8
8.480000000000001e-10
0.
0.
1.138e-9
6.4117e-8
9.001209999999999e-7
6.454152e-6
0.000030783889000000005
0.00011176639399999998
0.000333332962
0.00085638125
0.001955742841
0.004059457949
0.007781827680999999
0.013943199080000001
0.023566552784
0.03784631113800001
0.058080537608000006
0.085570286425
0.12149055246499997
0.166740705413
0.22179015434000002
0.2865379471540001
0.36020497497799997
0.441269843677
0.527473607089
0.615891778002
0.7030730642049999
0.785255412301
0.8586010580200001
0.9194882920130001
0.9647786538009999
0.9920694530649999
0.9998838322729999
0.98779709893
0.9564653892369999
0.907579633
0.84371862725
0.7681502409649998
0.684564273005
0.596803810865
0.508587560285
0.42326597761999996
0.343630245725
0.27178361646500004
0.20908554777799998
0.15616209400199998
0.11298061991299999
0.07896587785300001
0.05314701209
0.03430874664999999
0.021140616832
0.0123596602
0.006804323060000002
0.003493106149
0.0016510921689999996
0.0007063491249999999
0.00026705065
0.00008622832499999998
0.000022563973000000006
4.396213000000001e-6
5.458449999999999e-7
3.1546000000000003e-8
3.5299999999999997e-10
0.
1.9999999999999996e-12
2.5330000000000002e-9
1.03865e-7
1.273793e-6
8.452157e-6
0.000038341825
0.00013442506100000003
0.0003905176850000001
0.0009829754959999998
0.0022084013300000004
0.00452218496
0.00857050384
0.015206484240999997
0.025483930849000008
0.040618031751999996
0.061914978323999996
0.09066592770499998
0.12801214829
0.17479484956799998
0.23140295273699998
0.29763358465000006
0.3725913638049999
0.454637823749
0.5414026909
0.6298656852369999
0.716512149325
0.7975476177699998
0.8691538475700001
0.9277669875560001
0.970347038762
0.9946276329860001
0.9992918717769999
0.984088723445
0.9498407743609998
0.8983934982100003
0.8324486711810002
0.7553560879450001
0.670854536469
0.582781674276
0.494812237058
0.41022101290400004
0.33169732324
0.26122678766499996
0.20005226994600003
0.14868817524800004
0.10700785519699998
0.074363309725
0.04973417989200001
0.031881006929
0.019490493267999995
0.011293174009000002
0.006153138730000001
0.0031208179999999996
0.001453840001
0.0006110301520000001
0.000225901736
0.00007085293
0.000017812515999999996
3.2730099999999997e-6
3.70802e-7
1.7796999999999997e-8
1.17e-10
0.
1.2999999999999999e-11
5.193999999999998e-9
1.63217e-7
1.7762049999999998e-6
0.000010965357
0.000047465569000000004
0.00016092390500000003
0.00045589157800000007
0.001125079837
0.0024877815170000006
0.005027921453
0.009423614212000001
0.016561009970000002
0.02752247378
0.043544096405
0.06593708475700001
0.0959778593
0.134771716525
0.183097370372
0.241258255325
0.308947895173
0.38515720884800003
0.4681264619170001
0.5553742483209999
0.6437948004500001
0.7298107604049999
0.8096048777090001
0.8793823354879998
0.9356413299079999
0.975454160069
0.996690746308
0.9982006731449999
0.979900929085
0.9427829252690001
0.888842965117
0.8208975681049998
0.742379242216
0.6570554341839999
0.568762359673
0.48112328192900006
0.3973294903239999
0.31996772756
0.25090447373299996
0.19126625868500002
0.14145820172100002
0.10126240253000003
0.06996171002399999
0.04649075451399999
0.029590090224999997
0.017945082565000003
0.010302893012
0.005554389159999999
0.00278221138
0.0012769003299999998
0.00052687936
0.00019033288099999998
0.000057896329
0.000013959748999999999
2.4090169999999996e-6
2.465e-7
9.818e-9
4.1e-11
0.
4.1e-11
1.0084999999999999e-8
2.5060100000000006e-7
2.442514e-6
0.000014111064999999999
0.000058410397
0.00019179088099999998
0.000530367029
0.00128425384
0.00279638005
0.005579616865
0.010344878660000001
0.018010642769999998
0.029687758173
0.046629585088999996
0.070150864121
0.101509985345
0.14177027929000002
0.191646573661
0.25135344348999994
0.3204776565730001
0.397892641009
0.481722138805
0.5693779677049998
0.657663119165
0.742952403337
0.821409129188
0.88926841544
0.9431032829
0.980094996785
0.9982593070210001
0.9966116850730001
0.97523850472
0.935304577562
0.8789390213139999
0.8090808255720001
0.7292289858529999
0.643183690805
0.5547612320099999
0.467531278882
0.38460190589300003
0.30844668380199997
0.24082016584400004
0.182727146314
0.13446988033
0.095740461353
0.065756439025
0.043412397293000005
0.027430203425000004
0.016499490737
0.009384597913000002
0.005004716317000001
0.002474976205
0.00111853585
0.00045280597
0.00015966413800000003
0.000047030425000000005
0.000010843273999999999
1.7515780000000001e-6
1.6017300000000001e-7
5.071999999999999e-9
7.999999999999998e-12
0.
1.2799999999999997e-10
1.845e-8
3.7678399999999997e-7
3.318016e-6
0.000018006013000000002
0.00007147536800000001
0.00022759316099999998
0.000614938714
0.0014620510369999999
0.00313636801
0.006180600001999999
0.011338428845
0.019560743170000002
0.031984678024000006
0.04988013277
0.07456115372899999
0.10726551946899998
0.149011089362
0.20044323691600002
0.26168598263200005
0.33221645068500005
0.410790524274
0.4954147339850001
0.58339772233
0.671457930256
0.755922537925
0.8329498384930001
0.8988037575289999
0.950141734781
0.98426131201
0.999327751794
0.9945251054079999
0.970112199748
0.9274113524519999
0.868698559709
0.7970137439409999
0.71592533896
0.629252658025
0.5407905184999999
0.45404869492
0.372043596644
0.297141003792
0.230975237677
0.174436436456
0.12772119911200003
0.09043801891399998
0.061743005738
0.040493219377
0.02539719562
0.015149228804999998
0.008534590641000001
0.004501075632999999
0.002196708257
0.000977050292
0.000387826477
0.000133353337
0.000037982401
8.356805e-6
1.254292e-6
1.0150399999999998e-7
2.474e-9
1.9999999999999996e-12
0.
3.5599999999999996e-10
3.2105e-8
5.55073e-7
4.4530739999999995e-6
0.000022795565
0.00008695850000000001
0.00026900194
0.000710788532
0.0016602658250000001
0.0035102565849999996
0.006834067560999998
0.012408272245000001
0.021215593321
0.034418372209
0.053300754729
0.0791727985
0.113247945925
0.156495752866
0.209487782689
0.272252517476
0.34415845197700007
0.4238420694650001
0.509194233293
0.5974190597290001
0.6851645608730002
0.768706871645
0.844207115809
0.9079735970660001
0.9567463144660001
0.9879477478099999
0.9998980152650001
0.9919444920099999
0.964524055381
0.91911523653
0.858130301321
0.7847092488260001
0.7024809582650001
0.6152760412090001
0.5268637355889999
0.44068648013299994
0.359666318245
0.28605682071200006
0.221373715901
0.166392481914
0.12120951026500003
0.085351082065
0.05791632627399999
0.03772817323700001
0.02348517625
0.013889646074
0.00774858773
0.0040402058050000005
0.0019452993050000002
0.0008511097300000001
0.000331017413
0.00011085606499999998
0.000030474980000000004
6.376064e-6
8.862650000000001e-7
6.245000000000001e-8
1.105e-9
0.
0.
8.73e-10
5.452100000000001e-8
8.032049999999999e-7
5.905962000000001e-6
0.000028663776999999992
0.000105269697
0.00031668242499999997
0.000819038914
0.0018805608899999998
0.003920600741
0.007543413504999999
0.013558776885
0.022980277169999997
0.036994744349
0.056896837874
0.083990385257
0.11946130051699999
0.164225425696
0.21877790084999998
0.283049072813
0.35629698315599995
0.437037047801
0.5230452620739999
0.6114302692369998
0.698764096
0.78128875705
0.8551709355129999
0.916766512649
0.9629080164290001
0.991151821476
0.9999660301060002
0.988876942992
0.958482990149
0.910428433609
0.847249411762
0.7721846579200001
0.6889114121090001
0.6012715774760001
0.512994296722
0.427453278617
0.347474304424
0.275196857786
0.212015619344
0.15859512674
0.11493224015400003
0.08047597934900001
0.054271352020999995
0.035112112344999995
0.021689348199999996
0.012716171156000001
0.007023207069000002
0.0036192364239999992
0.0017184642500000004
0.000739264138
0.000281467685
0.00009170162499999998
0.000024296797
4.814784999999999e-6
6.154850000000001e-7
3.7469e-8
4.659999999999999e-10
0.
1.e-12
1.993e-9
8.919200000000001e-8
1.1432530000000003e-6
7.765711999999999e-6
0.000035775661000000004
0.000126812853
0.0003714323570000001
0.0009409935859999999
0.002125078297
0.004370251625
0.008312351258
0.014794305699999998
0.024859988884
0.03971840531299999
0.060673114129000005
0.089018815474
0.1259078824
0.172201107304
0.228312636154
0.2940732363129999
0.368624381833
0.45036384563599996
0.536958488018
0.6254154055610001
0.7122438338449999
0.793655579968
0.8658257782609999
0.925172193706
0.968620959076
0.9938653382500001
0.99953611434
0.985322133874
0.95199855725
0.901360742416
0.8360711732199999
0.7594552585000001
0.6752339610770001
0.58725041213
0.499193226274
0.414362532877
0.33547833358400003
0.264565764693
0.20290413529
0.151043263988
0.10888650439999997
0.07580800740500002
0.050802920225000006
0.032639558738
0.020004886730000004
0.011624721705999999
0.006354803122
0.0032356295530000002
0.0015144301090000002
0.00064012532
0.00023838352000000003
0.000075467716
0.000019228292
3.6024199999999997e-6
4.20048e-7
2.1644999999999996e-8
1.6999999999999996e-10
0.
4.e-12
4.1600000000000005e-9
1.4183300000000002e-7
1.6017040000000002e-6
0.000010102005
0.000044377960000000005
0.000152014714
0.00043410732500000004
0.001077983972
0.00239573581
0.004861853770000001
0.009144436764999998
0.016119168138
0.026859185513
0.042594315341
0.06463492742499999
0.09426139614900002
0.132591620808
0.180424413256
0.23809061774499998
0.3053185488
0.38113299569000003
0.46381540962100004
0.550917802513
0.639360373882
0.725587710244
0.805789304008
0.8761594921479999
0.93317525093
0.973876321514
0.9960876949140002
0.998602439105
0.9812853714739999
0.9450793414449998
0.891924039625
0.8246075553999999
0.746532961096
0.6614628355359999
0.5732297917
0.48547486688500013
0.401421381322
0.3236827238440001
0.254168852845
0.19403876557
0.1437361081
0.10306924568100002
0.071342700586
0.047506269745999995
0.030305706137999995
0.018426554473999997
0.010610591528
0.00573972986
0.0028866305290000003
0.0013311519519999997
0.000552526468
0.000201092228
0.000061785344
0.000015096604999999999
2.65933e-6
2.8185999999999996e-7
1.1832999999999997e-8
4.9999999999999995e-11
0.
2.5000000000000004e-11
8.109000000000002e-9
2.1908799999999996e-7
2.211194e-6
0.000013031604999999998
0.000054709443999999995
0.000181450301
0.00050555938
0.0012315796819999999
0.002694795725
0.005398679005
0.010043629073
0.017538146425
0.028983794264999998
0.045628797058
0.06878643930000002
0.099722464036
0.139513711445
0.18889464989200003
0.248109988393
0.3167797615380001
0.393815456528
0.477377635741
0.5649124410770001
0.6532509502980001
0.738780778664
0.81767671313
0.8861549821199999
0.9407694249459999
0.978665803585
0.99781386164
0.9971711922250002
0.976775093092
0.9377334984419998
0.8821328286879999
0.8128735188999999
0.7334377905969999
0.647612422785
0.5592202400499999
0.471851703461
0.388640121733
0.31209526979299995
0.244008212857
0.185421258612
0.13667064172100002
0.097476069906
0.06707564662500001
0.044375848213
0.028104536455999998
0.016949529972
0.009669738578000001
0.0051747440210000014
0.002569585577
0.0011670871930000001
0.00047538247700000004
0.00016893088199999997
0.000050283465999999994
0.000011764180000000002
1.940705e-6
1.8405000000000004e-7
6.217000000000001e-9
1.7e-11
0.
8.5e-11
1.517e-8
3.32228e-7
3.0122560000000004e-6
0.000016670393
0.00006705878799999999
0.000215612377
0.000586818565
0.001403237152
0.0030244825000000004
0.005983530004999999
0.011013695677000002
0.019055446047999997
0.03123816713
0.048825980165
0.07313393881800002
0.10540679073699998
0.14667689336900003
0.19761300376099997
0.25836720016900006
0.3284534586249999
0.4066638105140001
0.49104190022899996
0.5789287751689999
0.667071908386
0.751809227562
0.82930221064
0.895804590845
0.9479435910399999
0.9829841923490001
0.9990413575570001
0.9952431924199999
0.9717957830930001
0.9299710793689999
0.8719973691129999
0.8008857067299999
0.720179744618
0.63369815233
0.545238196605
0.45833235703400005
0.37602667796500006
0.30072114402500005
0.23408709464900002
0.17705154864199998
0.12984610914
0.09210402570499998
0.06300157554500001
0.041406218036999995
0.026031868051999998
0.015569535850000002
0.008798399752
0.004656737444
0.0022823721640000006
0.001020425929
0.0004076366650000001
0.00014129249000000002
0.00004069032199999999
9.088899999999999e-6
1.3981479999999996e-6
1.17709e-7
3.13e-9
4.999999999999999e-12
0.
2.61e-10
2.7049999999999997e-8
4.91954e-7
4.058900000000001e-6
0.000021161489
0.00008173456000000001
0.00025517308899999995
0.0006789411249999999
0.001594791656
0.0033872809119999997
0.006619819624999999
0.012058855961
0.020676569425000006
0.033627721037
0.052191713933000004
0.07768113251299998
0.111316583506
0.154083650005
0.20657886160000002
0.268859239965
0.340331177357
0.419666798165
0.504794160769
0.5929515309969999
0.680806885837
0.7646533541139999
0.8406507150920002
0.9050914784719999
0.9546879355449999
0.986825255049
0.9997701388820002
0.992821692341
0.96635458564
0.9218026554890001
0.8615331094600001
0.7886553649650001
0.706779753412
0.61973526401
0.531295703588
0.44493082751299995
0.36359116589000007
0.2895644284100001
0.22440748064799998
0.16892933454499998
0.123259005325
0.08694901766499999
0.059115763226
0.038592898625
0.024081706183999997
0.014281479692999999
0.007992366125
0.0041825149
0.002022626344
0.000889686425
0.00034827564499999997
0.00011764155600000001
0.000032721209999999995
6.9572649999999995e-6
9.927449999999998e-7
7.328e-8
1.465e-9
1.e-12
0.
6.53e-10
4.6330000000000005e-8
7.153220000000001e-7
5.404009000000001e-6
0.000026664874000000005
0.00009910945800000002
0.00030078026500000003
0.0007830895460000001
0.0018078143779999998
0.0037856922020000003
0.007311038288
0.013183202938
0.022405655605
0.03615785347600001
0.055731482509
0.082432353041
0.11745570538399999
0.16173512968999998
0.21579033284
0.27958423710499997
0.352407975745
0.432815827321
0.5186246171620001
0.6069668251049999
0.6944422569250001
0.777301733885
0.851710662898
0.9140060203250001
0.9609934798690001
0.9901828997540001
0.99999964954
0.9899074536579999
0.960457456282
0.9132379203129999
0.850751263973
0.776199869685
0.693249100253
0.605737045076
0.5174067996250001
0.43165547610399996
0.351339540722
0.278632483274
0.21497163208899997
0.161053567189
0.11690763295999997
0.08200702044199999
0.05541348231700001
0.035929873312999995
0.022249503552999997
0.013081218562
0.007248140146
0.0037492769139999996
0.001788161018
0.000773442485
0.000296486825
0.00009745940199999998
0.000026137480000000004
5.2748799999999995e-6
6.92809e-7
4.4165e-8
6.5e-10
0.
1.e-12
1.537e-9
7.6624e-8
1.023898e-6
7.124314e-6
0.000033363889
0.000119572385
0.00035317709299999994
0.0009005654290000001
0.0020444020840000004
0.004222558778000001
0.008060590917000001
0.014390954513000001
0.024248128084
0.03883383767700001
0.05944965249599999
0.087393120058
0.123827821576
0.169632466565
0.22524770321999998
0.2905354458289999
0.36467472685300006
0.4461031227699999
0.532518902225
0.6209624241360001
0.707962357565
0.789739617641
0.862464490165
0.922534999906
0.9668512340839999
0.9930526795369999
0.9997279556049999
0.9865068782209998
0.9541128016129999
0.9042902423209999
0.8396662887009999
0.7635344749249999
0.679604942033
0.591720303197
0.5035832092179999
0.418518540829
0.339280345076
0.26792918921299996
0.205781756834
0.153423258509
0.11078867358100002
0.077273447589
0.051889204805000005
0.033412188681
0.020529868914
0.011963933588
0.006561839561
0.0033540586560000005
0.0015770799650000002
0.000670400713
0.00025144792099999997
0.00008034752200000001
0.000020729724999999997
3.954877e-6
4.75826e-7
2.5676999999999996e-8
2.4400000000000004e-10
0.
1.9999999999999996e-12
3.2849999999999997e-9
1.2255299999999997e-7
1.439905e-6
9.300369999999998e-6
0.000041459625
0.00014356557799999998
0.00041323266000000005
0.0010326233160000001
0.0023064479440000002
0.0047004952999999995
0.008872158469
0.015686784040000002
0.026208771425000003
0.041660663981000004
0.06335181883600001
0.09256747273
0.13043536749
0.17777674181
0.234948080434
0.301710869849
0.37712671099199996
0.4595159566609999
0.546464146394
0.634921159309
0.7213515029319998
0.8019488027769999
0.8729022588040002
0.9306684079009999
0.972251285785
0.995432205778
0.9989538025699999
0.982624763588
0.947331004905
0.894970825517
0.8282921447449998
0.7506719368249999
0.665860802338
0.577696186498
0.4898385009089999
0.405528435725
0.3274194844160001
0.2574573596660001
0.196837168762
0.14603807725
0.104898503252
0.07274414974099999
0.048538668074
0.031034745040999994
0.01891823537
0.010925615513
0.005930211218
0.0029942551120000003
0.0013873943680000002
0.00057928781
0.00021240611999999998
0.00006587706499999999
0.000016324324
2.934025e-6
3.20825e-7
1.4506000000000001e-8
8.899999999999999e-11
0.
1.2999999999999999e-11
6.649e-9
1.9116499999999995e-7
1.996825e-6
0.000012029172999999998
0.00005122083699999999
0.000171572648
0.00048175496199999993
0.001180747453
0.0025962436969999996
0.0052224529220000005
0.009749538121
0.017075355650000002
0.028292640756999998
0.044644102794
0.06744261246500001
0.09795839881699998
0.137281708477
0.186168249437
0.24489062100099998
0.31310416315299994
0.389755989965
0.47304345723400004
0.560450001321
0.6488315792730001
0.7345941927759999
0.8139161621209999
0.8830076008840001
0.938395920916
0.9771902996849999
0.9973163347220001
0.997681287002
0.9782648136770001
0.9401208771010001
0.8852914528649999
0.8166426597640001
0.737629583249
0.652033048613
0.5636819501
0.4761829145
0.39269495221299994
0.315764701298
0.24722045690600003
0.188141179333
0.13889646436499997
0.099234358865
0.068414509481
0.045355908428999996
0.028791865673000003
0.017409546389000004
0.009961881817
0.005349595241000001
0.002667336625
0.001217367076
0.0004988938340000001
0.000178666997
0.00005372666499999999
0.00001275266
2.1492639999999998e-6
2.11765e-7
7.685e-9
2.9000000000000003e-11
0.
5.8000000000000007e-11
1.2505000000000002e-8
2.91377e-7
2.734145e-6
0.000015425025999999997
0.00006289363600000002
0.00020417205699999999
0.0005598172899999999
0.0013464864449999998
0.002915864786
0.005791701736
0.010696511825000001
0.018560868640000002
0.030505107276999996
0.04778909157800001
0.07172693257299999
0.103570811569
0.144367623469
0.19480769212500001
0.25507310419999996
0.32471077950099997
0.40255125826500004
0.48667678925200003
0.5744598321650001
0.6626755229810001
0.74767603865
0.825625001549
0.892768376813
0.945704630485
0.981659556466
0.998703921034
0.9959110678249999
0.9734334747199999
0.9324904862650001
0.875265415282
0.80473360601
0.724422243605
0.6381379154019999
0.5496908828499999
0.46262952938000007
0.3800278523210001
0.30432259437700004
0.237222453645
0.179692399325
0.13199492944899996
0.093792689288
0.064279000829
0.04233563025800001
0.026678743874000002
0.015999026761
0.009068739725
0.004816889365
0.002370801757
0.0010653172849999998
0.000428253037
0.00014965205
0.000043555433
9.87473e-6
1.5549249999999998e-6
1.3639299999999997e-7
3.8900000000000004e-9
4.999999999999999e-12
0.
1.8499999999999996e-10
2.2500000000000003e-8
4.3484500000000003e-7
3.695453e-6
0.000019629277000000002
0.00007678325000000002
0.00024192856999999998
0.000648356516
0.001531489805
0.003267901858
0.006411366202000002
0.011717340708999999
0.020148335208
0.032850963353
0.05110061155700001
0.076209794405
0.10940835559400001
0.15169729810500002
0.20369452709
0.265490806265
0.33652353725000006
0.41550620331399996