1.
0.980199864961
0.9231201599568
0.8352862964176
0.7261875378160001
0.6066088076620001
0.48688367333719995
0.3755182316992
0.2783235262764
0.198236618223
0.1357100984962
0.0893211066042
0.056525596565
0.034409914354799995
0.02015320429
0.011362987824999999
0.0061707524089999995
0.0032311191909999994
0.0016325797056000002
0.0007972603812
0.00037674369179999996
0.0001726461452
0.00007691978060000002
0.0000334094558
0.000014197287200000001
5.928127e-6
2.4438057999999997e-6
9.998410000000002e-7
4.081482e-7
1.674508e-7
6.9133e-8
2.91012e-8
1.24098e-8
5.396400000000001e-9
2.3860000000000007e-9
1.0863999999999999e-9
4.930000000000001e-10
2.2099999999999999e-10
1.0080000000000003e-10
5.3000000000000004e-11
1.9999999999999996e-11
7.999999999999998e-12
4.999999999999999e-12
1.e-12
1.e-12
1.e-12
0.
0.
0.
0.
0.
0.
0.
0.
0.
0.
0.
0.
0.
0.
0.
0.
0.
0.
0.
0.
0.
0.
0.
0.
0.
0.
0.
0.
0.
0.
2.e-13
1.e-12
1.e-12
1.e-12
4.999999999999999e-12
4.999999999999999e-12
4.999999999999999e-12
1.e-11
9.000000000000001e-12
1.e-11
1.7999999999999996e-11
3.8199999999999995e-11
1.2160000000000002e-10
3.994e-10
1.3386000000000001e-9
4.6678e-9
1.6327799999999995e-8
5.6152799999999996e-8
1.888202e-7
6.15562e-7
1.925342e-6
5.744399200000001e-6
0.000016297003399999998
0.0000438346688
0.00011153096380000001
0.0002682309868
0.0006096320594
0.0013097376264
0.0026612902861999996
0.00511859126
0.0093308299956
0.0161418416686
0.026536603072200005
0.0415068845342
0.061864475732000004
0.08799790345459998
0.1195785394374
0.1555017258946
0.19365809087379998
0.23136955799460002
0.2654172828028
0.292888154253
0.311158277842
0.3186865276056
0.3150911443518
0.30110350131759994
0.2784842590114
0.2496502518748
0.2171603293844
0.18366906161360003
0.1512129435648
0.1213709167832
0.09518995546400001
0.0730370239612
0.0549366892994
0.0405767795028
0.029491543454800002
0.021130386284599997
0.0149629332848
0.0104871890116
0.007293110003799999
0.0050403734476
0.0034684573838
0.0023797383030000003
0.0016308531978000002
0.0011171382112
0.0007661403694000001
0.0005262690856
0.0003620016052
0.00024953991920000003
0.0001721862618
0.0001188637856
0.0000819735894
0.0000563866656
0.0000386751776
0.000026351915799999995
0.0000177982682
0.0000118963074
7.860684400000002e-6
5.113797999999999e-6
3.2774904000000003e-6
2.0630028e-6
1.2739294e-6
7.737642000000001e-7
4.6241099999999994e-7
2.714696e-7
1.5757119999999999e-7
9.0823e-8
5.234379999999999e-8
3.01826e-8
1.75096e-8
1.03336e-8
6.208000000000001e-9
3.9066e-9
2.5074e-9
1.7230000000000004e-9
1.2422000000000001e-9
9.59e-10
8.425999999999999e-10
7.823999999999999e-10
7.506e-10
6.833999999999999e-10
5.882e-10
4.570000000000001e-10
3.172e-10
1.6880000000000003e-10
6.3e-11
1.5200000000000003e-11
8.2e-12
2.7799999999999997e-11
6.92e-11
1.1579999999999999e-10
1.6440000000000002e-10
2.308e-10
2.9199999999999997e-10
3.608e-10
4.126e-10
4.948000000000001e-10
5.444e-10
5.892e-10
6.215999999999999e-10
6.882e-10
8.504e-10
1.2558000000000002e-9
2.1117999999999997e-9
3.9772e-9
7.0261999999999996e-9
1.16432e-8
1.7235000000000002e-8
2.30248e-8
2.75858e-8
3.03962e-8
3.32436e-8
4.0314799999999996e-8
6.3836e-8
1.192314e-7
2.3780019999999996e-7
4.73762e-7
9.375934000000001e-7
1.8696202e-6
3.7419874e-6
7.5163616e-6
0.000014950421399999999
0.000029271631800000004
0.00005599274180000001
0.00010435731540000001
0.00018863867679999997
0.0003298515926
0.0005583867995999999
0.0009121033441999999
0.0014371676318
0.0021854856734000003
0.0031974763622000003
0.0045187128256
0.006157520043600001
0.008091735193400002
0.010264209912200001
0.012609532144199997
0.0149784810084
0.0172509632186
0.019285750252799997
0.0209680946122
0.0221618313986
0.0228693120232
0.0230747693028
0.022800794184200005
0.0221303783
0.0211094007472
0.019807265056600003
0.0183455606948
0.016812153303000003
0.0152879479618
0.013819216223400002
0.0124053072808
0.011128177668600001
0.009988702070800002
0.008965819516
0.008074012671
0.0073073344452000005
0.006622461238800001
0.0060122029716000005
0.0054808058194
0.005031083068600001
0.004622533661
0.004249174670400001
0.003909386957599999
0.0036003575936
0.0032996587216000003
0.0029885547042
0.0026820644443999995
0.0024028642186000003
0.0021048667268
0.00182073632
0.0015519500386
0.001291306813
0.0010560546119999998
0.0008482511514
0.0006621360844
0.0005061553010000001
0.0003797684358
0.0002786900794
0.0001996690566
0.000142710018
0.00010154612839999998
0.00007200828380000001
0.000052188122200000006
0.000038103888400000007
0.000027719526000000002
0.000020471938400000003
0.0000153619312
0.000011642294999999998
9.264902e-6
7.6599584e-6
6.3026124000000005e-6
5.360138599999999e-6
4.4186224e-6
3.8334634e-6
3.4640536000000007e-6
3.1352958000000003e-6
2.9218388000000007e-6
2.850724e-6
2.7054508e-6
2.3796726000000004e-6
2.1525112e-6
1.9062114e-6
1.8064532e-6
1.7082304000000002e-6
1.6886273999999997e-6
1.9483972000000003e-6
2.1924710000000004e-6
2.4351631999999995e-6
2.6046302e-6
2.9348935999999997e-6
2.964184e-6
2.8876994e-6
2.4093146e-6
2.0008908e-6
1.5794754e-6
1.150863e-6
1.0820804e-6
1.4837558000000003e-6
2.1008618e-6
2.7839616e-6
3.5404938e-6
4.567516e-6
5.67464e-6
6.7406066000000005e-6
7.709815999999999e-6
9.028022199999999e-6
9.752510199999999e-6
0.0000103071834
0.000011378202799999999
0.0000125055082
0.000013660941400000002
0.000013039868799999999
0.000014071137999999999
0.000012863036199999999
0.000011976373800000002
0.0000126541686
0.000014057577999999999
0.000016504238599999997
0.000020883312
0.000026533377800000006
0.00003201502180000001
0.000040191440599999995
0.0000504084276
0.0000668943546
0.000103372547
0.00015671347040000001
0.00025270334660000007
0.0003877055247999999
0.0005257043904
0.0006939404748
0.0008579379508
0.0011002048354
0.0012289463844
0.0013681762464000003
0.0014323599412
0.0013784960908
0.0013960418406000002
0.0013967338163999997
0.001433968016
0.001370561442
0.0014812343728
0.0016241044714000001
0.0017551992141999998
0.0020065441008
0.0020595128424
0.0022897567702
0.0026248390393999997
0.0027072852206
0.0028450124226
0.0030794793818
0.0031181416684000003
0.002895779177
0.0027808869728
0.0023614876674
0.0025696490706
0.0030625332488
0.0037853242102000003
0.004895028663999999
0.0060866877272
0.006990530788
0.0078275972168
0.008761994591599999
0.008880727758199999
0.010320157984399999
0.011248928126800003
0.011913752296
0.0123177990134
0.014400694158199997
0.017401766951
0.019883801373
0.022403699874399996
0.023217128824600003
0.0248863630408
0.025159867496
0.0254543809604
0.024295838120000003
0.022564455915600003
0.020742592917
0.0190597642864
0.017617534398199998
0.0161111596694
0.014719853766
0.014322349408999999
0.0138974278974
0.014907263395599998
0.0150675366094
0.0147318959144
0.0148319531798
0.013952448141
0.0125632189482
0.011794037024799999
0.010353113374600001
0.007800611883599999
0.006606695829000001
0.0045821263518
0.0033372177858
0.0027054593584
0.0036220664550000005
0.006549591430399999
0.0085014966914
0.010775893819599997