0.
0.
6.880425885439525e-8
8.115213930729953e-7
1.4974679943569155e-7
5.699808407528764e-7
2.8220338003582516e-7
2.9489445656314576e-7
2.2737474092081012e-7
3.4941303064271106e-7
2.5074754937003396e-7
1.8874047699570755e-7
1.5617461945406432e-7
1.0162951748546947e-7
1.413615845637634e-7
7.883226732860325e-8
2.8996112983513844e-8
3.6437183524616314e-8
1.185189617736169e-8
9.415775714082744e-9
2.4092767767546394e-8
9.803251210692708e-9
7.18320014340401e-9
3.771838981189259e-9
1.9055596815620595e-9
1.9340609349242852e-9
1.1684593702820456e-9
1.2600079364827824e-10
0.
0.
0.
0.
0.
0.
0.
0.
0.
0.
0.
0.
0.
0.
0.
0.
0.
0.
0.
0.
0.
0.
0.
0.
0.
0.
0.
0.
0.
0.
0.
0.
0.
0.
0.
0.
0.
0.
0.
0.
0.
0.
0.
0.
0.
0.
0.
0.
0.
0.
0.
0.
0.
0.
0.
0.
0.
0.
0.
0.
0.
0.
0.
7.120393247567192e-12
0.
9.694689267841559e-11
2.2525585452991718e-10
4.0777714501922586e-10
2.156803259455853e-9
5.259339854011996e-9
1.4349862079476736e-8
3.664647423422531e-8
8.606828765404489e-8
2.0292210727469936e-7
4.51489775682381e-7
9.098256996710051e-7
1.8697685848231926e-6
3.51887465261827e-6
6.426984770436917e-6
0.000011161761481634962
0.000018628524242831764
0.000029856646929720094
0.00004542702016272622
0.00006687394611627523
0.00009414450636366359
0.0001274078248262425
0.00016752365444284992
0.00021018100855672788
0.00025292925858093346
0.0002914124678494909
0.0003209055035133404
0.0003403809420247382
0.00034797999657251857
0.0003433201844252497
0.0003266903464099099
0.0003023143907157983
0.0002732906440049456
0.0002393955999152017
0.00020259694979387773
0.0001667775641802954
0.0001337270542547443
0.00010450460073202561
0.00007941687616966545
0.000058930518858712085
0.00004262344659850096
0.000030092685828403413
0.000020909112635077856
0.00001418565865969651
9.463131822396605e-6
6.324053582057847e-6
4.203261887987717e-6
2.8804666480360327e-6
1.9902289838633157e-6
1.465887106876204e-6
1.1179209770696552e-6
8.62233619328735e-7
6.948965059015772e-7
5.47581482237274e-7
4.2697426587967456e-7
3.158975405636874e-7
2.4312638787306354e-7
1.7558266299239646e-7
1.2543670019296997e-7
9.174447391423636e-8
6.407365068965655e-8
4.5400050812747084e-8
2.959634576261017e-8
1.8661137808289993e-8
1.2593795944829455e-8
7.783163155170462e-9
4.4204958658503275e-9
2.735502787423213e-9
1.6604275051926162e-9
9.375487720646937e-10
5.098386999826434e-10
3.2808565954640543e-10
1.65809529279833e-10
4.606300033649537e-11
6.218279504814848e-11
3.4506521122825174e-11
1.8335757415498235e-11
1.0285912696499044e-11
5.813776741499445e-12
0.
0.
0.
0.
0.
0.
0.
0.
0.
0.
0.
0.
0.
0.
0.
0.
0.
4.4721359549995746e-13
0.
2.23606797749979e-12
0.
0.
5.477225575051651e-13
3.834057902536163e-12
0.
0.
0.
4.4721359549995786e-13
3.834057902536163e-12
0.
5.449770637375488e-12
5.477225575051643e-13
2.2360679774997905e-12
7.549834435270752e-12
4.919349550499544e-12
1.6099689437998464e-11
1.667333200053307e-11
1.9539703170723963e-11
1.6979399282660147e-11
3.467996539790665e-11
9.209885992779738e-11
1.6359095329510126e-10
4.410802648044903e-10
9.400076063522028e-10
2.280896139678442e-9
5.709237663646571e-9
1.3387416509543669e-8
3.009666413076355e-8
6.640476309573064e-8
1.395794057309323e-7
2.7534264770337086e-7
5.103252737795973e-7
9.095389486639376e-7
1.576569632794635e-6
2.6564096486000313e-6
4.379189714313818e-6
7.090704532656413e-6
0.000011202536503365551
0.000016991943307910974
0.000024630442050717977
0.000033924653228625226
0.0000447581718244457
0.000056708551426522865
0.00006877778831741433
0.00008048112582880171
0.0000911421051092206
0.0001002089437388658
0.00010764420298609878
0.00011291552368314435
0.00011554116168767437
0.00011560940886150013
0.00011394540784377077
0.00011048728096613057
0.00010583550120454791
0.00010040548628732653
0.00009518914642550315
0.0000902690535257157
0.00008580429966091027
0.00008167846684330563
0.0000778839319148208
0.00007475575837008777
0.00007223109531749781
0.00006997111197739231
0.00006813389378173728
0.0000663422271833809
0.00006431138135139228
0.00006229686368276336
0.000060343753464616465
0.00005855445537246909
0.00005683958201249667
0.000055032318725064744
0.00005286010584253799
0.00005066937099569861
0.00004830993584644047
0.00004562565831517743
0.00004231762725263341
0.000038572984216441287
0.000034598434272895175
0.000030463596698545768
0.000026239799985029786
0.000022098109128958773
0.000018180785659758614
0.000014553761819491615
0.00001132360761289573
8.529134658403078e-6
6.20872064603361e-6
4.392997317300641e-6
3.030051610677569e-6
2.008374003276973e-6
1.2694229621173066e-6
7.690940145078474e-7
4.4005285870075085e-7
2.419684037937608e-7
1.280551649942317e-7
6.595137752769087e-8
3.2028024725230915e-8
1.4977366140279856e-8
7.806573147034477e-9
5.678226457266387e-9
5.671414356225447e-9
5.3774062799829525e-9
4.387171605943854e-9
3.813523279068846e-9
3.246402732256121e-9
2.8028705820997123e-9
2.3507287806125146e-9
1.7471280720084595e-9
1.427552555950219e-9
1.0843245824014134e-9
8.960626652193463e-10
6.853847824397623e-10
5.525977741540405e-10
3.647503255653106e-10
2.3219345382676056e-10
1.0545852265227303e-10
1.3165181350820815e-10
1.7675180338542511e-10
1.581891273128466e-10
1.590150936232155e-10
1.1631981774401131e-10
1.1269871339105873e-10
9.279655166006982e-11
8.654189736769121e-11
7.452985978787293e-11
6.857623495060079e-11
4.546757086099939e-11
3.387034100802648e-11
1.987963782366268e-11
3.219937887599697e-11
4.618657813694364e-11
6.295792245619294e-11
8.369169612333114e-11
1.0715036164194683e-10
1.4350853633146697e-10
1.858189979523084e-10
1.9054527021156933e-10
2.075974469977895e-10
2.354814217725041e-10
3.45225723259435e-10
5.378273886666614e-10
7.731614967133322e-10
8.863152373732499e-10
8.620813766692799e-10
1.3812674252294505e-9
3.770228176118785e-9
7.887103188116675e-9
1.5000121139510834e-8
2.664959456164392e-8
4.798602419246663e-8
8.637007659079629e-8
1.5313514521069325e-7
2.5976707281389545e-7
4.1821107682126326e-7
6.312120203386495e-7
9.030062720691933e-7
1.2300248411070833e-6
1.6085502579407265e-6
2.0518477274741153e-6
2.5486388136302693e-6
3.151143957847312e-6
3.90450860730109e-6
4.928850857623637e-6
6.266962957199058e-6
7.986853724433842e-6
0.000010083408190628283
0.000012570600562772745
0.000015287186196938494
0.00001813768075724453
0.000021048793911185432
0.00002407801611661028
0.00002743508157274683
0.00003173554284954225
0.000037889429076963205
0.00004690174276654233
0.000058920985787301295
0.0000738293935627774
0.00009199216805563355
0.00011331748226997608
0.00013733671631686338
0.00016535720802512461
0.0001988037108824909
0.00023866966664045343
0.00028696459984922174
0.00034349968128193347
0.00040879837370617504
0.0004834232804698333
0.0005628559915136391
0.0006422522653176018
0.0007184817177602458
0.0007810017988579042
0.0008217966033343467
0.0008353437271984205
0.0008232651136697037
0.0007885644634615687
0.0007320985549561528
0.000666155140335913
0.0005973313071404244
0.0005275541744635134
0.0004603575919366637
0.0004005817825581162
0.00035337360043039234
0.0003139072156568025
0.0002741501923331124
0.00023299526814457921
0.0001947667989971332
0.00016106604079981434
0.0001298916499917582
0.00010057754214166081
0.00007477611615073269
0.000053065548092353154
0.00003606458797437909
0.00002347840854309651
0.00001475459670749901
9.152511609889717e-6
5.731591059475839e-6
3.5630290216480515e-6
2.158110928742148e-6
1.2236608381808674e-6
6.352240910007266e-7
4.310262814618156e-7
4.921527742799994e-7
5.56915749750624e-7
5.628428142375099e-7
5.132203492110378e-7
4.192775276019449e-7
3.272216827600213e-7
2.8748782463314864e-7
2.9801898491455183e-7
3.1607245142894066e-7
3.083095051797786e-7
2.7193379674527404e-7
2.2030691785484178e-7
1.6470715569063784e-7
1.1522198336385296e-7
7.627906116556498e-8
4.848115192319589e-8
2.991325193789536e-8
1.847091969015079e-8
1.1095953902211385e-8
6.2915333345695614e-9
3.168590885551493e-9
1.387340333155495e-9
1.1868482211302338e-9
1.078334224626113e-9
8.828857797019952e-10
1.3001984463919344e-9
2.0831510986963953e-9
3.192339220696948e-9
4.85392833692464e-9
6.691581748734749e-9
8.625589991415082e-9
1.0483960620872247e-8
1.210528829892126e-8
1.2646255085992844e-8
1.1832965406017208e-8
9.775798294768565e-9
8.617638104492436e-9
1.0561195159639842e-8
1.3702054163518693e-8
1.5960719322762367e-8
1.5863606005571368e-8
1.4258629832490915e-8
1.3862102751747299e-8
1.7774737756152692e-8
2.392325393210548e-8
3.259796454075008e-8
4.903374581347012e-8
7.564274003960985e-8
1.1289643049937404e-7
1.7233478979097638e-7
2.7911728391896475e-7
4.4868770634629594e-7
6.767331626074638e-7
9.548794508298936e-7
1.291008379682603e-6
1.7256471384503263e-6
2.310295953458301e-6
3.090292668946503e-6
4.109839967104073e-6
5.391228545600092e-6
6.987183251085713e-6
8.974340526941925e-6
0.000011509135216367548
0.000014737416985654154
0.000018489665547923263
0.00002231424413160202
0.00002558984896799558
0.00002781212063630781
0.000029436170339479075
0.00003194095427741949
0.00003662704788265723
0.000042977853205897066
0.00004800604155540282
0.00004993684770019805
0.00005270272670047992
0.00006837020085063265
0.00010770618797643004
0.00017320706214025966
0.0002691814429628905
0.0004081642999518015
0.0006105028480115987
0.0008935762165908168
0.001273985480323838
0.001753836650983901
0.002324083428787855
0.002950488019331599
0.003574723022745531
0.004138831589151834
0.004573298395868682
0.0048540670349815134
0.005024628118024798
0.005129159438678893
0.005157824090563375
0.005103484304678708
0.0049499002970035556
0.004641639320588471
0.004131956973169685
0.003425306493315127
0.0026622377345834887
0.001990150224015002
0.001597979630540725
0.0015786294913309408
0.0017293081674668806
0.001819021578117924
0.001753415327600457
0.0015522917751841822
0.0012596635011871535
0.000946044664209852
0.000663850544163785
0.00044174663883575163
0.00029948300914070465
0.00023278117810460265
0.00020799191497593712
0.00019319256373628141
0.00017369917643882566
0.0001478213135793993
0.00011936950123262148
0.00009118900479524973
0.00006618286249792483
0.00004636265802208712
0.000031683782040666174
0.000020841508201276596
0.000013825808724593097
0.000013609547768596295
0.000018553012180071628
0.00002343410447582443
0.000026127025457663517
0.00002640702776378774
0.000024796817292813523
0.000021796541042862658
0.000017906900008433544
0.000013735183818170246
9.841978210215247e-6
6.542861678516236e-6
4.095709607432965e-6
2.5003189012381398e-6
1.6276696224522961e-6
1.325000481801535e-6
1.2786998641061945e-6
1.2321060143583422e-6
1.0748873429516696e-6
7.969935845000259e-7
4.1786022061294614e-7
2.402373655069087e-7
6.316951389251781e-7
1.074435639859224e-6
1.4788705628114653e-6
1.8005470601251442e-6
2.0593583973298574e-6
2.2832663209441428e-6
2.483861151946844e-6
2.6947780045145643e-6
2.927450092532237e-6
3.135829319818715e-6
3.1925183849739533e-6
3.0772326688145957e-6
2.797934958075187e-6
2.30843315449105e-6
1.7621043965327366e-6
1.5108098418160707e-6
1.7030346274067064e-6
1.9893163788813734e-6
2.075682722216909e-6
2.1287839033904305e-6
2.859959071133449e-6
4.636155729836306e-6
6.8623944444226376e-6
8.940516396696238e-6
0.000010561603981634433
0.000011715724303813123
0.000013112368989502765
0.000015690277010890745
0.000019387410379459394
0.000023243586020219012
0.00002664631683221091
0.000028904407497578968
0.000029618396419629765
0.000028908018609315577
0.00002718126390833842
0.000024263303819198184
0.000020100242609216253
0.000017644837780602215
0.00002075874427182917
0.000028484562409975193
0.000036429785130938324
0.000041105969210822514
0.000040769326670661796
0.000037263226815418104
0.00004340696671445871
0.00007710813457768974
0.0001304204655644119
0.0001833940615618208
0.00022163878295182216
0.0002475912649437247
0.0002715446424273795
0.0003180905025267098
0.00038828498770553875
0.00045685933001972834
0.0005411025353850013
0.0007230447424443412
0.0011366435955550834
0.0018724935869238945
0.0029307276667365494
0.004309846161956668
0.005983555348135533
0.007898759125184968
0.009981023953285468
0.011994999672848988
0.013702824171463445
0.01480763509280062
0.015227776042648185
0.014958916402120433
0.01420678713252493
0.013524242696398105
0.013273163129825011
0.013639864443748644
0.01445479607373691
0.015261135580795364
0.015750963071715772
0.01568803455314365
0.015083307614301697
0.014123206742924324
0.013058522269009679
0.012044651629709637
0.010969558181883204
0.009809014828165064
0.008535015470668504
0.007127105477795545
0.005804320183698719
0.004823103556438313
0.004468491453991511
0.004681673606323203
0.005030508640845058
0.005194165470050197
0.005079630805929411
0.004648647729809443
0.0039407890423777195
0.003110608882764103
0.002300517380323534
0.001640597067855494
0.0012911689491633663
0.0012725545569172085
0.0014259914394000263
0.0015814266303570987
0.0016711352294386755
0.0016972945347365328
0.0016696074268813313
0.0015697651795436452
0.0013719866511505334
0.0010788363218198023
0.0007545897401259472
0.0004718510798722046
0.00032963535120521747
0.0003197540922456628
0.00032130262631140664
0.00030654242560885706
0.000281183756013844
0.00025427824582690195
0.00024325661163770903
0.0002500540518163714
0.0002693698979881192
0.00027231817201898376
0.00024343249362169327
0.0001889665697063628
0.00014475522811440236
0.0001730408080099192
0.0002554602976058581
0.000321378365777525
0.00034629721639192626
0.00033980613653899133
0.00031812098090430393
0.00034040745563080634
0.0004921480660950633
0.000790120849261628
0.0012078322638879827
0.0017146654193566921
0.0022445497425585244
0.0027283179057213127
0.0030858602074794604
0.0031701487633724514
0.0028822659602415015
0.0023422128617259946
0.0018786935587887734
0.0017133877091378678
0.0017405517802411743
0.0018970439639959056
0.0021176491477794754
0.0023100103566642757
0.002387358424501367
0.0023305248118322746
0.0022058279658891456
0.0021019918899637035
0.0019109039203536488
0.0014794738987072965
0.001183881790922542
0.0021231828665173374
0.0037233097140324323
0.005319221058916314
0.006483842285154358
0.00699301224935217
0.0067985520595978885
0.006210674346391444
0.005579018853734615
0.004952023744021799
0.004512448429596522
0.004408524583147768
0.004429482134951276
0.0040378825326042745
0.0030268952448165953
0.002800143445517879
0.004466415753446559
0.006140991144436688
0.006744580271855612
0.006008701748284062
0.004671969221351895
0.0049323815278522415
0.0069735734858020525
0.008314212879097
0.008038642334058845
0.007837962888285714
0.010979806663019853
0.017164667003729393
0.024505267081898673
0.03165633934730919
0.037381529098045624
0.040026997678612335
0.038735242288409175
0.03449567658595311
0.029916893359251552
0.02868607986038102
0.0320621092342189
0.03655375808233603
0.038507726511945554
0.036656336994165546
0.03160916000350343
0.024902387137689865
0.02147068244971028
0.02801795807275945
0.04209020389553438
0.05891727977517289
0.07564292550496493
0.0885959525679843
0.09469693511068245
0.09408656175738037
0.08741662603209087
0.08277642808484552
0.09634299202575565
0.13110486369822927
0.17895138938447597
0.23056083005050063
0.2788008483901141
0.31794571631101887
0.3391032340099101
0.3363650995473165
0.3126731345904609
0.273504949902928
0.22476937614903394
0.17255844209862697
0.12189824736470889
0.07770878618559308
0.04507723728245418
0.028307369387523294
0.028745749976855833
0.03362146528809849
0.03712207619527077
0.04279280181215668
0.05277393115128806
0.06628231312076459
0.08233969445946313