0.
0.
1.0390006623110193e-6
4.249002771482503e-6
8.089559498123751e-6
0.000010835621964078351
0.000014094618083530474
6.118813376232144e-6
9.326807020160966e-6
0.000014915066752441494
0.000010134743789284383
9.617329166935414e-6
7.258467989750851e-6
2.8956134057441588e-6
3.769286663412158e-6
1.6319817043095483e-6
1.3749607890620739e-6
9.674031566673057e-7
4.7246969801681324e-7
2.4213253491568263e-7
1.165628603938672e-7
6.091429721090623e-8
3.5596257756957607e-8
1.8485027635898737e-8
1.1121802650649966e-8
4.570763174788202e-9
2.693183562254706e-9
9.418654362487534e-10
5.175400467596951e-10
4.1223379288944265e-10
0.
1.365968520867138e-10
9.516144177133856e-11
7.602631123498657e-12
0.
2.7933850432763545e-11
0.
0.
4.4721359549996215e-13
0.
0.
0.
0.
0.
0.
0.
0.
0.
0.
0.
0.
0.
0.
0.
0.
0.
0.
0.
0.
0.
0.
0.
0.
0.
0.
0.
0.
0.
0.
0.
0.
0.
0.
0.
0.
0.
4.4721359549995796e-13
0.
0.
0.
0.
0.
0.
0.
0.
0.
0.
1.6431676725154962e-12
1.150217370760847e-11
1.2074767078498869e-11
3.573933407325904e-11
5.516520642578961e-11
1.243651880551783e-10
4.3724158082231456e-10
6.844966763980503e-10
1.4068516268604502e-9
4.957150895423532e-9
1.1338492876039936e-8
3.191853187099872e-8
8.726781793249748e-8
2.1515467922103811e-7
5.727986278725402e-7
1.3116531685210805e-6
2.3007879901026366e-6
4.63815743706301e-6
9.17920303299997e-6
0.000017838381211592123
0.000031155066074486684
0.00005662701118554829
0.00008238348302366099
0.00012456367836527168
0.00018382512129739038
0.0002591711930300971
0.00035073007930389803
0.00040861026225989393
0.0004797661573685673
0.0006084043309642544
0.0006948971737133117
0.0007108953874713773
0.000630491356999609
0.000670608633115589
0.0007197240938526183
0.000745896974897204
0.0006791664801119617
0.0006244353889784594
0.0005628660242595469
0.00045644996085454474
0.0003519703488367547
0.00031024622170433997
0.00024781073940969276
0.0001840356388810608
0.00015702289310689203
0.00011523310696948133
0.00009065577763000533
0.00007025781990954929
0.00005382886372421484
0.00003785356924495808
0.000026513251838187777
0.00001740478014287267
0.000012227115004623805
9.388691848587789e-6
6.1054855029155685e-6
4.364812452897412e-6
2.9109467976157525e-6
1.6581428158167679e-6
1.0658861871964642e-6
6.232109012731443e-7
4.703410239223186e-7
3.5685996608795253e-7
3.118297190395734e-7
2.769063568759326e-7
2.1630017702073534e-7
1.7667517617282952e-7
1.2716122705368898e-7
8.638800830439464e-8
5.4276367868529946e-8
3.474512841104497e-8
2.2621609286255575e-8
1.5979580479474458e-8
1.2380885093562463e-8
9.313209087097729e-9
6.459666307171004e-9
4.77486384099066e-9
3.667361176650041e-9
2.704656484657526e-9
1.7978514399137668e-9
1.2933378522257823e-9
7.896890527289835e-10
4.6257485880665773e-10
3.0621773299402497e-10
2.348729443763158e-10
1.8180759060061277e-10
1.2941097325961194e-10
1.171131931082062e-10
1.2715069799257887e-10
1.279699183402099e-10
1.1972176076219398e-10
1.076559334175316e-10
9.671452838121058e-11
6.945862077525004e-11
5.278920344161292e-11
3.5681928199019734e-11
1.671825349730048e-11
6.685805860178715e-12
8.105553651663777e-12
1.1432410069622243e-11
1.904468429772465e-11
2.3177575369309005e-11
4.254762037999305e-11
6.912814188158104e-11
8.137567204023568e-11
1.111427010648923e-10
1.3600294114466785e-10
1.5502483671979794e-10
1.8605321819307507e-10
1.5940577153917614e-10
1.3497518290411762e-10
8.893930514682463e-11
1.4833677898619734e-10
3.3462023250245955e-10
6.012975137151326e-10
1.0641685486801421e-9
1.5758829905802015e-9
2.383164325009922e-9
3.410512864658336e-9
4.6447950116232256e-9
5.811605776375408e-9
6.8181366736081185e-9
7.011088346326837e-9
6.585412720551385e-9
6.799289190790464e-9
1.38681493826682e-8
2.8849858374002453e-8
5.6025986430405595e-8
9.502370775127646e-8
1.4467532746014452e-7
1.9598520578298756e-7
2.789236553042781e-7
4.06079425512177e-7
7.033602710056948e-7
1.4512334810536843e-6
2.4546306109721944e-6
4.343400105809523e-6
6.457973607614077e-6
0.000011024141387912566
0.000017877894001281287
0.000030034194303615207
0.00004618138110277341
0.00006589159330779883
0.00009198909100213924
0.0001228245613768955
0.0001428345600901791
0.00017209772438628207
0.00019551591547239331
0.0002113954812870864
0.00024435767568204125
0.0002618148033335408
0.0002660977807508269
0.0002864645906273557
0.0002752615929167545
0.0002882020784654923
0.0002915658934898675
0.0002881187707009913
0.0002582414090059934
0.00023007574234084217
0.0002247145783972841
0.0002152659024331989
0.00018330308128764754
0.0001771554741345439
0.0001541416525811217
0.00012521507680342755
0.00011077207812690892
0.00012051960606704734
0.00010167354787661864
0.00010413831159926852
0.0001258995561972138
0.00015420449983603534
0.00017823466489244822
0.00020398907269656309
0.0002222037944640927
0.00023506711507465357
0.00024354374235698958
0.0002515205825403465
0.00022980345614640282
0.00021924781322693596
0.00019404779556878496
0.0001714858528322832
0.0001604171732982271
0.00013053357235578696
0.00010354069931655361
0.00008421090189898455
0.00006425203050801986
0.000053509154865827545
0.000050988527512624145
0.00004641207284502416
0.00004168385316150781
0.000035567924920528716
0.000029633444778549944
0.00002217537765672037
0.000015756647225323618
0.00001019285173891101
6.819958141515766e-6
4.68319362605095e-6
4.689738960061746e-6
5.180058589005562e-6
5.228050395523242e-6
4.616288468064955e-6
4.223056735772503e-6
3.055148210164246e-6
2.063975604862688e-6
1.4807033504153692e-6
1.7297145425405599e-6
2.2685113262485154e-6
2.9339957950664826e-6
3.1810019477946254e-6
3.2812469828993673e-6
3.283791729323131e-6
3.0315051164397194e-6
2.51063416183139e-6
2.395045175796106e-6
2.447443638724455e-6
2.612134915040607e-6
2.571516079417024e-6
2.519409219333631e-6
2.7086165386183225e-6
3.074849838250236e-6
3.1604758248476915e-6
2.839194694784191e-6
2.8236475296492473e-6
2.5123028379041015e-6
1.8615218094864749e-6
1.1711925851990784e-6
1.032770452962419e-6
1.0754678755094454e-6
7.921900816063655e-7
8.265456900294744e-7
9.282815352869518e-7
1.6273449490306905e-6
2.514613666282019e-6
4.097494852687152e-6
5.905380964206755e-6
8.187632383059158e-6
0.000010540914559712991
0.000011522842700362244
0.000012839210283097057
0.000012316744032294358
0.000012296884048533098
0.000011769474773306526
0.000012084585087447737
0.000013178531684538317
0.000013461524911284703
0.000013733777345336824
0.000012423133565706648
0.00001240442799175479
0.000010886425616013494
9.42841284101961e-6
0.000011445463165833167
0.00002008850286945503
0.0000275435480532247
0.00003086876826806826
0.00003031446878154589
0.000022707202165008317
0.000016522525901867887
0.00005156471190857495
0.00010357616300076315
0.00016753611225203243
0.0002676824978261859
0.00035857976554958025
0.0004545637775799546
0.0005230207620624275
0.0006835793399377754
0.0006896584024119007
0.0006488916626035478
0.0007041730897360406
0.0007032919802231412
0.0007765422846035343
0.0009709410653634876
0.0011673484707126912
0.0012485541086979161
0.0014707925031083669
0.001590146727551299
0.0017121733082773357
0.0017655679084832702
0.0017119263566014913
0.0020100503595910793
0.002097381033495437
0.002124904227396214
0.0020881434606936588
0.002238099325587116
0.0021734628224095004
0.0020444429843545883
0.001965271982658759
0.0017171318075699788
0.0019653569402905183
0.0026267906065394024
0.0035534320613623727
0.005261843419360309
0.006253352557657477
0.006786136203060672
0.006490310897757575
0.007173917390506787
0.006480814732859437
0.008933673138968312
0.010728529917641876
0.012655221997971701
0.012831617701145596
0.013841263557931482
0.015173188738455618
0.014815374574637708
0.013643211031739435
0.014041396915328281
0.016394963735390206
0.018055288608590188
0.021055252382493228
0.022232874006950884
0.022460729521983736
0.021575413833624046
0.01988412842797545
0.019570962038007324
0.01702323561847923
0.01634704519410543
0.015251226243201535
0.014861436994416583
0.014948002658999433
0.01504603982044629
0.013587606383939766
0.012210267987801034
0.010594415971786023
0.007968902673174138
0.00935204285936774
0.008148960054350026
0.005580616353403948
0.005067058969134852
0.0037511386166927648
0.002180960069895226
0.0011016163848487268
0.0019129615255956062
0.006122437363563946
0.009208229278736492
0.014460127102077404