1.
0.980199864961
0.923119401178
0.8352854930831999
0.7261872155002
0.6066092965284
0.4868878536896
0.37551596453659997
0.278313621415
0.1982379259894
0.1357182296148
0.0893231358812
0.0565275246318
0.0344075036824
0.0201518614322
0.0113620897542
0.0061710362964
0.0032312042706
0.0016327764804
0.0007972509568
0.0003767638278
0.0001726712588
0.00007692707419999999
0.000033412308
0.0000142023306
5.929352200000001e-6
2.443661e-6
9.998832e-7
4.081482e-7
1.669964e-7
6.92124e-8
2.9010399999999998e-8
1.2417200000000004e-8
5.396400000000001e-9
2.3860000000000007e-9
1.0761999999999999e-9
4.930000000000001e-10
2.2099999999999999e-10
1.0060000000000002e-10
5.3000000000000004e-11
1.9999999999999996e-11
7.999999999999998e-12
4.999999999999999e-12
1.e-12
1.e-12
1.e-12
0.
0.
0.
0.
0.
0.
0.
0.
0.
0.
0.
0.
0.
0.
0.
0.
0.
0.
0.
0.
0.
0.
0.
0.
0.
0.
0.
0.
0.
0.
4.e-13
1.e-12
1.e-12
1.e-12
4.999999999999999e-12
4.999999999999999e-12
4.999999999999999e-12
1.e-11
9.000000000000001e-12
1.1399999999999997e-11
1.7999999999999996e-11
3.94e-11
1.258e-10
3.9400000000000004e-10
1.3388e-9
4.6985999999999995e-9
1.63346e-8
5.6049800000000005e-8
1.8888399999999999e-7
6.146861999999999e-7
1.9221822e-6
5.738553599999999e-6
0.000016280192
0.0000437858118
0.0001114130328
0.0002679739848
0.0006090446052
0.0013083325156000001
0.0026583062296
0.0051136152766
0.009323257273
0.016131241066399998
0.0265220847278
0.04149319369360001
0.061855474136
0.08798358252740002
0.11957099132959999
0.1554619220282
0.1936269488188
0.23131650580980004
0.26540042066580005
0.29282229708339996
0.31107577747299997
0.3185937932424
0.31497282940579996
0.30098883279559996
0.27839289295700004
0.24956904332980004
0.21715107623160002
0.183658690889
0.1512219447524
0.12141239073759999
0.09521077768800001
0.07305447597459999
0.05494569999059999
0.040585869451200005
0.029500378635200004
0.0211425888146
0.014970186915399999
0.010493445223599998
0.0072963984236
0.0050423525806
0.0034696153123999996
0.0023811571136
0.0016322001392000002
0.0011188096862000002
0.0007675869694
0.0005273748135999999
0.0003629873592
0.000250256275
0.00017274227820000002
0.00011927826460000001
0.00008228266
0.00005662872440000001
0.000038814364200000004
0.000026434881399999998
0.000017855789800000002
0.0000119384338
7.885071199999999e-6
5.1321702e-6
3.2903009999999995e-6
2.0722247999999996e-6
1.283712e-6
7.815764e-7
4.683584e-7
2.7692640000000005e-7
1.6202320000000003e-7
9.428159999999999e-8
5.497739999999999e-8
3.21044e-8
1.8966399999999998e-8
1.1365199999999999e-8
6.9479999999999996e-9
4.3588e-9
2.7664e-9
1.8492000000000002e-9
1.2904e-9
9.926e-10
8.564e-10
8.250000000000001e-10
8.180000000000001e-10
8.01e-10
7.126e-10
5.754000000000001e-10
4.1760000000000004e-10
2.682e-10
1.632e-10
9.56e-11
8.26e-11
9.439999999999998e-11
1.186e-10
1.4980000000000002e-10
1.8719999999999998e-10
2.2619999999999998e-10
2.7420000000000005e-10
3.3440000000000005e-10
4.004000000000001e-10
4.888e-10
5.894000000000001e-10
7.182000000000001e-10
8.953999999999998e-10
1.1586e-9
1.5781999999999998e-9
2.3276e-9
3.6082e-9
5.741400000000001e-9
9.2776e-9
1.43032e-8
2.0574800000000006e-8
2.7331000000000005e-8
3.2861e-8
3.68014e-8
4.01336e-8
4.7983800000000004e-8
7.045340000000001e-8
1.2427659999999997e-7
2.37961e-7
4.658809999999999e-7
9.189211999999999e-7
1.8345872e-6
3.7001934000000004e-6
7.4846442000000005e-6
0.0000149972388
0.000029492001600000004
0.0000565249608
0.00010516330080000002
0.00018964999459999995
0.0003310972524000001
0.0005588106286
0.0009110198412
0.0014336542026
0.0021762321682
0.0031850148664000003
0.004493957675000001
0.0061146594328
0.0080292613658
0.010185288452799998
0.0124901277966
0.0148218166176
0.017047856926
0.0190387447274
0.0206759806298
0.0218647016838
0.022556561616400003
0.022742700851800003
0.022455681961800002
0.0217601881946
0.020734964813399998
0.0194696114806
0.018052904557
0.016565129737
0.015074419837400002
0.013635086213
0.0122847582014
0.011048219946999999
0.0099355144734
0.008950224514599998
0.0080890286716
0.007341705930799999
0.0066972052578
0.0061395285924
0.005652486786200001
0.005224752261400001
0.0048415153574000004
0.0044876686688
0.0041521513466
0.0038272131010000003
0.0035046311130000002
0.003182226791
0.002860949413
0.0025425662084
0.002232659642
0.001936017549
0.001655512994
0.0013937555956
0.0011552698284
0.0009431815342000001
0.000756325335
0.0005943066598
0.0004569022464
0.0003430378948
0.0002523944498
0.000183228597
0.0001324789414
0.0000966098328
0.0000721394424
0.0000558483228
0.000044755217399999994
0.000036842980000000005
0.0000306296856
0.000025392975800000004
0.000020669201599999994
0.0000165364068
0.000012925552199999999
9.830713799999999e-6
7.4669492e-6
5.7897087999999995e-6
4.789938e-6
4.3428652e-6
4.1912274e-6
4.1183551999999995e-6
4.2195654e-6
4.6265528e-6
5.413068999999999e-6
6.509287e-6
7.7193172e-6
8.681307e-6
8.843623599999999e-6
8.129192600000001e-6
6.8893737999999995e-6
5.481758599999999e-6
4.2764786e-6
3.5339110000000003e-6
3.4726976000000004e-6
4.2419217999999995e-6
5.7716726e-6
8.1042434e-6
0.000011128446199999999
0.000014394045999999999
0.000017618181399999998
0.0000210014196
0.000024431401
0.000027823305600000002
0.000031139075
0.000033937706600000005
0.000036010641
0.0000374763758
0.00003809394120000001
0.000038228144
0.000038705279999999995
0.00003989090460000001
0.0000423336368
0.0000470934172
0.00005584124180000001
0.00007105198
0.00009572567979999999
0.0001347089342
0.000194935636
0.00028674065539999996
0.0004160488196
0.0005873560832
0.0007980728796
0.0010194087591999998
0.0012412553946
0.0014558503118000002
0.0016433227330000001
0.0017585748970000003
0.0017822978956000002
0.0017712413288000003
0.0017475473660000004
0.0016892680302000001
0.0015974124723999999
0.0015559285107999998
0.0016476508844000004
0.0019544364974
0.0025636124102
0.0034846952251999996
0.004628343964199999
0.005956478576600001
0.007381588601200001
0.0086470423348
0.009578327525200001
0.0100194920022
0.009934188189799999
0.009563121073799998
0.009149810796599999
0.0089062158242
0.008929317236599999
0.009372758595599998
0.0101909350756
0.011066886881
0.011944385650600001
0.0131294869226
0.0150939199714
0.018645316904999997
0.024047692608999995
0.03132398432780001
0.040100934735199996
0.0494830062244
0.058146614981
0.06507289341339999
0.069529508145
0.07122796160440001
0.07060451630960002
0.0678738873238
0.06401559934360002
0.059791308796999995
0.055634801174800005
0.0524959837884
0.050467515818800004
0.04834428855
0.04708887994279999
0.0467439342498
0.0479564861058
0.0510940996788
0.055371357023
0.059617229587800004
0.0624194696512
0.0651994502176
0.06995173179
0.07754356113739999
0.089176015169
0.10568694066139998
0.126635242469
0.1496341395284
0.17370157064800001
0.2011097579522
0.22915509505360002
0.2530380276776
0.267150961959
0.2643714727124
0.24549542380580003
0.21545407282999998
0.1904725618658
0.1911486517096
0.23089938434799998
0.30842375562079993
0.4074222585802
0.5061512782982
0.5800338577299999
0.6068605949484
0.5895263611433998
0.5376169883422
0.46006456469580004