1.
0.9801988395050001
0.9231174718966001
0.8352739734236
0.7261589864782
0.6065536830214
0.4867955033629999
0.37538755344700003
0.2781467764316
0.1980394995008
0.1355038367294
0.0891081516014
0.0563238073408
0.034228002944
0.020000721576800003
0.011243065998999999
0.0060814443056
0.0031666299274
0.0015885014516
0.0007682973296
0.0003585421778
0.0001616247152
0.00007047975739999999
0.000029775832200000005
0.000012211765800000001
4.873887e-6
1.8975754e-6
7.230234e-7
2.7091640000000006e-7
9.978719999999996e-8
3.6482e-8
1.3225000000000001e-8
4.8039999999999995e-9
1.754e-9
6.290000000000001e-10
2.3399999999999997e-10
8.1e-11
3.7e-11
1.e-11
4.999999999999999e-12
1.9999999999999996e-12
1.9999999999999996e-12
0.
0.
0.
0.
0.
0.
0.
0.
0.
0.
0.
0.
0.
0.
0.
0.
0.
0.
0.
0.
0.
0.
0.
0.
0.
0.
0.
0.
0.
0.
0.
0.
0.
0.
0.
0.
0.
0.
0.
0.
0.
0.
0.
0.
0.
1.e-12
4.999999999999999e-12
3.4000000000000005e-11
1.4500000000000002e-10
7.649999999999999e-10
3.7304e-9
1.7223800000000002e-8
7.4749e-8
3.0012779999999994e-7
1.1168908000000001e-6
3.8410334e-6
0.000012221401400000002
0.0000360395524
0.00009869431219999998
0.0002516890326
0.000599318323
0.0013363919800000001
0.0027981756924
0.005515752358600001
0.0102586628226
0.018043537098599998
0.030075990866
0.0475884608324
0.0716346185568
0.1027382058758
0.1406330581798
0.184014771031
0.2304798558014
0.27678373966440006
0.31910757095500003
0.3536669096014
0.3772960527504
0.3879381224849999
0.3849304171390001
0.3690938964224
0.34244870260779997
0.3079160831986
0.2685991561464
0.22767391036420004
0.18780673889099997
0.1509921481668
0.118485613817
0.09091916212199999
0.06833931830819998
0.050399885601000005
0.036536086529
0.026083744271000003
0.0183687794924
0.0127858395446
0.0088111539744
0.006024677883200001
0.004093469666600001
0.0027678617866000003
0.0018653676954
0.001254650988
0.0008429837692000002
0.0005662535146
0.000380582244
0.0002558880688
0.0001720915212
0.00011572658240000002
0.0000777441944
0.000052094394800000004
0.0000347582468
0.0000230463214
0.000015147050599999999
9.844265e-6
6.3061854e-6
3.9667368e-6
2.4423136e-6
1.4665016e-6
8.551002000000001e-7
4.821356e-7
2.620792e-7
1.365488e-7
6.818479999999999e-8
3.25236e-8
1.47818e-8
6.4669999999999985e-9
2.673e-9
1.1e-9
4.419999999999999e-10
1.8e-10
6.62e-11
2.6000000000000007e-11
1.e-11
4.999999999999999e-12
4.e-12
1.9999999999999996e-12
1.e-12
1.e-12
1.e-12
1.3999999999999997e-12
1.e-12
1.e-12
0.
0.
1.e-12
1.e-12
1.9999999999999996e-12
1.9999999999999996e-12
4.e-12
4.e-12
7.e-12
9.000000000000001e-12
9.000000000000001e-12
1.2e-11
1.5599999999999997e-11
1.2999999999999999e-11
1.7e-11
1.2999999999999999e-11
1.6e-11
1.7e-11
1.7999999999999996e-11
2.4199999999999998e-11
3.6400000000000005e-11
5.6e-11
8.54e-11
1.3600000000000002e-10
1.69e-10
1.9999999999999998e-10
2.5699999999999994e-10
4.334e-10
8.96e-10
2.2464e-9
6.175200000000001e-9
1.7638000000000002e-8
5.0898e-8
1.467068e-7
4.155e-7
1.1419107999999998e-6
3.0202510000000007e-6
7.616081599999999e-6
0.0000182580566
0.00004146550539999999
0.000089098927
0.00018086805020000002
0.0003474166282
0.0006319652055999999
0.0010899670506
0.001787032041
0.0027904665136000003
0.0041584423831999996
0.0059293311687999995
0.008109295519600001
0.0106642510642
0.013510720891799999
0.0165301628938
0.0195829278224
0.0225045473242
0.0251459164608
0.027394792471399997
0.0291537064222
0.030371114533400002
0.031046248009600003
0.031208486913200002
0.030919382448399996
0.0302603597688
0.029308122830599997
0.0281436737426
0.026840849977199998
0.025480033285199998
0.024109025945400004
0.022774907790600003
0.021492077769199997
0.0202888894438
0.0191642099944
0.018130958372
0.017173478988800003
0.0162859902652
0.015455159525599999
0.014664102733000001
0.013897235546399999
0.013135874730199998
0.0123656718774
0.011568864955199999
0.010740325210400001
0.009874054828599998
0.0089671638054
0.008025472605
0.007062840619
0.0060961040122
0.005150575057799999
0.004246844765799999
0.0034092681142
0.0026585813761999997
0.0020092196388
0.0014692914920000002
0.0010369055444
0.0007053729994
0.0004618317984000001
0.00029085359
0.00017624829279999998
0.0001028682356
0.00005791118319999999
0.00003155187980000001
0.0000167132218
8.6566028e-6
4.4174384e-6
2.2370518000000002e-6
1.1357672e-6
5.846685999999999e-7
3.0713439999999994e-7
1.67543e-7
9.557040000000001e-8
5.787920000000001e-8
3.7944e-8
2.7644800000000003e-8
2.2302e-8
1.92118e-8
1.6607e-8
1.3718199999999998e-8
1.05306e-8
7.3608000000000005e-9
4.7092e-9
2.8398e-9
1.7130000000000002e-9
1.1372e-9
9.326e-10
8.586e-10
8.194000000000001e-10
7.664e-10
7.017999999999999e-10
6.094e-10
5.046e-10
4.058000000000001e-10
3.158e-10
2.334e-10
1.6899999999999999e-10
1.3259999999999999e-10
9.299999999999999e-11
6.e-11
4.44e-11
4.32e-11
8.3e-11
1.8819999999999998e-10
3.62e-10
5.558e-10
7.375999999999999e-10
8.126e-10
7.698000000000001e-10
7.072e-10
8.048000000000001e-10
1.2748e-9
2.4884e-9
5.1294e-9
1.0653599999999999e-8
2.1999e-8
4.64508e-8
9.755959999999999e-8
2.0313920000000004e-7
4.161318e-7
8.321534e-7
1.6190528e-6
3.0487855999999998e-6
5.5578742e-6
9.769012e-6
0.0000165493854
0.000027077963800000002
0.0000427317616
0.0000651802716
0.0000961406626
0.00013747636680000002
0.00019093162040000001
0.0002579940188
0.0003403614692
0.00043913439339999995
0.0005556349146000001
0.0006913735290000001
0.000849069129
0.0010298200354
0.0012380036574
0.0014800852488000003
0.0017626957161999998
0.0020968218216000003
0.0024976221587999997
0.0029801613851999998
0.0035710675306
0.0042995375588
0.005206241825599999
0.0063453500464
0.007775098207600001
0.0095780733112
0.0118403153308
0.014684637651
0.018221261466799997
0.0225601042546
0.0278403377138
0.0341386296784
0.0414799459606
0.049833549345400005
0.0590087521484
0.06875510326799998
0.0785877596066
0.0878909838948
0.096020020771
0.10231375739340001
0.10604837662280002
0.1066873734928
0.10412169277260001
0.09841786531980001
0.08996153993480002
0.079467076691
0.06775077795420001
0.055741845698799995
0.044257883001399996
0.0339129962794
0.0250755816746
0.0179012284804
0.0123630840356
0.0082829811758
0.0053936503858
0.0034229901078
0.0021276771288
0.0013013751813999996
0.0007869768476
0.000472886369
0.00028316091859999996
0.00017027862799999998
0.00010302493960000001
0.00006301328380000001
0.000039016808800000004
0.000024551616799999997
0.0000157153782
0.0000103061222
6.967664000000001e-6
4.9140604e-6
3.6854542e-6
2.9156896000000003e-6
2.3982674000000003e-6
1.9949480000000002e-6
1.6486274e-6
1.3172278e-6
1.0129299999999998e-6
7.496538e-7
5.335172e-7
3.649465999999999e-7
2.407994e-7
1.5563119999999998e-7
9.930819999999998e-8
6.266339999999999e-8
3.953460000000001e-8
2.4172799999999997e-8
1.49542e-8
8.7594e-9
5.128e-9
2.8217999999999995e-9
1.5700000000000002e-9
1.084e-9
1.3598e-9
2.4306e-9
4.3664e-9
7.311400000000002e-9
1.1153800000000001e-8
1.51108e-8
1.9113600000000003e-8
2.2198e-8
2.3269e-8
2.2640799999999997e-8
1.9279400000000002e-8
1.4642999999999999e-8
9.2288e-9
4.5313999999999995e-9
1.62e-9
1.0408000000000002e-9
3.6248e-9
9.53e-9
1.93186e-8
3.55982e-8
6.13794e-8
1.042788e-7
1.740636e-7
2.927172e-7
4.906008e-7
8.032560000000001e-7
1.2853095999999999e-6
1.9913447999999998e-6
2.977229e-6
4.355106e-6
6.2661762e-6
8.8280642e-6
0.000012246946199999999
0.000016707231600000003
0.0000224826634
0.000029905023
0.0000392243034
0.00005084500440000001
0.00006511206859999998
0.00008258475220000001
0.00010464093
0.00013307795399999998
0.00017101302459999999
0.00022294251140000002
0.0002964391568000001
0.00040236706840000007
0.0005555782753999999
0.000780570043
0.0011108022358000001
0.0015992390744
0.0023141298946
0.0033613303444
0.0048904982595999996
0.0071132359202
0.0103422312722
0.014948067583399999
0.021355045316600003
0.03015169689120001
0.041894375696800004
0.056975597872
0.07569163041039999
0.0979159356694
0.1233853453694
0.1505586005058
0.1782759830856
0.204370629684
0.2262457838418
0.2422234652124
0.250245450133
0.249694100164
0.2410314786664
0.22432295710779998
0.2021103869018
0.17582733098640002
0.1483656508986
0.121541197013
0.09662638606179999
0.074783942431
0.056545917008800003
0.0418828731058
0.030471762763999998
0.021802750392999996
0.015319839575799998
0.010686396464199999
0.0073982699672
0.0050840471455999995
0.0034856228474000007
0.002379409618
0.0016324528056
0.0011321384269999998
0.0007916403176
0.0005642132512000001
0.00040510840760000003
0.0002939255524
0.00021671047680000004
0.00016023781060000002
0.0001182214546
0.00008706494800000001
0.00006417849580000001
0.000047360059399999995
0.000034800763000000006
0.0000258553086
0.0000191574898
0.000014615693599999998
0.0000112221346
8.540427199999999e-6
6.533006599999999e-6
4.95769e-6
3.6206673999999994e-6
2.6780781999999995e-6
1.9050221999999996e-6
1.3934879999999998e-6
1.0084678e-6
7.525384000000001e-7
5.675372e-7
4.1193459999999997e-7
2.939006e-7
2.0698640000000002e-7
1.341254e-7
1.1311399999999999e-7
1.1781799999999999e-7
1.6101799999999997e-7
2.3728060000000002e-7
3.373762e-7
4.1611559999999997e-7
5.096666e-7
5.832994e-7
6.433727999999999e-7
6.455976e-7
6.370959999999999e-7
6.237688e-7
6.277911999999999e-7
6.138362e-7
6.027561999999999e-7
6.287336e-7
6.567528e-7
7.166793999999999e-7
8.605937999999999e-7
1.0072328000000003e-6
1.2544696e-6
1.5117007999999998e-6
1.8142557999999997e-6
2.1890246e-6
2.4615348e-6
2.8565574e-6
3.1770892000000003e-6
3.4746096e-6
3.7323758000000003e-6
4.267483400000001e-6
5.0978656e-6
6.0768772000000005e-6
7.2097524e-6
8.7218158e-6
0.000010833220000000001
0.000013672637
0.0000169294232
0.000020982105999999997
0.0000253532864
0.000030262632199999998
0.000036916389
0.000045394416
0.00005876653340000001
0.00008009801200000001
0.00011456795299999998
0.000160216689
0.00022031379999999998
0.00030334851940000006
0.00040985724600000006
0.0005869784035999999
0.0008727596034000002
0.0013309350626
0.0020883819008
0.0032469894418000003
0.0050488545678
0.007653699316199999
0.011244130304600001
0.015825900734800002
0.0216515438172
0.0290856711236
0.0380597603076
0.048085081979199994
0.059218472637999994
0.07103237844660001
0.083309160687
0.0949513415682
0.1058476128262
0.11411297481159999
0.11943087183699999
0.12162346034659999
0.12049995160479998
0.116491228269
0.10948645187879999
0.10021100656099999
0.0896725846624
0.078243067338
0.06707665549680002
0.05625692624480001
0.046645279448
0.038262335139
0.031084519823400002
0.025065827155800004
0.020002209624199997
0.016024334306799996
0.0126889942534
0.010040383107199999
0.007963261594
0.0062849917933999995
0.0050677901418000005
0.0040208218262
0.0031301364723999997
0.0024501596231999998
0.0019943992285999996
0.001621636645
0.0012990192364
0.0010611137652
0.0008536100192000001
0.000679711391
0.0005410828706000001
0.0004123354846
0.0003193561414
0.00023847982100000002
0.00019524399800000002
0.0001565806744
0.00012275369200000002
0.00009620805500000002
0.0000764184056
0.00005696322539999999
0.000043265826199999996
0.000037374669
0.000035965185
0.0000377080556
0.00004079480999999999
0.000043596626999999996
0.00004655083639999999
0.0000481246706
0.0000471081088
0.00004594928099999999
0.0000460732064
0.0000434358522
0.00004010763900000001
0.00003963472700000001
0.000041836288400000005
0.0000445834694
0.000048014144199999995
0.00005315318560000001
0.00005543254079999999
0.0000593117926
0.000058772921000000005
0.0000577340258
0.00006152341500000001
0.0000626222976
0.00006739236860000002
0.00007356173460000001
0.0000830159002
0.0000942056208
0.00010570974
0.0001039854236
0.00009917205
0.00009298399540000002
0.00008884628040000001
0.0000845186386
0.00007458768459999999
0.00007793493319999998
0.0000888114356
0.00010534083259999998
0.00011931243159999996
0.00013681547460000002
0.00015465620399999998
0.00018070516680000005
0.00021534840980000003
0.00024298363179999999
0.00027245233040000007
0.000317322835
0.00035210963060000003
0.00039225605919999994
0.0004100145238
0.0003987636268
0.000388239691
0.00034894159300000003
0.0003395502522
0.00032076846880000004
0.000338756836
0.0003775954195999999
0.00045122170660000005
0.0005711772908
0.0007751811634
0.0009327407584000001
0.0013538958872
0.0019669075734
0.0030600374282
0.004393932214200001
0.006358863515199998
0.0089142711362
0.011625883931
0.014266763058199999
0.0165791037874
0.018561944906
0.020120061418799996
0.0208264116044
0.0219329773594
0.022418791466199996
0.0228991624668
0.023128683780400002
0.024595627722
0.0260494408724
0.028861913064400002
0.029312570938800003
0.0311577337404
0.0315958410678
0.0309865095668
0.029780504082000003
0.028696668685400006
0.024875708060600004
0.021305359466000002
0.0188215097294
0.0154545421572
0.0128506148362
0.0112011931006
0.010744596077800001
0.0107651950172
0.0107343950692
0.011575298200199998
0.0127472378266
0.013920486180199998
0.014805080012799999
0.0154666837986
0.0160258001922
0.016928643410000003
0.018964266816800003
0.021103610914799998
0.022741466529599998
0.024752445983
0.025376769477599998
0.024679663732200006
0.0234730523086
0.020784804989800003
0.018828983579
0.017165813819000002
0.0157329822884
0.015405577197800002
0.0151361507308
0.015262705749399998
0.0165695452774
0.017768150982599998