0.
0.
0.
1.950696509714739e-7
5.898358495650297e-7
3.7162375535212563e-7
3.396004627651017e-7
3.9583279153027537e-7
4.580129159128658e-7
4.117326241752205e-7
3.7699024327646867e-7
2.903292482554042e-7
3.547040935280794e-7
3.585048825825613e-7
3.3524973895588567e-7
2.620486662873835e-7
2.33879722344294e-7
1.24072460368196e-7
9.031559781266e-8
7.372385627937146e-8
4.075962478606326e-8
3.332554553492072e-8
1.889142496478094e-8
1.130694899166339e-8
7.1934462394599235e-9
4.39669105123421e-9
2.2972296358875256e-9
1.0136775621469124e-9
8.860799625316255e-10
2.0437661314347577e-10
1.775437974134893e-10
1.2925091875882297e-10
9.793977741449013e-11
7.602631123498657e-12
0.
2.2807893370497914e-11
0.
0.
5.477225575051713e-13
0.
0.
0.
0.
0.
0.
0.
0.
0.
0.
0.
0.
0.
0.
0.
0.
0.
0.
0.
0.
0.
0.
0.
0.
0.
0.
0.
0.
0.
0.
0.
0.
0.
0.
0.
0.
0.
5.477225575051661e-13
0.
0.
0.
0.
0.
0.
0.
0.
3.1304951684997054e-12
0.
1.3416407864998722e-12
9.391485505499102e-12
0.
4.252881376196638e-11
9.656500401284036e-11
1.7981323644270572e-10
4.571757867604118e-10
1.2339860209905205e-9
2.687173738335551e-9
8.329337500666171e-9
2.3133678918408076e-8
4.781898093330789e-8
1.088163116940634e-7
2.2207657295897382e-7
4.6340503043091077e-7
8.938769564076817e-7
1.7718792094441714e-6
3.362894827651535e-6
6.07562838447464e-6
0.00001057721462636669
0.000017627544621551185
0.00002877608389580541
0.000045457731563863235
0.00006971233315269724
0.00010353127524956694
0.0001468617664826446
0.00019683143096200706
0.0002512877236289054
0.00030294973482465496
0.0003447719760216151
0.00037657743004545856
0.000400129249210217
0.00041115061403495184
0.0004006730040451946
0.0003706267969340865
0.00032906909259917326
0.00028720131848289853
0.0002525666273843007
0.00022124187689902185
0.00018868703133570605
0.00015733827776781009
0.00013119574109274869
0.00010923377855969245
0.00009020212337324272
0.00007375176578985603
0.00005957674663154265
0.00004779770157176525
0.00003803307464772627
0.000029596587132474806
0.00002263527674990684
0.000017342197385920286
0.00001323270230771863
9.93516296692029e-6
7.370146235366341e-6
5.5491742566409015e-6
4.179895056717885e-6
3.147591406239726e-6
2.3773038834040897e-6
1.8106265925191543e-6
1.3613219374750085e-6
1.021749134846142e-6
7.534858733138424e-7
5.55518521327869e-7
4.0009429509954415e-7
2.8041622509102146e-7
1.8946286617751846e-7
1.232784889496142e-7
8.20243286147461e-8
5.305998728514783e-8
3.3279666299408806e-8
2.0532502117374688e-8
1.4228778759964035e-8
1.0144774014240004e-8
8.409695256072022e-9
6.555134651553717e-9
5.494389884236466e-9
4.2213852939526966e-9
3.472247730217423e-9
2.592226514022263e-9
1.8420498907467203e-9
1.2233389554820846e-9
6.84486303734414e-10
3.0973327234896786e-10
1.6435419069801642e-10
2.2298923740844541e-10
2.0816411794543262e-10
2.233927035513918e-10
2.1962308621818426e-10
1.8942148769345042e-10
1.9875361631930123e-10
1.907249328221142e-10
2.0493608759806067e-10
2.1545254697960754e-10
1.9976060672715231e-10
1.6408442948677367e-10
1.0713636170787208e-10
5.128157563881983e-11
4.8921365475628345e-11
7.870069885331387e-11
9.079262084552907e-11
1.0568916689992403e-10
1.1339620804947582e-10
1.3220703460860166e-10
1.800963630948721e-10
2.4138413369565117e-10
3.1758510670369924e-10
3.787198172792124e-10
4.3167383520431257e-10
4.642399164225326e-10
5.498738946340332e-10
7.341847860041775e-10
1.0424292302118163e-9
1.417897140133938e-9
1.7992847745701625e-9
2.008086228228261e-9
2.1907748172735604e-9
2.092004349899878e-9
2.3687984717995735e-9
4.329215864333863e-9
7.126147346217311e-9
8.846043652390597e-9
8.041950528323338e-9
9.394047966664855e-9
2.2820983771520457e-8
4.612253009972457e-8
7.715220507866255e-8
1.14007465663438e-7
1.5793073387627887e-7
2.1492215261973342e-7
2.9636722771386137e-7
4.3593067087978587e-7
6.976604086034277e-7
1.21406244185886e-6
2.231878700979219e-6
3.949460465829764e-6
6.44157387068651e-6
9.920754245190267e-6
0.000014676861583181723
0.00002124287010641224
0.00003058498274586359
0.00004383718201859031
0.00006193735173826517
0.00008553531824055836
0.00011547937342064507
0.00015283369096678556
0.00019706697389137195
0.00024918719014425944
0.000307222415961166
0.0003659472364489895
0.00042073500443335184
0.0004666364700375808
0.0004970152226103534
0.0005161313118047523
0.0005341572962781515
0.0005538194918112824
0.0005718442690943196
0.0005891688081175347
0.0006056544362361902
0.0006149392429397653
0.0006156671988088542
0.0006112503819334219
0.0006027202468056359
0.0005896405110897747
0.0005781866513223179
0.0005720909830791037
0.0005683845562220399
0.0005642876858711717
0.0005579958125441168
0.0005484629247928548
0.0005332339556511291
0.0005104515498129097
0.0004840966372408372
0.0004544126129893195
0.0004207787773148511
0.0003847065694235318
0.00034282659606898184
0.00029642957285995095
0.00024999630019451546
0.00020683147370573716
0.0001660763757639112
0.00012853381668910806
0.00009586246639214003
0.00006959241514438056
0.00005576177308101562
0.00005524485102400879
0.00006299706743386984
0.00007281132421487662
0.00007937307611265814
0.0000802241598948326
0.0000753959467653989
0.0000671086399988151
0.00005660355940659074
0.00004549916126720544
0.00003511157082388199
0.00002611071056714087
0.000020492144029381896
0.000019094028969166727
0.0000198199091339157
0.00001984381380322085
0.000018235376533884978
0.00001529649800260941
0.000012000079865551816
9.098549281991041e-6
6.5998891214214895e-6
4.5408573989849865e-6
3.2099526436675357e-6
2.866029933943119e-6
3.2674370260950245e-6
3.795363441795766e-6
4.19255688268677e-6
4.464186146071901e-6
4.800021905672795e-6
5.391901849895684e-6
6.275270388500084e-6
7.409049678564871e-6
8.33758086437952e-6
8.209121704932525e-6
7.1289119291402585e-6
5.692887641669885e-6
4.456211284514211e-6
3.716589596641228e-6
3.4473974603404085e-6
3.6600391155521556e-6
4.340283935453498e-6
5.520162865463147e-6
7.275685789082243e-6
9.101430881929013e-6
0.000010354987627028605
0.000010866194786928534
0.000011481421260858945
0.00001340485967867982
0.00001741548314499751
0.000022282429147958748
0.00002674687393613736
0.000030120314199210692
0.000033160875641817235
0.00003571179251980573
0.000036045480920822816
0.000034605922913854726
0.00003228466503802331
0.000028363414218880962
0.000025598598769274632
0.000026435515927953673
0.00003070764476307733
0.000041127514237938955
0.00007531135124287385
0.00015834068205953494
0.00031668087444198677
0.0005768376538273333
0.0009609150463120781
0.0014595711430620195
0.001992204616073713
0.0025128336405212124
0.002974071906917385
0.003306892660583617
0.0033928922619140146
0.003202399684285482
0.0028802075578073186
0.0025273618365620745
0.0021485462196991056
0.0017346399563752835
0.0014187832798910653
0.0013326272721568518
0.0016637280834008049
0.0025071559724646406
0.003737300176431962
0.005310495154613946
0.007246420823835375
0.009563521013092362
0.011850347728055481
0.013640895928119717
0.014488722575230597
0.01420391150970323
0.01334790806246612
0.012410673392922575
0.011542029235263483
0.010662258451563036
0.009860601397151662
0.008796109418978099
0.007152135372187351
0.00580822177562017
0.007568913251195295
0.013151645305241185
0.021524168856339253
0.03209241142815465
0.04463756868573059
0.0592471183863066
0.07526741806334299
0.09069921406315988
0.10281141786778078
0.10964695287313529
0.11043303266178905
0.10503901915226656
0.0934259182825187
0.07810991394076894
0.061564215192370264
0.04525238945319946
0.03114368618534133
0.021854054232006148
0.017536377745121214
0.014773589665288772
0.013607040974484255
0.017200899913031965
0.025671355905129627
0.036026992135470455
0.04628430991410169
0.05289876576261001
0.05466217275356716
0.05485666262750328
0.05882134199756466
0.07180809343079277
0.09368508444563368
0.11409284039828015
0.12486166067125047
0.12789586762969446
0.12659188170265354
0.12548530428145122
0.12953489894124431
0.13682057381191887
0.1405110174720181
0.13355216514716972
0.10429017038613753
0.06192296068820255
0.07794208853137088
0.18926270302199583
0.3500139668748345
0.5453495914084343
0.7586477019346896
0.9548029654776105
1.0794995197307458
1.1203201695524747
1.0666178975368559
0.8985543341963541