0.
0.
1.0491138115495809e-6
2.0904704952891855e-6
4.639942862488506e-6
3.1311374718536615e-6
0.000011771439242087038
6.30720361473537e-6
0.0000118189449204928
0.000014195497096058627
0.000019831549573648868
0.00001879096019945514
9.292785570843273e-6
5.87268140878307e-6
4.31940121355456e-6
2.448795264101309e-6
1.2434079498066332e-6
7.272340568461985e-7
3.9547285736558103e-7
1.7748692972953594e-7
6.810309625633462e-8
3.098458145918323e-8
1.9533294366280315e-8
7.915976736952779e-9
3.0736590084136966e-9
8.751077076568549e-10
1.275432985303224e-9
1.1258685536063304e-10
1.4707923034883272e-10
9.346764145949065e-11
0.
0.
0.
0.
0.
0.
0.
0.
0.
0.
0.
0.
0.
0.
0.
0.
0.
0.
0.
0.
0.
0.
0.
0.
0.
0.
0.
0.
0.
0.
0.
0.
0.
0.
0.
0.
0.
0.
0.
0.
0.
0.
0.
0.
0.
0.
0.
0.
0.
0.
0.
0.
0.
0.
0.
0.
0.
0.
0.
0.
0.
0.
4.785185471849538e-11
9.694689267841559e-11
0.
6.471083371430369e-10
1.675588463794268e-9
5.1144137787240915e-9
1.4295594506701297e-8
3.626551100288211e-8
8.787415565568822e-8
1.793967598099137e-7
2.791628911084152e-7
5.750998424061093e-7
7.340466527612097e-7
2.1074843025879274e-6
5.7123122673203115e-6
8.060537236760662e-6
9.858954856845257e-6
0.000022182431249865505
0.000041257495468276584
0.00007365826866424942
0.00011815799795550156
0.00017456288159769845
0.00026149019547592854
0.00027699809600090436
0.00032391408133038407
0.00038459321642799436
0.00038264915427941443
0.0004115248346489143
0.0003894381864830377
0.0003638636308579545
0.00033625323943470357
0.00027167401717651543
0.0002472860830595309
0.00020157265054344373
0.00016073447799237915
0.00011693281257881661
0.00008160952865795437
0.00007833523104446575
0.00004607185026887322
0.000034662337961349445
0.00001806570110283228
0.00001305398644631471
9.937741171440788e-6
7.868212153382395e-6
6.0176641075496155e-6
4.541203570296102e-6
3.7588913577298667e-6
2.6228509987654347e-6
1.7309267168633063e-6
1.3389271817218229e-6
1.0647506165984438e-6
7.11623021045365e-7
4.99117778636968e-7
2.9735321008891654e-7
2.3236358932542976e-7
1.742438062953785e-7
1.0997985081959324e-7
8.219821343679244e-8
6.495003496688692e-8
4.944038131224267e-8
3.366869435098424e-8
2.6541488070565844e-8
1.8674363397450053e-8
1.5188182188793736e-8
1.0815078261390374e-8
6.993009816952808e-9
4.0911666062383515e-9
2.677804380457944e-9
1.1973546675901674e-9
8.390331936222701e-10
4.6383262067258503e-10
2.5651179310121415e-10
8.933196516365119e-11
5.7510868538042415e-11
3.801315561749662e-11
2.3302360395461892e-11
0.
0.
7.120393247567149e-12
0.
0.
0.
0.
0.
0.
0.
0.
5.477225575051659e-13
0.
0.
0.
0.
0.
0.
0.
0.
0.
0.
2.7386127875258314e-12
0.
0.
4.12310562561766e-12
3.1304951684997054e-12
0.
2.2360679774997885e-12
0.
0.
0.
0.
5.449770637375488e-12
5.477225575051643e-13
2.738612787525832e-12
4.929503017546499e-12
0.
0.
0.
1.4177446878757819e-11
1.6979399282660147e-11
2.7386127875258268e-11
7.600197365858328e-11
2.009681566815997e-10
3.2512074680032274e-10
8.015219897170607e-10
1.4474697578878846e-9
2.989967056674701e-9
5.677500568031622e-9
1.1528069894826255e-8
1.822059455122192e-8
2.7159456848398032e-8
5.647124808520079e-8
1.4263397935275093e-7
3.2877251664517295e-7
8.051758970248065e-7
1.7203012019259555e-6
3.02904708695284e-6
4.816074963385158e-6
7.68942594114198e-6
0.000011866553930278726
0.000016900901966937754
0.000023654134941692553
0.000030291004459485066
0.0000394119969581967
0.00004738278605131066
0.00005335891791083985
0.000059441604047477404
0.00006700151497534403
0.00006619979761766507
0.00006994651261226832
0.00007330852176588179
0.00007105572160925903
0.00006775320335507418
0.00006390623310824563
0.00005187435143228873
0.00005652351303394308
0.00006057585099949725
0.00006126098171401129
0.00006115961416633498
0.00006060390708409718
0.00004775813392353674
0.00003968928988883305
0.00002966759455899683
0.00002611310116207832
0.00002474278109225179
0.000023503275128203614
0.000022698591889290884
0.000023726482475432073
0.000023330444254354944
0.000023163971561624933
0.00002541324175353686
0.00002331743955077282
0.000019382270995104566
0.000021192434830407554
0.00001953185182448029
0.000020312799799055667
0.000018803094213486424
0.000017753098587587432
0.00001525211562229025
0.000013413242887844511
0.000012154444454278176
0.00001145688182200215
9.46383453936658e-6
7.248477549786934e-6
5.970398049764148e-6
4.538549820911044e-6
3.139656740960109e-6
2.2720086793984153e-6
1.4788476792176428e-6
9.109287764181625e-7
5.741171660683072e-7
3.688148337054729e-7
2.172421021135155e-7
1.391644955356793e-7
8.334085899905244e-8
4.9965880081311616e-8
3.165183885969342e-8
1.7487605287746007e-8
1.0935147680758676e-8
7.709543974840572e-9
5.7739499045281e-9
4.980489363506363e-9
3.725872340808254e-9
2.996322996607679e-9
2.174105954179787e-9
1.7150537892439393e-9
1.29734390197819e-9
9.41293524890083e-10
6.262624849054905e-10
3.734424989205166e-10
2.4821905648036004e-10
1.9378519035261638e-10
2.0114348112727898e-10
1.682513001435653e-10
1.2297642050409493e-10
1.2073234860632832e-10
1.043158664825251e-10
7.438279370929812e-11
8.471009384955258e-11
5.758645674114707e-11
5.2638389033100136e-11
7.396147645903239e-11
6.54996183194986e-11
5.3452782902296106e-11
4.722605213227125e-11
2.987473849257932e-11
3.0705048444840473e-11
2.990819285747636e-11
2.3600847442411895e-11
1.618023485614471e-11
1.1432410069622238e-11
9.59166304662544e-12
1.9904773296875286e-11
3.6537651812890206e-11
5.267542121331357e-11
6.251639784888445e-11
7.666028958985225e-11
6.652593479238002e-11
7.277843087069133e-11
1.0662176138106146e-10
2.268484075324311e-10
4.1308873138830607e-10
6.50167901391633e-10
1.0827152441893475e-9
1.6269491387256076e-9
2.8732150459024105e-9
4.7407936360909105e-9
7.87762646359932e-9
1.2204251173259251e-8
1.7069410191919412e-8
2.3093823204484707e-8
3.326218970993908e-8
5.4646430576022734e-8
9.339188817825731e-8
1.816076477541642e-7
3.1036278067641786e-7
5.300895464733337e-7
9.103981392864791e-7
1.4901822886631292e-6
2.3248297911714157e-6
3.336422295835214e-6
4.792697130950811e-6
6.2897394511102246e-6
8.144814175253385e-6
0.000010572475309588137
0.000012882492216566835
0.00001559684875162606
0.000018495043494568256
0.000021384622250096688
0.000025383837082276017
0.00003013014128274948
0.00003476548927301832
0.000041372174210816233
0.000046913355397578686
0.000054995541901287906
0.000059707247253032145
0.00006550126335751172
0.00007038098081272936
0.00008134653191426253
0.00010235119539764024
0.00012018661255376902
0.00014352656643503624
0.00018913693811638748
0.0002305904523311661
0.0002875880137864416
0.00034707387083470376
0.00041623967061786023
0.00048018368693496585
0.0005297830780197106
0.0005619806935127674
0.0006366756227124829
0.0006698856413126248
0.0007411014313907515
0.0008622873292234514
0.000986577148773175
0.00110602790571739
0.0011906313241157093
0.001260962697948111
0.00128002174149266
0.0012466523884082548
0.0011496285605178055
0.0010022194676834195
0.0008299161355147513
0.0006701937998300849
0.0005101241007638608
0.0003861812646162817
0.0002783122902366064
0.00020256332376610847
0.00013288240534154973
0.00008884014820792632
0.00005839703623629622
0.00003984443090490525
0.000026506311015359395
0.000018300266896724347
0.000012271906317311066
8.21502293378158e-6
5.258385838189111e-6
3.4104998326434054e-6
2.1785941626302747e-6
1.406617848587419e-6
9.058016089015846e-7
5.631523607219452e-7
3.9334330604638583e-7
3.165929077953261e-7
2.6528670408955655e-7
2.558537614190968e-7
2.4832876751455936e-7
2.3519646457270574e-7
2.1057514685688811e-7
1.7957097902834987e-7
1.4884488067615884e-7
1.2059419198162064e-7
9.671246128963939e-8
7.083746893982024e-8
5.194001695995102e-8
3.6667134803526724e-8
2.6025733298026384e-8
1.8280261685763694e-8
1.3130737290799784e-8
8.975831337541944e-9
6.1557225977134485e-9
3.8657647755651145e-9
2.6384043473281343e-9
1.758800642483394e-9
1.4864089275835234e-9
1.463924007590558e-9
1.157536694882715e-9
5.596796405087466e-10
1.0039383945242857e-9
1.952073717870306e-9
3.0312828472447114e-9
3.9547261219963125e-9
4.6355350068789266e-9
5.3715051428812765e-9
5.251635173924401e-9
4.929662128381618e-9
4.10231017842386e-9
3.2798334561376724e-9
1.8741785400542824e-9
1.2006164250084205e-9
9.920783739201253e-10
9.527592560557993e-10
2.9681695874730606e-9
6.787228558108236e-9
1.2445869025504006e-8
2.0269823844819172e-8
2.923199345409067e-8
4.0636875897391516e-8
5.435257182783533e-8
6.895918287436417e-8
7.622123726823122e-8
9.167991546407529e-8
1.352816488526807e-7
2.3827378533988986e-7
3.857707230195157e-7
5.971117885969927e-7
8.641244484723829e-7
1.1766545765056544e-6
1.5265712691029848e-6
1.9020582143967888e-6
2.4196414154566986e-6
2.8179005370529865e-6
2.9179162106183427e-6
2.9174704215443705e-6
2.6610441986356267e-6
2.5276760559311594e-6
2.1343783209598814e-6
2.4254957828879112e-6
3.6681115331336668e-6
7.750219348856765e-6
0.000014839859432651476
0.000024946964226723745
0.00003885761945937507
0.00005770589258142698
0.00008108393905605226
0.00010418022622185913
0.00012171478515495663
0.00013920278515323288
0.00017867753108191176
0.00023881288230156463
0.00033764724039097406
0.00044329385563583604
0.0005489963008516905
0.0006738599629219679
0.0007981733287396634
0.0009427754487121331
0.0010467980431542083
0.00126018811126535
0.0013915847864085752
0.0019044535132922993
0.002649545625289499
0.0032899095782431814
0.004206401126311514
0.004958622044488451
0.0053035808466452465
0.005400431547010471
0.005274376400425995
0.0052882463839910784
0.0052597903435706115
0.0048772283191073195
0.004520332427994518
0.004091024655016401
0.0036645729316262853
0.003294457348317014
0.00284578163110838
0.002335170425994019
0.0019282417571116197
0.0014272762347159198
0.0010278105451857595
0.0006840076276587624
0.00043925121103124677
0.0002672721398866353
0.00015033043702076564
0.0000793762802212045
0.000057424466802079756
0.00005465048164005041
0.000057297614398124665
0.00005938798502411116
0.00005518445141158828
0.000046614666238669015
0.000036093520269496174
0.000026921589453137175
0.000020559326439169405
0.000016801109756654337
0.000014433884969095213
0.000012324445897723995
0.000010399295082672647
8.26588541655353e-6
6.507007685096563e-6
5.607915727304424e-6
5.173223396964343e-6
4.721499740023788e-6
4.190404982292201e-6
3.717671573330746e-6
3.1225353394019097e-6
2.6921005631541147e-6
2.131253597616482e-6
1.609140443572903e-6
1.214596412279692e-6
8.25171087598384e-7
5.093589976354594e-7
3.366546347160544e-7
3.0320036513632367e-7
2.634181238986794e-7
1.7929125922587529e-7
1.1660881605393304e-7
8.213366858663992e-8
9.50307160632813e-8
1.3740254296154787e-7
1.5565654226437127e-7
2.0941871868173578e-7
3.017969841893719e-7
4.207579769389999e-7
5.116952303419488e-7
5.183203600422232e-7
5.263067950459123e-7
5.467826843863107e-7
5.420935111719193e-7
5.098001802149544e-7
5.169303163171027e-7
4.885255679755155e-7
4.224206236799999e-7
4.821975505431358e-7
7.087454778477956e-7
1.0131690638509945e-6
1.470294228283509e-6
1.7605222253520967e-6
1.9349397462739502e-6
2.129597441153327e-6
2.244301043955155e-6
2.2413828080344287e-6
2.3036850933901977e-6
2.2686058589773367e-6
2.28257408635135e-6
2.2513026252095255e-6
2.3314367165085777e-6
2.2072180355870376e-6
1.981679961527542e-6
2.0018502750768356e-6
2.1799355504438653e-6
2.162181787954241e-6
2.892661974889601e-6
5.315592206554927e-6
9.125562802782429e-6
0.000014522010373310293
0.00002233718586205708
0.000030989551552428496
0.00003900672924037376
0.000046100770390698096
0.000050611012695632306
0.00007296609599817967
0.00012274320052208944
0.00019978558467147436
0.00029517232632539727
0.00040688160363378043
0.000511215925865662
0.0005822180717982382
0.000661135298888275
0.0006575503594009345
0.0007390002018126151
0.0009344609617549925
0.0010783217376400145
0.0013251414825350782
0.001506138694219135
0.0015497282124065134
0.0017331768792639925
0.00194789586134552
0.002476053359922878
0.002833413435178752
0.0035741018532253156
0.0038576283250221664
0.004102562755610101
0.004910457624262837
0.004930962832594595
0.005173990152807819
0.0049483756567155505
0.0044427298582510955
0.0038350053106373525
0.00343084637644487
0.004234382814574284
0.004477429331185306
0.005154733074412157
0.005135704909573628
0.0048272388820428495
0.0046081269796336725
0.00426945692104419
0.004129084542402954
0.003791024059054916
0.0034094400106094215
0.0030678127934471674
0.0028963679173303605
0.002829306388543951
0.002654045128699812
0.0023948168824306343
0.002127924042393994
0.0018151432675335187
0.0015255953843768748
0.0012738259313693726
0.0010736973627131707
0.0008396567606943283
0.0005941518009061091
0.00045336787097839594
0.00034093432584722565
0.0002760300505401161
0.0002497600301002026
0.0002347981225127082
0.00020577224733912686
0.00019006756965241357
0.0001551140805058267
0.00010868024078956234
0.0000745213389956375
0.00004531410366517976
0.000028834674055196406
0.000030116696411081716
0.000040110424255140405
0.000049432321357651
0.00005936066911345235
0.00006568340944483713
0.00006266752500381873
0.000050078819998012265
0.00004814022231317468
0.00004956332258932057
0.00005082540174196743
0.00005070914143892843
0.00004858809672657039
0.00004299900002267762
0.00004292262226420759
0.00004410204578761138
0.00004027465941099933
0.00003192221142613605
0.00003255306862508866
0.000033098697936036514
0.00003931555507881806
0.00004460656866317238
0.000047460701007718666
0.00005665517612222431
0.00006374085753928064
0.00007102351515870792
0.00007774368605703402
0.00008259583089356419
0.00009023417243684451
0.0000910844740066879
0.0000804171743879019
0.00007150762175244896
0.00006932804613618938
0.0000661815661789712
0.0000609157609760366
0.000048338211384046704
0.00004595779735456302
0.00005137353211964769
0.00008618646975761215
0.00011678177089971733
0.0001465265320967963
0.00016917545038622878
0.0001825613789370633
0.00020342986908329197
0.00020816407359592438
0.0002486153833373652
0.00030682690348915665
0.00035811621215688213
0.0004350262277273909
0.0004789218438571523
0.00046560969790246045
0.00044968935996779534
0.0003809967306748206
0.00033592639177127396
0.00030502404420230456
0.00032242745728422114
0.0003769393843974309
0.0004499804011315481
0.0005182602438533112
0.0006200201739737469
0.0007284586351342247
0.0010789048646927086
0.0014391853251346906
0.002039954849623576
0.0025160757330858563
0.003143386117712262
0.003798415482418121
0.004757738907508786
0.005521253527650616
0.007010586931544607
0.00817567540394258
0.009055090231595812
0.009860524384491724
0.011206349356161199
0.011201533559810989
0.011308515832876181
0.011228156304244551
0.010189717024713631
0.010319290186606902
0.010452238410539372
0.009962252420654606
0.011349941790242868
0.011837094695480724
0.011745565334505137
0.013006701873755414
0.011649890313246071
0.011031754482311446
0.010387681439163144
0.010629236886673011
0.009768010485283193
0.008497144007715627
0.006539259048824295
0.004108235484073703
0.0026781572025497266
0.003621788872312036
0.006354784817392404
0.008099357739719483
0.009479562648892992
0.011760500230893412
0.014885739719187325
0.01801837372789078
0.02227422059019514
0.02615082613972985
0.029272035083294772
0.03159010474063317
0.03264985553084053
0.03277883230837492
0.03087066798638744
0.027952035841722372
0.02250404103529676
0.01971253691906116
0.017164898898951546
0.015168140933447071
0.012725577116397352
0.010377716971508098
0.007046729632047472
0.008157074183609666
0.012418091295723861