1.
0.9801988395050001
0.9231163534202003
0.8352736544363999
0.7261594869566
0.606555028849
0.48679800816300006
0.37538549275840005
0.2781450331788
0.1980398380526
0.1355038213706
0.08910729607560001
0.0563243240172
0.034227666255
0.020001495757599998
0.0112429445504
0.0060813396652
0.0031668519901999993
0.0015886894820000001
0.0007683246444
0.0003585483872
0.0001616343416
0.0000704863006
0.0000297797634
0.0000122147738
4.8746258e-6
1.8975274000000003e-6
7.230737999999999e-7
2.7091600000000004e-7
9.982899999999997e-8
3.6482e-8
1.3225000000000001e-8
4.8039999999999995e-9
1.754e-9
6.290000000000001e-10
2.3399999999999997e-10
8.1e-11
3.7e-11
1.e-11
4.999999999999999e-12
1.9999999999999996e-12
1.9999999999999996e-12
0.
0.
0.
0.
0.
0.
0.
0.
0.
0.
0.
0.
0.
0.
0.
0.
0.
0.
0.
0.
0.
0.
0.
0.
0.
0.
0.
0.
0.
0.
0.
0.
0.
0.
0.
0.
0.
0.
0.
0.
0.
0.
0.
0.
0.
1.e-12
4.999999999999999e-12
3.4000000000000005e-11
1.4500000000000002e-10
7.701999999999999e-10
3.7090000000000003e-9
1.7259200000000003e-8
7.47052e-8
3.001988e-7
1.1168926e-6
3.8398738e-6
0.000012219717799999999
0.000036026711399999995
0.00009865756020000001
0.0002515957826
0.0005991532876
0.0013361405074
0.0027976169769999997
0.0055138605358000005
0.0102537747076
0.018032247221199997
0.0300508500502
0.047550574820199996
0.07157192121639999
0.102651480608
0.1405162735978
0.1838657976686
0.2303191278316
0.2765874419848
0.31886256227320003
0.35336727747499996
0.3769421363614
0.38754164400120006
0.38452638151260005
0.36869759333880003
0.34208133182
0.3075353587654
0.268270155124
0.22739786566599998
0.1875776574318
0.1508071383858
0.1183585479808
0.0908294060564
0.06827160929080002
0.0503497691772
0.036498898222000004
0.0260542209064
0.018348396151999995
0.012771653537799998
0.0088026506808
0.006018322945
0.0040886090089999995
0.0027644949334000002
0.0018630734468000002
0.0012530725175999998
0.0008420230934
0.0005657274632000001
0.00038021882879999997
0.0002556763608
0.00017199415500000002
0.00011567378820000001
0.00007770201779999998
0.000052069838999999994
0.000034743698599999995
0.000023040454599999998
0.000015146541199999997
9.843983600000002e-6
6.306232999999999e-6
3.9679484e-6
2.4419174e-6
1.4659448000000001e-6
8.545842e-7
4.817260000000001e-7
2.61826e-7
1.364418e-7
6.820199999999999e-8
3.24908e-8
1.47574e-8
6.404399999999999e-9
2.6678000000000002e-9
1.0862000000000002e-9
4.337999999999999e-10
1.7539999999999998e-10
6.36e-11
2.6000000000000007e-11
1.e-11
4.999999999999999e-12
4.e-12
1.9999999999999996e-12
1.e-12
1.e-12
1.e-12
1.e-12
1.e-12
1.e-12
0.
0.
1.e-12
1.e-12
1.9999999999999996e-12
1.9999999999999996e-12
4.2e-12
4.e-12
5.e-12
9.000000000000001e-12
9.000000000000001e-12
9.4e-12
1.28e-11
1.2999999999999999e-11
1.7999999999999996e-11
1.2999999999999999e-11
1.62e-11
1.4199999999999997e-11
1.7999999999999996e-11
2.18e-11
3.66e-11
5.700000000000001e-11
9.399999999999999e-11
1.3380000000000002e-10
1.7620000000000002e-10
2.1199999999999997e-10
2.796e-10
4.396e-10
9.302e-10
2.2772e-9
6.095e-9
1.73284e-8
5.0245600000000004e-8
1.458758e-7
4.154112e-7
1.1443606e-6
3.0286216e-6
7.6448754e-6
0.000018321883199999998
0.0000415925014
0.00008928379120000001
0.0001811971528
0.00034780701900000003
0.0006322655338
0.0010902347544000002
0.0017868010464000001
0.0027892644176000002
0.00415637706
0.005926044275600001
0.008103361608199999
0.010651977331600001
0.0134918795246
0.0165045735638
0.0195445201888
0.022456110432199996
0.025091376208799997
0.027325585026
0.029070708274
0.0302800031854
0.030947841250999995
0.031105330020799998
0.030811612676
0.030143225416400004
0.029184150198400004
0.028018440149600005
0.0267234433446
0.025366156231400004
0.024000489708399998
0.0226662930358
0.0213920083666
0.020195446089199997
0.0190838059504
0.0180568900316
0.0171094822212
0.016231422828599996
0.015408733768200001
0.0146258730218
0.013866254343999998
0.013112756286200001
0.0123488007526
0.011560609535999999
0.0107379963112
0.0098749133476
0.008971239927999999
0.0080327136782
0.0070719382424
0.006106770745199999
0.0051596869584
0.004255026477199999
0.0034165476964000004
0.0026648521558
0.0020145111989999997
0.0014728500520000002
0.0010394138053999998
0.0007069463258
0.0004628064724
0.0002914445864
0.0001765539228
0.00010298584779999998
0.0000579538554
0.0000315683262
0.000016721461
8.6604258e-6
4.4170954e-6
2.2356954e-6
1.1326170000000002e-6
5.799766e-7
3.0304979999999997e-7
1.6389059999999997e-7
9.334160000000001e-8
5.69112e-8
3.8058599999999995e-8
2.8258800000000004e-8
2.3218e-8
2.00184e-8
1.7277e-8
1.4221600000000001e-8
1.0891599999999999e-8
7.6496e-9
4.924599999999999e-9
2.9486e-9
1.7456e-9
1.1153999999999999e-9
8.460000000000001e-10
7.468000000000002e-10
7.007999999999999e-10
6.385999999999999e-10
5.746000000000001e-10
4.744e-10
3.97e-10
3.1420000000000006e-10
2.4200000000000004e-10
1.822e-10
1.3480000000000004e-10
9.139999999999999e-11
6.980000000000001e-11
4.78e-11
4.3399999999999994e-11
5.5800000000000004e-11
1.0980000000000001e-10
2.3159999999999998e-10
4.062e-10
6.248000000000001e-10
8.117999999999998e-10
9.259999999999998e-10
9.547999999999998e-10
9.78e-10
1.1514e-9
1.6344e-9
2.7582000000000003e-9
5.0251999999999996e-9
9.8534e-9
2.0049799999999997e-8
4.2489e-8
9.002519999999998e-8
1.8927080000000002e-7
3.9085840000000007e-7
7.872426e-7
1.5411254e-6
2.9179997999999995e-6
5.3378084e-6
9.418210999999997e-6
0.000016023792
0.0000262920364
0.000041614841
0.0000636206278
0.00009406939080000001
0.0001347769948
0.0001874630786
0.00025371832120000003
0.00033491559120000006
0.0004322577068
0.000546918608
0.0006803442324
0.0008344456883999998
0.0010117660226
0.0012161423274
0.0014530351976
0.0017299914504
0.0020572263364000004
0.0024487395086
0.002923080027
0.0035041105429999995
0.00422282247
0.005119501151200001
0.006245303421
0.007664192996800001
0.009455018822
0.011712188962
0.0145458760868
0.018077289980599997
0.022429908069399998
0.0277178565552
0.0340261234722
0.041389637837799996
0.0497633998756
0.0589877988906
0.0687563660556
0.0786103268054
0.08795944036919999
0.096122117497
0.10238559846619999
0.10610100551919999
0.106785955746
0.1042152941952
0.09848245331899999
0.0900097438346
0.0794835463704
0.06775632484920001
0.05572992084180001
0.044211424087799996
0.03382686717259999
0.024974377379399997
0.0178084581368
0.0122829008302
0.008211883958800001
0.005335544708800001
0.0033799728109999995
0.0020958508395999996
0.0012780219642000003
0.0007703806753999999
0.0004614907798
0.00027624789840000004
0.00016618164600000002
0.00010108382359999999
0.0000625206126
0.000039433619999999996
0.000025391149800000002
0.0000166610836
0.000011130543
7.6015806e-6
5.3654165999999996e-6
3.954228399999999e-6
3.0509670000000002e-6
2.4415044e-6
1.9909046e-6
1.619718e-6
1.2920884000000001e-6
1.0008108e-6
7.454844000000001e-7
5.373412e-7
3.7378180000000007e-7
2.530556e-7
1.679846e-7
1.0989159999999998e-7
7.1144e-8
4.5896800000000006e-8
2.9550000000000007e-8
1.8825799999999995e-8
1.16458e-8
6.730200000000001e-9
3.5371999999999993e-9
1.6598e-9
1.0106e-9
1.515e-9
3.037e-9
5.4842e-9
8.772400000000001e-9
1.2576399999999998e-8
1.6667200000000004e-8
2.05726e-8
2.3639599999999997e-8
2.5076199999999997e-8
2.44304e-8
2.18804e-8
1.8397e-8
1.52918e-8
1.3272599999999999e-8
1.2742599999999999e-8
1.3845999999999999e-8
1.6810199999999997e-8
2.1854800000000002e-8
3.0591600000000005e-8
4.643580000000001e-8
7.63932e-8
1.30653e-7
2.265632e-7
3.89e-7
6.525164000000001e-7
1.0599015999999999e-6
1.6699783999999999e-6
2.5454272000000002e-6
3.7478797999999993e-6
5.346172799999999e-6
7.4186056e-6
0.000010070963400000001
0.000013441993000000002
0.00001772863
0.000023190487400000002
0.000030146967200000004
0.0000390068202
0.00005030681100000001
0.00006474376979999999
0.00008316268079999998
0.00010672978920000002
0.00013708850299999997
0.00017683777359999998
0.00023026495980000002
0.0003040972144
0.00040852501399999997
0.0005596271038
0.0007812790319999998
0.0011079698924000001
0.0015894181042000002
0.0022975222056
0.0033374252794
0.0048611860092
0.007081677985400001
0.010295492468799999
0.0148943540592
0.021359879954799998
0.030239994038599997
0.0420897413714
0.057384546791199996
0.07639938034220002
0.0990656696778
0.12481610920319999
0.1525003320444
0.18042186495700002
0.20647172064019997
0.2283583748282
0.2439239929248
0.2515018777268
0.2502798915176
0.2404407379198
0.22311953222160003
0.20015594180500001
0.1737250568396
0.14604092215839998
0.11909435340399999
0.09439618216439999
0.0728757305424
0.054933697227200005
0.0405363326564
0.029374542452400003
0.020980017189
0.014809874189400002
0.010350421751
0.007177774692199999
0.004949598136000001
0.0033991631245999998
0.0023301155390000002
0.0015987540248000001
0.0011001018092
0.0007580992112
0.0005203764846
0.0003528295378
0.00023397501939999998
0.0001508513378
0.0000946835534
0.000058603889
0.0000371811268
0.0000258275616
0.000020585125800000002
0.000018479404800000002
0.000017376879999999998
0.0000162001454
0.000014695667599999998
0.000012910872600000002
0.0000109582714
8.9897404e-6
7.193034399999998e-6
5.6468694e-6
4.357555799999999e-6
3.3076752000000004e-6
2.448235e-6
1.7460355999999999e-6
1.2114958e-6
8.51659e-7
6.923122000000001e-7
7.425027999999999e-7
9.598832000000002e-7
1.2672202e-6
1.5913338e-6
1.9070497999999997e-6
2.2017904e-6
2.4660186e-6
2.7297199999999996e-6
2.9597463999999996e-6
3.1114668e-6
3.164364e-6
3.058794e-6
2.7643632e-6
2.3459691999999997e-6
2.0080394e-6
1.9167237999999997e-6
2.051418e-6
2.3367849999999996e-6
2.7105406e-6
3.0752164e-6
3.3529057999999996e-6
3.5459016000000005e-6
3.6896138e-6
3.883433e-6
4.365263e-6
5.365384799999999e-6
7.1023964e-6
9.641879600000002e-6
0.000012703308000000001
0.000016046474399999998
0.000019512508799999998
0.0000228247824
0.000025961746799999998
0.000029109245200000005
0.0000322161082
0.0000351386502
0.0000376957704
0.00004004022339999999
0.000042286732000000004
0.000044309305199999996
0.0000462785946
0.0000479435212
0.000049074142000000013
0.000048103694200000005
0.00004478452840000001
0.000041248210200000007
0.00004185707960000001
0.00005471330639999999
0.0000927158514
0.00016954344919999998
0.0002970341918
0.0004869679215999999
0.000759378325
0.0011447182296000001
0.0016926613636
0.0024950764415999998
0.0036709361014
0.0053828152754000005
0.007844230990800002
0.0112572958428
0.0157978521842
0.0216541969248
0.028931987858800003
0.037586213474200006
0.0475333319366
0.05858284190199999
0.0702258383574
0.08185894321059999
0.0926975731032
0.10201513430119999
0.10922974695420003
0.11370070306380001
0.11520838612180002
0.11371183486560002
0.10929027845880002
0.10249564432959998
0.0939734046148
0.08436152046980001
0.0742981504824
0.06443415671439999
0.05519996361259999
0.0468092975814
0.0393666496604
0.032885466502
0.0273850663548
0.022844914278799998
0.019129082800000002
0.016091975621800002
0.013587106351799999
0.0115028529262
0.009795830486199999
0.008429109402199998
0.007321656603399999
0.0064268159618000005
0.0056855515044
0.004998412002
0.0043250338058
0.003671186176199999
0.0030332839257999995
0.0024403928070000002
0.0019433538176
0.001565369296
0.0013055836292
0.0011485613624
0.0010676150686
0.0010374740598
0.0010275837938
0.0009994731865999998
0.0009270628006
0.000820128209
0.0006967966042
0.0005695095195999999
0.0004557067366
0.0003739322328
0.000325663414
0.0002987371908000001
0.000286628117
0.00028773467680000004
0.00029814183260000004
0.00031220424499999995
0.0003163950246
0.00031083398619999997
0.0003040853576
0.0003074305212
0.00032919139700000004
0.000366704606
0.0004167232678
0.0004813463086
0.0005474920813999999
0.0006083649618
0.000686892045
0.0008109156863999999
0.0009923116022
0.0012243337392
0.0014939666016
0.0017738888818000001
0.0020349728518
0.0022511882922
0.0023809642801999997
0.0023976873096
0.0023463728342
0.0023195187225999994
0.0023270107252
0.0023436736394
0.0023960368869999998
0.0024644493441999997
0.0025110946214
0.0024694451524000004
0.0022685002434
0.0019310030758
0.0015502499588
0.0012406001418
0.0011334119348
0.0013254152864
0.0018598521937999996
0.0026562544931999993
0.0035255454462
0.0042547046756
0.0046902642007999994
0.0048023955633999995
0.0046765500178
0.004401577035199999
0.004105528942799999
0.0039874690711999995
0.0041807013554000004
0.004746358842200001
0.005642837819
0.006720112527200001
0.007784632301999999
0.008606194440399999
0.009062736532400001
0.0092532886754
0.0094510316878
0.0099567982202
0.010998520677400004
0.0130126461508
0.016292912055800003
0.0206533199372
0.0257274261042
0.030952331958600005
0.03592326382159999
0.04018025172979999
0.043213747016
0.0447120158956
0.0447299701466
0.043307663852599994
0.040773095808
0.0384525077534
0.0372923881388
0.037450902836200006
0.038145405344399995
0.0384148669064
0.03781309156379999
0.0366782951332
0.0361792514636
0.037923578094
0.043700396141
0.0540675404592
0.068887826015
0.08777338965220001
0.10819753762639998
0.1285883305932
0.1499573200932
0.17261626732579996
0.1967511430614
0.2233852552174
0.25242814085219994
0.28315845227139996
0.3146801102222
0.344473008975
0.3681738072298
0.3805593493186
0.3787268354084
0.3619847529424
0.333040027287
0.29431144010019994
0.24631122130560001
0.19495966064200002
0.14686214252840002
0.10590536837119999
0.07433403506620001
0.052729473087199996
0.041347759773999994
0.040065030804
0.0474563814436
0.060387864014
0.0767300163678
0.09423766363720001