1.
0.9801982785050001
0.9231204805840001
0.8352832013370001
0.7261839558729999
0.6066016567370002
0.486870363152
0.37548310426400006
0.278258978797
0.19815950441300004
0.13561816177299998
0.08920602910900002
0.056401678889
0.034282926948999995
0.020036919724999998
0.011263019668
0.006090854336999999
0.0031699007080000004
0.00158840194
0.000766773333
0.00035681398599999995
0.00016017638499999997
0.00006942751399999999
0.000029092628000000007
0.000011796993000000002
4.639504000000001e-6
1.7696900000000005e-6
6.578209999999999e-7
2.3837299999999999e-7
8.414800000000001e-8
2.9041000000000002e-8
9.865e-9
3.2769999999999997e-9
1.1299999999999998e-9
3.5999999999999995e-10
1.25e-10
3.7e-11
9.000000000000001e-12
4.e-12
1.e-12
1.e-12
0.
0.
0.
0.
0.
0.
0.
0.
0.
0.
0.
0.
0.
0.
0.
0.
0.
0.
0.
0.
0.
0.
0.
0.
0.
0.
0.
0.
0.
0.
0.
0.
0.
0.
0.
0.
0.
0.
0.
0.
0.
0.
0.
0.
0.
0.
0.
0.
1.9999999999999996e-12
1.9999999999999996e-11
1.4900000000000003e-10
1.1699999999999999e-9
7.324999999999999e-9
3.9744999999999996e-8
1.8672799999999998e-7
7.811889999999999e-7
2.9249529999999997e-6
9.915193999999998e-6
0.000030681226000000005
0.00008720314400000002
0.000229029865
0.0005584311440000002
0.001269774116
0.0027024868820000004
0.005401870624
0.010170616373
0.018084917538
0.030442935698
0.048619411578
0.07381269429699999
0.10671870752800001
0.14718407325700003
0.19394502026000002
0.24452638058499998
0.29539986500000004
0.342384323777
0.38123833179700006
0.40832393066100003
0.4211916518339999
0.418943770516
0.4023190000400001
0.37347960356900006
0.33558098597
0.29223075090500006
0.24696450184100002
0.20282649125000002
0.162111834369
0.126285588225
0.09603031728099999
0.071396967421
0.05198597722000001
0.037134760778
0.026068889410000004
0.018018013448000005
0.012283910597
0.008275916242
0.005520062240999999
0.0036517928680000005
0.0024004254729999997
0.0015703164880000002
0.0010239146
0.0006663962259999999
0.000433359593
0.00028185582500000003
0.00018345065800000001
0.00011951390799999998
0.000077923301
0.000050828460999999996
0.000033143281
0.000021568575999999996
0.000013986386000000002
9.014749e-6
5.761748e-6
3.6401849999999997e-6
2.2677009999999997e-6
1.3837050000000001e-6
8.257250000000001e-7
4.79944e-7
2.68445e-7
1.44761e-7
7.452999999999999e-8
3.6338e-8
1.685e-8
7.082e-9
2.8330000000000005e-9
9.849999999999998e-10
3.25e-10
8.5e-11
1.7999999999999996e-11
4.999999999999999e-12
1.e-12
0.
0.
0.
0.
0.
0.
0.
0.
0.
0.
0.
0.
0.
0.
0.
0.
0.
0.
0.
1.e-12
1.e-12
1.e-12
1.e-12
1.e-12
0.
0.
0.
0.
0.
0.
0.
0.
0.
0.
0.
0.
0.
0.
0.
1.9999999999999996e-12
4.1e-11
4.2100000000000005e-10
3.044000000000001e-9
1.8058e-8
8.969e-8
3.7744900000000006e-7
1.3871249999999994e-6
4.510547999999999e-6
0.000013158412999999998
0.00003479834
0.000084234449
0.000188016245
0.000389509226
0.000753269796
0.0013665103010000001
0.0023359497639999995
0.0037776046249999996
0.005799826058
0.008481615400000002
0.011850121908999998
0.015861889178
0.020395201864
0.025253539922000006
0.030184049905999998
0.034905903002000006
0.039144074380999996
0.042660291953
0.04528049314
0.04690903880500001
0.04753075730499999
0.047203764372999994
0.046043063284000006
0.04420079922100001
0.041845921253
0.039146771165
0.036257770057
0.033310353194
0.030408004521
0.027627771169
0.025021380961999993
0.022617659153000007
0.020428836584
0.01845402653
0.016682322749
0.015097223213
0.013678367737000001
0.012404048317
0.011252739472
0.010203236861
0.009236670265999999
0.008336228448999998
0.007488417001
0.006682503769999998
0.005911709257
0.005172630244999999
0.004465666778
0.003794085476
0.003163718594
0.0025818929299999994
0.0020561732200000005
0.001593197114
0.001197164761
0.000869638621
0.0006085977930000001
0.000408828425
0.000262621588
0.00016067189
0.00009318006900000001
0.000050991943999999996
0.000026184685000000003
0.000012545325
5.5656250000000015e-6
2.269466e-6
8.418560000000001e-7
2.8069700000000004e-7
8.3464e-8
2.1529999999999998e-8
4.768e-9
9.e-10
1.25e-10
1.7e-11
1.9999999999999996e-12
0.
0.
0.
0.
0.
0.
0.
0.
0.
0.
0.
0.
0.
0.
0.
1.e-12
1.9999999999999996e-12
1.e-12
1.e-12
1.e-12
1.e-12
1.e-12
1.e-12
0.
0.
0.
0.
0.
0.
0.
0.
0.
0.
0.
0.
0.
0.
0.
1.e-12
1.7e-11
1.3e-10
7.45e-10
3.38e-9
1.3234e-8
4.530500000000001e-8
1.37162e-7
3.755840000000001e-7
9.3384e-7
2.139282e-6
4.563341e-6
9.102752e-6
0.000017111009000000004
0.000030469492999999994
0.00005167034
0.000083831584
0.000130679786
0.00019643698099999998
0.000285800258
0.00040377671999999995
0.0005556342279999999
0.000746884489
0.0009834054489999999
0.0012715158979999996
0.001618457345
0.0020325399399999996
0.0025237203289999997
0.003104432336
0.003789855625
0.004598977832999999
0.005555205224000001
0.006687589816999999
0.00803122218
0.009628250131999999
0.011528292628
0.013788188002
0.016472279332
0.019649835125000004
0.023391607850000003
0.027764410828999997
0.032824546297
0.038603923245
0.04509925225000001
0.052255046474000005
0.059947263441
0.06796910748500001
0.076023739093
0.08372540776499998
0.090614779105
0.09619055304200003
0.09995878014800001
0.101492078777
0.10049396669300002
0.09685706928200001
0.090698102226
0.08236405072800002
0.07240295957000002
0.061496606308999995
0.050374927220000004
0.03972202144
0.030092387812000004
0.021858799922000002
0.015192079333
0.010080471661000002
0.006370716314000001
0.0038249338640000004
0.002175707144
0.0011688389690000002
0.000591129205
0.000280343988
0.000124151717
0.000051101290000000004
0.000019437284
6.788583999999999e-6
2.1592040000000005e-6
6.21305e-7
1.5911999999999998e-7
3.602e-8
7.1370000000000005e-9
1.193e-9
1.64e-10
1.9999999999999996e-11
1.e-12
0.
0.
0.
0.