1.
0.980198030089
0.923116508665
0.8352740689459999
0.7261592314640001
0.606552848746
0.4867938415730001
0.375377696674
0.27813160359199995
0.19802037290599997
0.13547866071700002
0.089078003593
0.05629269072999999
0.034196405311999994
0.019972880125000005
0.011218210562
0.006061411034000001
0.0031516632810000005
0.00157768274
0.000760834962
0.000353666365
0.00015860290500000003
0.00006867058900000001
0.000028743129000000005
0.000011645379999999999
4.5739250000000004e-6
1.7455090000000005e-6
6.483140000000001e-7
2.34109e-7
8.2692e-8
2.8729000000000005e-8
9.873e-9
3.3009999999999997e-9
1.0530000000000002e-9
3.46e-10
1.1300000000000001e-10
4.1e-11
1.2999999999999999e-11
1.9999999999999996e-12
1.9999999999999996e-12
0.
0.
0.
0.
0.
0.
0.
0.
0.
0.
0.
0.
0.
0.
0.
0.
0.
0.
0.
0.
0.
0.
0.
0.
0.
0.
0.
0.
0.
0.
0.
0.
0.
0.
0.
0.
0.
0.
0.
0.
0.
0.
0.
0.
0.
0.
0.
0.
0.
1.e-12
1.7e-11
1.8499999999999996e-10
1.3e-9
8.045e-9
4.2912999999999995e-8
2.0213e-7
8.418499999999999e-7
3.1366969999999997e-6
0.000010586104999999999
0.000032622628999999994
0.000092331973
0.00024145443399999997
0.00058633522
0.0013276744329999998
0.0028139092000000004
0.005601024332999999
0.010501404096999999
0.018595025629
0.031171210276999997
0.049576370212
0.074958523978
0.10794247423700001
0.14829926352100004
0.19469538165199998
0.24462490116499996
0.2945812276359999
0.34046541158900007
0.3781714637
0.40422889000000006
0.41634624942100007
0.41374634654599995
0.397219192109
0.3689040914319999
0.33186816301
0.28958550459400006
0.245446019221
0.20236140746599995
0.16253198467600002
0.127366837672
0.09753726548200002
0.073112272868
0.053733424473999994
0.03878703722
0.027547458880000004
0.019284250213000006
0.01332980125
0.009114188285
0.0061752058879999995
0.00415293277
0.0027766195399999997
0.001848403485
0.0012268416249999999
0.000812753554
0.0005378939779999999
0.0003559257
0.00023554020499999998
0.000155921138
0.00010319206499999998
0.000068244917
0.000045049618000000006
0.000029645409999999996
0.000019405908000000005
0.000012613365000000001
8.114872999999999e-6
5.15281e-6
3.215056e-6
1.969586e-6
1.173433e-6
6.79157e-7
3.8021000000000004e-7
2.03914e-7
1.04197e-7
5.0297e-8
2.3050000000000005e-8
9.64e-9
3.7279999999999995e-9
1.3129999999999997e-9
4.0500000000000005e-10
1.1600000000000001e-10
2.9000000000000003e-11
4.999999999999999e-12
1.e-12
0.
0.
0.
0.
0.
0.
0.
0.
0.
0.
0.
0.
0.
0.
0.
0.
0.
0.
1.e-12
1.e-12
1.e-12
1.e-12
1.e-12
1.e-12
0.
0.
0.
0.
0.
0.
0.
0.
0.
0.
0.
0.
0.
0.
0.
1.9999999999999996e-12
2.9000000000000003e-11
3.3799999999999997e-10
2.6089999999999996e-9
1.5804999999999998e-8
7.800499999999999e-8
3.2770000000000006e-7
1.19466e-6
3.8484680000000005e-6
0.000011112888999999998
0.000029093165
0.00006963159400000001
0.00015368984899999998
0.00031478809000000006
0.0006019249129999999
0.001080195624
0.0018274724449999994
0.0029268933529999997
0.004454451049
0.006464293573
0.008973996125
0.011953576624999998
0.015321543457999999
0.018948383716
0.022670230756999993
0.026304892617999995
0.029675339281
0.03262617593
0.035039697373
0.036844263378
0.038016155137999996
0.038573724020000005
0.038571125772999995
0.038085537365000005
0.037207269249999994
0.03603081386899999
0.034644950079999993
0.03312955567300001
0.03155222138
0.029965071097999996
0.02840753317
0.026905940338
0.025475172545
0.024121866114
0.022843531145000002
0.021632873476
0.02047774697
0.019363435983999998
0.018273009716999997
0.017189782004
0.016097626834000005
0.014982625250000003
0.013835200714000002
0.012649966061
0.011428697384000002
0.010179254056
0.008916982385000003
0.0076634295400000016
0.0064446467240000015
0.005288767469000002
0.004223647825
0.003272766696
0.002453036146
0.0017728341650000005
0.0012312367300000003
0.000818811172
0.000519418373
0.0003130172419999999
0.00017840516899999997
0.00009568666900000002
0.00004803396100000001
0.000022421165000000006
9.667489e-6
3.81476e-6
1.3654090000000001e-6
4.3837600000000003e-7
1.24181e-7
3.0661e-8
6.416e-9
1.114e-9
1.5300000000000001e-10
1.7e-11
1.9999999999999996e-12
0.
0.
0.
0.
0.
0.
0.
0.
0.
0.
0.
0.
0.
0.
1.e-12
1.e-12
1.9999999999999996e-12
1.9999999999999996e-12
1.9999999999999996e-12
1.9999999999999996e-12
1.9999999999999996e-12
1.9999999999999996e-12
0.
0.
0.
0.
0.
0.
0.
0.
0.
0.
0.
0.
0.
0.
0.
0.
1.e-12
9.000000000000001e-12
4.9999999999999995e-11
2.5700000000000004e-10
1.157e-9
4.357e-9
1.4481e-8
4.2754e-8
1.12996e-7
2.744729999999999e-7
6.14545e-7
1.2818770000000002e-6
2.5066399999999997e-6
4.637523999999999e-6
8.162402e-6
0.000013738312999999999
0.000022236545
0.00003476209
0.00005272111399999999
0.000077873617
0.00011246165199999998
0.00015926068099999998
0.00022191499700000003
0.00030505685300000006
0.00041474522499999997
0.000559018081
0.0007484353700000002
0.0009969828729999998
0.0013233174760000001
0.0017521762050000005
0.002316302018
0.0030587857249999998
0.004036100557
0.005321344293000001
0.007008589501
0.009215756050000001
0.012089860840000001
0.015807750985
0.020576824217
0.026630156025999996
0.03421584862900001
0.043577281745
0.0549231922
0.06838656997
0.08397289421000001
0.10150504004000001
0.12056806012899997
0.14047311332200005
0.160249729384
0.17868032876500003
0.19438872852999997
0.205983132017
0.212237076377
0.21227854383700004
0.205762928717
0.19296588454900002
0.17479421726499997
0.1526791082
0.128381804077
0.103739844301
0.08041424515999998
0.059684805041
0.042333936265999995
0.028636608660999995
0.018433211593
0.011264182188999997
0.006518020121
0.0035612921480000005
0.0018315274400000003
0.0008835607939999999
0.00039827661199999987
0.00016698648099999997
0.00006480988900000001
0.000023140037
7.547941e-6
2.2334019999999997e-6
5.921140000000002e-7
1.3960400000000004e-7
2.8741e-8
5.108e-9
7.45e-10
1.0100000000000003e-10
1.e-11
1.e-12
0.
0.
0.
0.
0.
0.
0.
0.
0.
0.
0.
0.
0.
0.
0.
0.
0.
0.
0.
0.
0.
0.
0.
0.
0.
0.
0.
0.
0.
0.
0.
0.
0.
0.
0.
0.
0.
0.
0.
0.
0.
0.
1.e-12
1.9999999999999996e-12
4.999999999999999e-12
7.999999999999998e-12
3.199999999999999e-11
7.399999999999999e-11
1.7e-10
4.0500000000000005e-10
9.280000000000001e-10
2.02e-9
4.6659999999999986e-9
1.0332999999999999e-8
2.2765e-8
5.0249e-8
1.0984499999999998e-7
2.397140000000001e-7
5.17949e-7
1.1190099999999996e-6
2.3962250000000005e-6
5.0934080000000004e-6
0.000010722483999999999
0.000022333384
0.00004594952
0.00009318126800000001
0.00018594061700000003
0.0003645823050000001
0.0007010539450000001
0.0013201296769999996
0.0024304018730000004
0.004368250484000001
0.007654176216999999
0.01305907037
0.021667850345
0.034925469346
0.054632308648
0.08285910760399999
0.12174164269
0.173147370408
0.238208790609
0.316798781077
0.407036175488
0.50497107284
0.604592579389
0.6982543531850001
0.7775475082400002
0.834483751048
0.8628041523239999
0.8590951947330001
0.8234605994759999
0.759550491185
0.6739460551850001
0.575029592937
0.47162436803199986
0.3716907206049999
0.28137556857999996
0.20452437422500003
0.14268800077299998
0.095508458701
0.061309623701
0.037728463205
0.022247229106
0.012564897397
0.006793995705999999
0.003515425385
0.001739909621
0.0008233661000000001
0.0003723356250000001
0.00016084620499999996
0.00006635304399999998
0.000026134848
9.817273e-6
3.5194420000000004e-6
1.203345e-6
3.92913e-7
1.21865e-7
3.5961999999999995e-8
1.0309e-8
2.72e-9
6.970000000000001e-10
1.8499999999999996e-10
3.7e-11
9.000000000000001e-12
1.e-12
1.e-12
0.
0.
0.
0.
0.
0.
0.
0.
0.
0.
0.
0.
0.
0.
0.
0.
0.
0.
0.
0.
0.
0.
0.
0.
0.
0.
0.
0.
0.
0.
0.
0.
0.
0.
0.
0.
0.
0.
0.
0.
0.
0.
0.
0.
0.
0.
0.
0.
1.e-12
4.999999999999999e-12
2.4999999999999994e-11
1.2799999999999997e-10
6.970000000000001e-10
3.49e-9
1.585e-8
6.590800000000001e-8
2.5234099999999997e-7
8.954919999999999e-7
2.9570020000000007e-6
9.086652999999999e-6
0.000026148991999999998
0.00007053884499999999
0.00017889604900000002
0.000427556324
0.000964981125
0.002060712576
0.004170912771999999
0.008015277860000001
0.014646161525
0.025483734757
0.0422788756
0.066963811954
0.10137377752900001
0.146844409769
0.20374663498599999
0.271056963953
0.34608405163700007
0.4244764645609999
0.5005733227689999
0.5680702709640001
0.6209084764039999
0.6542012982600001
0.66499640896
0.652703682088
0.6191139456489999
0.56800738345
0.504482203501
0.434142554477
0.36233620881300005
0.293557841684
0.23110044325300003
0.176959193828
0.13193599402400003
0.09588348745000003
0.067999273025
0.047114213042
0.031930592189
0.021194029378000002
0.013794790045
0.008816521906
0.005539945057000001
0.0034272673569999998
0.00209009554
0.0012581924420000002
0.0007485962850000001
0.00044069502100000003
0.000257030257
0.000148643533
0.0000853289
0.000048633043999999994
0.000027544577000000008
0.000015507900999999997
8.678434e-6
4.823956000000001e-6
2.661581e-6
1.455829e-6
7.887079999999999e-7
4.2154899999999993e-7
2.2235599999999996e-7
1.1553800000000001e-7
5.8682e-8
2.8928000000000003e-8
1.385e-8
6.424999999999999e-9
2.837e-9
1.213e-9
4.85e-10
1.64e-10
6.100000000000001e-11
1.7999999999999996e-11
4.999999999999999e-12
1.9999999999999996e-12
0.
0.
0.
0.
0.
0.
0.
0.
0.
0.
0.
0.
0.
0.
0.
0.
0.
0.
0.
0.
0.
0.
0.
0.
0.
0.
0.
0.
0.
0.
0.
0.
0.
0.
0.
0.
0.
0.
0.
0.
4.e-12
2.9000000000000003e-11
3.060000000000001e-10
2.0250000000000003e-9
1.1765e-8
5.8224999999999994e-8
2.48597e-7
9.386920000000001e-7
3.1675779999999998e-6
9.659812000000001e-6
0.000026858525000000002
0.00006864858400000001
0.000162342149
0.000357248897
0.000735238985
0.001421411165
0.0025918152170000004
0.004473147442
0.0073303896640000005
0.011440459764
0.017049835994000003
0.024325558804999994
0.033303391924
0.043849795445
0.055642438345
0.06818376680999998
0.08084071034500001
0.092910136729
0.10369610140500002
0.112587638386
0.11912292028899998
0.123026777941
0.12422760412499999
0.12284224768799999
0.11914327902800001
0.11351452744900004
0.10639895093
0.09825654591699999
0.08952117361300002
0.08057676677299999
0.07174000167700001
0.063255514913
0.055295970346
0.04797011432000001
0.041334243156000004
0.03540216114
0.030156272896999996
0.025559202565
0.021559583205000007
0.018100363449999997
0.015122742533
0.012569734645
0.010388115655999999
0.008529755636000003
0.006951703453
0.00561709012
0.0044933651459999994
0.003552765985
0.0027716292359999998
0.002129084986
0.0016069823810000003
0.0011887749970000002
0.0008598080659999999
0.0006062990179999999
0.00041557758099999994
0.00027601059999999997